1.13405	1.13405	0.09
1.13402	1.13402	-0.26
1.13409	1.13409	0.05
1.13402	1.13402	-0.21
1.13402	1.13402	-0.19
1.13405	1.13405	0.15
1.13401	1.13401	-0.14
1.13398	1.13398	0.02
1.13396	1.13396	-0.43
1.13402	1.13402	0.01
1.13398	1.13398	-0.03
1.13397	1.13397	-0.34
1.13397	1.13397	-0.09
1.13402	1.13402	0.31
1.13404	1.13404	0.17
1.13402	1.13402	0.11
1.13397	1.13397	0.05
1.13398	1.13398	-0.34
1.134	1.134	0.37
1.13397	1.13397	0.12
1.13393	1.13393	-0.26
1.13399	1.13399	0.19
1.13396	1.13396	-0.05
1.13392	1.13392	0.06
1.13386	1.13386	-0.19
1.13392	1.13392	-0.1
1.13395	1.13395	0.19
1.13389	1.13389	-0.06
1.13386	1.13386	-0.09
1.13395	1.13395	0.06
1.13391	1.13391	-0.15
1.13391	1.13391	0.13
1.13391	1.13391	0.1
1.13385	1.13385	-0.24
1.13389	1.13389	-0.01
1.13385	1.13385	-0.42
1.13392	1.13392	0.2
1.13394	1.13394	0.19
1.13389	1.13389	-0.01
1.13392	1.13392	0.21
1.1339	1.1339	0.06
1.13389	1.13389	-0.25
1.13387	1.13387	-0.18
1.13389	1.13389	0.02
1.13391	1.13391	0.21
1.13384	1.13384	-0.46
1.13385	1.13385	-0.28
1.13388	1.13388	-0.18
1.13392	1.13392	0.34
1.13386	1.13386	-0.1
1.13389	1.13389	-0.13
1.13394	1.13394	0.23
1.13388	1.13388	0.2
1.13389	1.13389	-0.07
1.13387	1.13387	-0.37
1.13399	1.13399	-0.06
1.134	1.134	0.01
1.13387	1.13387	0.07
1.1338	1.1338	-0.04
1.13375	1.13375	-0.06
1.13388	1.13388	0.24
1.13395	1.13395	0.29
1.13406	1.13406	0.48
1.13405	1.13405	-0.05
1.13408	1.13408	0.14
1.13393	1.13393	-0.13
1.13383	1.13383	-0.11
1.13372	1.13372	-0.49
1.13374	1.13374	0.49
1.13384	1.13384	0.15
1.13402	1.13402	0.05
1.13406	1.13406	0.22
1.134	1.134	-0.33
1.13385	1.13385	-0.27
1.13385	1.13385	0.07
1.13388	1.13388	-0.14
1.13385	1.13385	0.02
1.13477	1.13477	2
1.13466	1.13466	0.38
1.13408	1.13408	-0.88
1.13356	1.13356	-1.16
1.13308	1.13308	-0.7
1.13334	1.13334	0.03
1.13354	1.13354	1.29
1.134	1.134	1.21
1.13443	1.13443	1.02
1.1347	1.1347	0.17
1.13457	1.13457	-0.83
1.13428	1.13428	-0.91
1.13375	1.13375	-1.29
1.13351	1.13351	-0.55
1.13346	1.13346	-0.07
1.13356	1.13356	0.46
1.13375	1.13375	0.62
1.13399	1.13399	-0.07
1.1341	1.1341	0.12
1.13404	1.13404	-0.09
1.13391	1.13391	-0.4
1.13388	1.13388	-0.36
1.13387	1.13387	-0.15
1.134	1.134	0.47
1.13405	1.13405	-0.1
1.13409	1.13409	0.11
1.13404	1.13404	0.34
1.13389	1.13389	-0.39
1.1338	1.1338	0.19
1.13368	1.13368	-0.13
1.13362	1.13362	-0.38
1.13378	1.13378	0.38
1.13394	1.13394	0.57
1.13408	1.13408	0.04
1.13415	1.13415	-0.01
1.13416	1.13416	-0.07
1.13398	1.13398	-0.14
1.13384	1.13384	-0.34
1.13388	1.13388	-0.01
1.13385	1.13385	0.1
1.13379	1.13379	-0.23
1.13387	1.13387	-0.19
1.13394	1.13394	0.21
1.13393	1.13393	0.36
1.13393	1.13393	-0.22
1.13394	1.13394	0.14
1.1339	1.1339	0.34
1.13389	1.13389	0.04
1.13403	1.13403	0.2
1.13403	1.13403	0.02
1.13399	1.13399	-0.06
1.13395	1.13395	-0.35
1.13393	1.13393	0.22
1.1338	1.1338	0.17
1.13378	1.13378	-0.37
1.13386	1.13386	0.18
1.13386	1.13386	0.14
1.13389	1.13389	-0.22
1.13394	1.13394	-0.23
1.13394	1.13394	0.06
1.13393	1.13393	0.17
1.13388	1.13388	-0.52
1.13395	1.13395	0.33
1.13386	1.13386	-0.21
1.13395	1.13395	0.06
1.13391	1.13391	-0.02
1.13389	1.13389	0.17
1.13382	1.13382	-0.11
1.13387	1.13387	0.05
1.13385	1.13385	0.09
1.13388	1.13388	0.04
1.13393	1.13393	-0.26
1.13391	1.13391	-0.12
1.13398	1.13398	0.12
1.13386	1.13386	-0.3
1.13391	1.13391	-0.01
1.13388	1.13388	-0.25
1.13391	1.13391	0.5
1.13385	1.13385	-0.13
1.13384	1.13384	-0.05
1.1339	1.1339	0.46
1.13385	1.13385	0.06
1.13392	1.13392	0.13
1.13389	1.13389	0.32
1.13388	1.13388	-0.01
1.13388	1.13388	-0.03
1.1339	1.1339	-0.18
1.13389	1.13389	-0.02
1.13381	1.13381	-0.32
1.13389	1.13389	-0.11
1.13386	1.13386	0.17
1.1338	1.1338	-0.15
1.13384	1.13384	-0
1.13387	1.13387	-0.13
1.13389	1.13389	0.17
1.13387	1.13387	-0.14
1.13385	1.13385	0.07
1.13385	1.13385	-0.45
1.1339	1.1339	0.27
1.13379	1.13379	-0.39
1.13388	1.13388	0
1.13389	1.13389	0.3
1.13379	1.13379	-0.38
1.13379	1.13379	-0.38
1.13382	1.13382	-0.06
1.13388	1.13388	0.55
1.13386	1.13386	0.14
1.13382	1.13382	-0.33
1.13382	1.13382	-0.08
1.13383	1.13383	-0.16
1.13382	1.13382	-0.3
1.13383	1.13383	-0.06
1.13386	1.13386	0.24
1.13383	1.13383	-0.18
1.13387	1.13387	-0
1.13383	1.13383	0.01
1.13384	1.13384	-0.04
1.13385	1.13385	-0.21
1.13379	1.13379	-0.02
1.13374	1.13374	-0.32
1.13379	1.13379	-0.02
1.13383	1.13383	0
1.13383	1.13383	0.23
1.13386	1.13386	-0.15
1.13394	1.13394	0.21
1.13385	1.13385	0.13
1.13381	1.13381	-0.43
1.13378	1.13378	-0.01
1.1337	1.1337	-0.04
1.13367	1.13367	-0.02
1.13374	1.13374	0.03
1.13378	1.13378	0.39
1.13375	1.13375	-0.14
1.13382	1.13382	0.01
1.13383	1.13383	0.5
1.13379	1.13379	0
1.13387	1.13387	0.18
1.13385	1.13385	-0.07
1.13383	1.13383	0.09
1.13374	1.13374	-0.32
1.13377	1.13377	-0.01
1.13372	1.13372	0.12
1.13369	1.13369	-0.33
1.13378	1.13378	0.32
1.13387	1.13387	0.14
1.13379	1.13379	-0.1
1.13379	1.13379	-0.31
1.13383	1.13383	-0.2
1.13377	1.13377	0.17
1.13375	1.13375	-0.34
1.13385	1.13385	0.21
1.13381	1.13381	0.16
1.13384	1.13384	-0.2
1.13382	1.13382	-0.14
1.13383	1.13383	0.36
1.13375	1.13375	-0.53
1.13382	1.13382	-0.08
1.13386	1.13386	0.37
1.13388	1.13388	-0.13
1.13388	1.13388	-0.02
1.13387	1.13387	-0.19
1.13378	1.13378	0.08
1.13376	1.13376	-0.18
1.13374	1.13374	-0.03
1.13379	1.13379	0.11
1.13382	1.13382	-0.01
1.13388	1.13388	0.35
1.13386	1.13386	0.17
1.13381	1.13381	-0.35
1.13387	1.13387	-0.33
1.13382	1.13382	-0.13
1.13378	1.13378	-0.2
1.13385	1.13385	0.06
1.13385	1.13385	0.5
1.13377	1.13377	-0.34
1.13382	1.13382	-0.36
1.13399	1.13399	0.43
1.13397	1.13397	0.13
1.13397	1.13397	-0.4
1.13389	1.13389	-0.55
1.13367	1.13367	-0.21
1.13358	1.13358	-0.29
1.13381	1.13381	0.68
1.13411	1.13411	0.49
1.13428	1.13428	0.37
1.13425	1.13425	-0.52
1.13394	1.13394	-0.6
1.13357	1.13357	-0.6
1.13347	1.13347	0.07
1.13364	1.13364	0.91
1.13404	1.13404	0.92
1.13448	1.13448	0.71
1.13436	1.13436	-0.39
1.13388	1.13388	-0.7
1.13341	1.13341	-1.35
1.13303	1.13303	-0.46
1.13302	1.13302	0.32
1.1333	1.1333	0.17
1.13371	1.13371	0.97
1.1344	1.1344	0.86
1.13463	1.13463	0.12
1.13434	1.13434	-0.86
1.13404	1.13404	-0.41
1.1337	1.1337	-0.77
1.13344	1.13344	-0.66
1.13362	1.13362	0.63
1.13377	1.13377	0.27
1.13382	1.13382	0.04
1.13389	1.13389	0.26
1.13388	1.13388	-0.21
1.13378	1.13378	-0.21
1.13394	1.13394	0.15
1.13402	1.13402	0.28
1.13391	1.13391	-0.12
1.13399	1.13399	-0.09
1.13383	1.13383	-0.36
1.13365	1.13365	-0.34
1.13362	1.13362	-0.35
1.13354	1.13354	-0.55
1.13361	1.13361	0.28
1.13389	1.13389	0.67
1.13416	1.13416	0.17
1.13422	1.13422	0.33
1.13413	1.13413	-0.28
1.13392	1.13392	0.03
1.13372	1.13372	-0.73
1.13377	1.13377	0.13
1.1339	1.1339	0.3
1.13396	1.13396	0.15
1.13369	1.13369	-0.17
1.13385	1.13385	-0.33
1.13374	1.13374	-0.22
1.13357	1.13357	0.07
1.13373	1.13373	0.03
1.1338	1.1338	-0.03
1.13389	1.13389	0.05
1.13407	1.13407	0.37
1.13406	1.13406	-0.23
1.13387	1.13387	-0.21
1.13383	1.13383	0.04
1.13371	1.13371	-0.3
1.13376	1.13376	0.21
1.1337	1.1337	-0.25
1.13374	1.13374	-0.25
1.1338	1.1338	0.24
1.13379	1.13379	0.07
1.13382	1.13382	-0.12
1.1338	1.1338	-0.18
1.13381	1.13381	0.32
1.13376	1.13376	-0.25
1.13389	1.13389	0.36
1.1339	1.1339	0.17
1.13386	1.13386	-0.39
1.1338	1.1338	-0.36
1.13372	1.13372	-0.13
1.1337	1.1337	0.34
1.1337	1.1337	0.04
1.13379	1.13379	0.28
1.1338	1.1338	0.25
1.13386	1.13386	0.07
1.13388	1.13388	0.2
1.13385	1.13385	0.11
1.13376	1.13376	-0.13
1.13377	1.13377	0.05
1.13368	1.13368	0.1
1.1337	1.1337	0.19
1.13372	1.13372	-0.05
1.13376	1.13376	0.17
1.1337	1.1337	-0.19
1.13383	1.13383	0.36
1.13372	1.13372	0.09
1.13376	1.13376	-0.04
1.13375	1.13375	-0.21
1.13376	1.13376	-0.05
1.13375	1.13375	0.06
1.13373	1.13373	-0.23
1.1337	1.1337	-0.23
1.13369	1.13369	0.09
1.13363	1.13363	-0.5
1.13367	1.13367	0.13
1.1337	1.1337	0.2
1.1337	1.1337	-0.15
1.13379	1.13379	0.01
1.13372	1.13372	-0.02
1.13374	1.13374	-0.03
1.13376	1.13376	0.19
1.13372	1.13372	0.07
1.13364	1.13364	-0.46
1.13368	1.13368	0.02
1.13373	1.13373	0.45
1.1337	1.1337	0.03
1.13371	1.13371	-0.11
1.13376	1.13376	-0.01
1.13367	1.13367	-0.23
1.13372	1.13372	-0.04
1.13378	1.13378	0.09
1.13372	1.13372	-0.15
1.13369	1.13369	-0.22
1.13373	1.13373	-0.39
1.13363	1.13363	-0.02
1.13368	1.13368	-0.25
1.13368	1.13368	-0.29
1.13368	1.13368	-0.02
1.13372	1.13372	0.21
1.13368	1.13368	-0.3
1.13376	1.13376	0.23
1.13373	1.13373	0.3
1.13374	1.13374	0.07
1.13393	1.13393	0.5
1.13371	1.13371	-0.19
1.13366	1.13366	-0.04
1.13392	1.13392	0.29
1.13391	1.13391	-0.2
1.13383	1.13383	-0.28
1.1338	1.1338	0.25
1.13377	1.13377	-0.09
1.13357	1.13357	-0.58
1.13348	1.13348	-0.11
1.13371	1.13371	0.42
1.13373	1.13373	-0.02
1.13373	1.13373	0.12
1.134	1.134	0.64
1.13379	1.13379	-0.8
1.13375	1.13375	-0.15
1.13371	1.13371	0.19
1.13371	1.13371	-0.12
1.13371	1.13371	0.22
1.13378	1.13378	0.38
1.13372	1.13372	0.11
1.13379	1.13379	0.26
1.1337	1.1337	0.16
1.13378	1.13378	0.25
1.13391	1.13391	0.18
1.13379	1.13379	-0.28
1.13372	1.13372	-0.08
1.13374	1.13374	-0.35
1.13374	1.13374	-0.08
1.13379	1.13379	0.12
1.13378	1.13378	-0.31
1.13375	1.13375	-0.02
1.13377	1.13377	-0.08
1.13378	1.13378	-0.1
1.13395	1.13395	0.06
1.13405	1.13405	0.26
1.13401	1.13401	0.06
1.13404	1.13404	-0.11
1.13418	1.13418	0.29
1.13412	1.13412	0.29
1.13411	1.13411	-0.35
1.13401	1.13401	0.07
1.13378	1.13378	-0.28
1.13363	1.13363	-0.33
1.13362	1.13362	-0.07
1.13366	1.13366	0.04
1.1338	1.1338	0.34
1.13374	1.13374	0.04
1.13373	1.13373	0.15
1.13362	1.13362	-0.07
1.13359	1.13359	0.02
1.13359	1.13359	-0.11
1.13356	1.13356	0.12
1.13353	1.13353	-0.17
1.13352	1.13352	0.36
1.13344	1.13344	-0.07
1.1335	1.1335	0.13
1.13346	1.13346	0.29
1.13342	1.13342	0.2
1.13344	1.13344	0.12
1.13338	1.13338	-0.05
1.13337	1.13337	-0.23
1.13335	1.13335	0.26
1.13327	1.13327	-0.14
1.13332	1.13332	0.22
1.13324	1.13324	-0.06
1.13329	1.13329	-0.16
1.13327	1.13327	0.03
1.13322	1.13322	0.38
1.1332	1.1332	-0.22
1.13312	1.13312	0.05
1.13306	1.13306	-0.03
1.1331	1.1331	0.14
1.13298	1.13298	-0.25
1.13304	1.13304	0.08
1.13302	1.13302	-0.06
1.1331	1.1331	0.09
1.13312	1.13312	0.1
1.13301	1.13301	-0.25
1.13301	1.13301	-0.35
1.133	1.133	0.14
1.13292	1.13292	0.02
1.133	1.133	-0.02
1.13307	1.13307	0.23
1.13302	1.13302	0.16
1.13298	1.13298	-0.1
1.13294	1.13294	-0.21
1.13287	1.13287	-0.21
1.13285	1.13285	-0.05
1.13283	1.13283	0.11
1.13273	1.13273	-0.42
1.13267	1.13267	-0.28
1.1326	1.1326	0.17
1.13243	1.13243	-0.2
1.13234	1.13234	-0.21
1.13225	1.13225	-0.06
1.13213	1.13213	-0.35
1.13208	1.13208	-0.3
1.13193	1.13193	-0.37
1.13184	1.13184	0.02
1.13165	1.13165	-0.26
1.13152	1.13152	0.03
1.13135	1.13135	-0.14
1.13128	1.13128	-0.28
1.13115	1.13115	-0.17
1.131	1.131	-0.33
1.13085	1.13085	-0.34
1.1307	1.1307	-0.13
1.13054	1.13054	-0.27
1.13033	1.13033	-0.14
1.13012	1.13012	-0.2
1.12996	1.12996	-0.49
1.12981	1.12981	-0.33
1.12957	1.12957	-0.2
1.12936	1.12936	-0.51
1.12914	1.12914	-0.54
1.129	1.129	-0.21
1.12885	1.12885	-0.38
1.12865	1.12865	-0.01
1.12844	1.12844	-0.28
1.1282	1.1282	-0.3
1.12796	1.12796	-0.62
1.12774	1.12774	-0.61
1.12752	1.12752	-0.38
1.12729	1.12729	-0.38
1.12703	1.12703	-0.16
1.12676	1.12676	-0.11
1.12655	1.12655	-0.14
1.1263	1.1263	-0.63
1.12611	1.12611	-0.49
1.12593	1.12593	-0.27
1.12569	1.12569	-0.27
1.12545	1.12545	-0.57
1.12521	1.12521	-0.13
1.12494	1.12494	-0.56
1.12469	1.12469	-0.53
1.12456	1.12456	-0.15
1.12443	1.12443	-0.13
1.12434	1.12434	-0.2
1.12435	1.12435	0.11
1.12437	1.12437	0.07
1.12439	1.12439	0.01
1.1244	1.1244	-0.32
1.12444	1.12444	-0.04
1.12438	1.12438	-0.03
1.12418	1.12418	-0.37
1.12408	1.12408	-0.06
1.12402	1.12402	-0.18
1.12396	1.12396	-0.21
1.12404	1.12404	0.17
1.124	1.124	0.13
1.12407	1.12407	0.09
1.12405	1.12405	-0.18
1.12396	1.12396	-0.11
1.12394	1.12394	-0.04
1.1239	1.1239	0.1
1.12401	1.12401	0.48
1.12408	1.12408	0.06
1.12422	1.12422	0.28
1.12427	1.12427	-0.16
1.12431	1.12431	-0
1.1245	1.1245	0.14
1.12468	1.12468	0.29
1.12502	1.12502	1.08
1.1253	1.1253	0.43
1.12552	1.12552	0.51
1.12591	1.12591	0.5
1.126	1.126	0.43
1.12625	1.12625	0.3
1.1266	1.1266	0.38
1.12687	1.12687	0.64
1.12727	1.12727	0.76
1.12749	1.12749	0.55
1.12771	1.12771	0.7
1.12799	1.12799	0.58
1.12824	1.12824	0.67
1.12857	1.12857	0.44
1.12882	1.12882	0.29
1.12913	1.12913	0.56
1.12944	1.12944	0.69
1.1297	1.1297	0.54
1.13005	1.13005	0.77
1.1305	1.1305	0.31
1.1308	1.1308	0.67
1.13109	1.13109	0.31
1.13133	1.13133	0.24
1.13153	1.13153	0.46
1.13187	1.13187	0.72
1.13211	1.13211	0.52
1.13248	1.13248	0.89
1.13303	1.13303	0.75
1.13336	1.13336	1
1.1337	1.1337	0.59
1.13403	1.13403	0.33
1.13421	1.13421	0.2
1.1346	1.1346	0.45
1.13484	1.13484	0.55
1.13516	1.13516	0.75
1.13559	1.13559	0.37
1.13589	1.13589	0.54
1.13622	1.13622	0.43
1.1366	1.1366	0.49
1.13704	1.13704	0.67
1.1373	1.1373	0.61
1.13757	1.13757	0.54
1.13784	1.13784	0.47
1.13813	1.13813	0.49
1.13839	1.13839	0.4
1.13854	1.13854	0.3
1.1388	1.1388	0.71
1.13906	1.13906	0.36
1.13936	1.13936	0.17
1.13971	1.13971	0.82
1.13981	1.13981	-0.07
1.13979	1.13979	0.09
1.13976	1.13976	-0.03
1.13948	1.13948	-0.48
1.1394	1.1394	0.13
1.13961	1.13961	-0.11
1.13944	1.13944	-0.36
1.13959	1.13959	0.2
1.13949	1.13949	-0.62
1.13918	1.13918	-0.07
1.13913	1.13913	-0.46
1.1389	1.1389	-0.57
1.13892	1.13892	0.32
1.13897	1.13897	-0.15
1.13875	1.13875	-0.72
1.13874	1.13874	0.27
1.13849	1.13849	-0.94
1.1383	1.1383	-0.22
1.13826	1.13826	-0.13
1.13806	1.13806	-0.31
1.13805	1.13805	0.14
1.13779	1.13779	-0.57
1.13761	1.13761	0.05
1.13748	1.13748	-0.36
1.13719	1.13719	-0.69
1.13711	1.13711	-0.09
1.13671	1.13671	-0.63
1.13648	1.13648	-0.14
1.13642	1.13642	-0.01
1.1362	1.1362	0.01
1.13609	1.13609	0.1
1.13604	1.13604	-0.17
1.13581	1.13581	-0.41
1.13574	1.13574	-0.34
1.13553	1.13553	-0.35
1.13552	1.13552	0.32
1.13532	1.13532	-0.63
1.13527	1.13527	-0.15
1.1351	1.1351	-0.42
1.13508	1.13508	-0.3
1.13499	1.13499	-0.39
1.13468	1.13468	-0.25
1.13446	1.13446	-0.66
1.13421	1.13421	-0.57
1.13415	1.13415	0.02
1.13399	1.13399	-0.46
1.13367	1.13367	-0.89
1.13342	1.13342	-0.5
1.13314	1.13314	-0.61
1.13268	1.13268	-0.17
1.13243	1.13243	-0.61
1.13215	1.13215	-0.4
1.13208	1.13208	-0.12
1.1321	1.1321	-0.04
1.13209	1.13209	0.21
1.13215	1.13215	0.12
1.13205	1.13205	-0.56
1.13165	1.13165	-0.38
1.13138	1.13138	-0.71
1.13106	1.13106	-0.57
1.1308	1.1308	-0.39
1.13054	1.13054	-0.54
1.13042	1.13042	-0.09
1.13031	1.13031	-0.3
1.13037	1.13037	0.16
1.13032	1.13032	0.07
1.13031	1.13031	-0.34
1.13009	1.13009	-0.76
1.12986	1.12986	-0.55
1.12931	1.12931	-0.83
1.12873	1.12873	-1.3
1.12817	1.12817	-1.02
1.12795	1.12795	-0.01
1.12787	1.12787	0.29
1.1281	1.1281	0.78
1.12833	1.12833	0.28
1.12836	1.12836	0.04
1.1283	1.1283	-0.48
1.12803	1.12803	-0.82
1.12736	1.12736	-1.09
1.12672	1.12672	-0.96
1.12609	1.12609	-0.87
1.12585	1.12585	0.03
1.12592	1.12592	0.3
1.12599	1.12599	-0.2
1.1262	1.1262	0.61
1.12628	1.12628	0
1.1263	1.1263	-0.2
1.12635	1.12635	0.23
1.12592	1.12592	-0.85
1.12577	1.12577	-0.23
1.1259	1.1259	0.11
1.12575	1.12575	-0.17
1.12579	1.12579	0.27
1.12624	1.12624	0.68
1.12606	1.12606	-0.74
1.12629	1.12629	0.69
1.12714	1.12714	1.57
1.12674	1.12674	-1.02
1.12646	1.12646	-0.64
1.1268	1.1268	0.15
1.12635	1.12635	-1.19
1.12591	1.12591	-0.04
1.12636	1.12636	1.13
1.12644	1.12644	-0.47
1.12671	1.12671	1.28
1.12692	1.12692	0.62
1.12652	1.12652	-0.77
1.12653	1.12653	-0.08
1.12658	1.12658	0.24
1.12626	1.12626	-0.71
1.12638	1.12638	0.52
1.12659	1.12659	0.29
1.12659	1.12659	0.2
1.1268	1.1268	0.3
1.12673	1.12673	0.01
1.12655	1.12655	-0.5
1.12648	1.12648	-0.32
1.12618	1.12618	-0.5
1.1257	1.1257	-0.94
1.12534	1.12534	-0.32
1.12515	1.12515	-0.46
1.12488	1.12488	-0.31
1.12487	1.12487	0.1
1.12512	1.12512	0.18
1.12522	1.12522	-0.17
1.12509	1.12509	-0.47
1.12527	1.12527	0.24
1.12512	1.12512	-0.86
1.12475	1.12475	-0.23
1.12485	1.12485	0.51
1.12449	1.12449	-0.73
1.12439	1.12439	-0.34
1.12459	1.12459	0.17
1.12453	1.12453	-0.59
1.12428	1.12428	-0.1
1.12455	1.12455	0.33
1.12497	1.12497	-0.13
1.12529	1.12529	1.76
1.12548	1.12548	-0.24
1.12494	1.12494	-1.54
1.12481	1.12481	-0.7
1.12439	1.12439	-0.49
1.12363	1.12363	-1.14
1.12355	1.12355	0.45
1.12386	1.12386	0.19
1.12386	1.12386	0.26
1.12435	1.12435	1.52
1.12458	1.12458	-0.49
1.12429	1.12429	-0.11
1.12385	1.12385	-0.67
1.1234	1.1234	-0.99
1.12288	1.12288	-0.7
1.12251	1.12251	-0.35
1.12263	1.12263	0.01
1.12285	1.12285	0.7
1.12327	1.12327	0.65
1.12376	1.12376	1.42
1.124	1.124	0.22
1.12426	1.12426	0.13
1.12409	1.12409	-0.32
1.12391	1.12391	-0.12
1.12413	1.12413	0.52
1.12444	1.12444	0.82
1.12499	1.12499	1.5
1.12568	1.12568	1.54
1.12665	1.12665	1.95
1.12763	1.12763	2.03
1.12881	1.12881	2.1
1.13016	1.13016	1.96
1.13074	1.13074	1.4
1.13121	1.13121	0.73
1.13161	1.13161	0.99
1.13214	1.13214	1.07
1.13257	1.13257	0.75
1.13345	1.13345	2.3
1.13462	1.13462	2.24
1.13601	1.13601	2.06
1.13724	1.13724	2.57
1.13835	1.13835	1.73
1.13885	1.13885	0.7
1.13919	1.13919	0.66
1.13938	1.13938	0.57
1.13973	1.13973	1.06
1.1408	1.1408	2.25
1.14206	1.14206	1.94
1.14264	1.14264	1.07
1.14356	1.14356	1.43
1.1442	1.1442	1.24
1.14471	1.14471	1.32
1.1454	1.1454	1.68
1.14625	1.14625	1.5
1.14692	1.14692	1.09
1.14789	1.14789	1.51
1.14889	1.14889	1.88
1.14974	1.14974	1.74
1.15022	1.15022	0.54
1.15082	1.15082	1.26
1.15138	1.15138	0.82
1.15189	1.15189	1.23
1.15256	1.15256	1.49
1.15338	1.15338	0.65
1.15371	1.15371	0.41
1.15397	1.15397	0.29
1.15391	1.15391	-0.52
1.15393	1.15393	0.33
1.15401	1.15401	0.2
1.15406	1.15406	0
1.1545	1.1545	1.11
1.15505	1.15505	0.48
1.15504	1.15504	-0.01
1.15518	1.15518	0.45
1.15494	1.15494	-0.91
1.15433	1.15433	-0.98
1.15411	1.15411	-0.53
1.15384	1.15384	-0.91
1.15359	1.15359	-0.25
1.15372	1.15372	-0.13
1.15364	1.15364	-0.37
1.15327	1.15327	-0.65
1.15313	1.15313	-0.09
1.15274	1.15274	-0.74
1.15238	1.15238	-0.17
1.1523	1.1523	0.06
1.15201	1.15201	-0.7
1.15154	1.15154	-0.09
1.15145	1.15145	-0.26
1.1513	1.1513	-0.45
1.15102	1.15102	-0.54
1.1509	1.1509	-0.16
1.15052	1.15052	-0.48
1.15012	1.15012	-0.87
1.14996	1.14996	-0.5
1.14954	1.14954	-0.5
1.1494	1.1494	-0.12
1.14939	1.14939	-0.06
1.14921	1.14921	-0.59
1.149	1.149	-0.04
1.14878	1.14878	-0.83
1.14818	1.14818	-1.31
1.14769	1.14769	-0.62
1.14749	1.14749	-0.5
1.1473	1.1473	-0.35
1.14738	1.14738	-0.06
1.14725	1.14725	-0.77
1.14692	1.14692	-0.55
1.14688	1.14688	-0.14
1.14655	1.14655	-0.45
1.14638	1.14638	-0.37
1.14613	1.14613	-0.47
1.14578	1.14578	-0.44
1.14554	1.14554	-0.44
1.14552	1.14552	0.03
1.14555	1.14555	-0.05
1.14576	1.14576	0.75
1.14593	1.14593	-0.02
1.1462	1.1462	0.92
1.14637	1.14637	0.49
1.14658	1.14658	0.34
1.14695	1.14695	0.58
1.14713	1.14713	0.42
1.14746	1.14746	0.77
1.14764	1.14764	0.11
1.14757	1.14757	0.01
1.14731	1.14731	-0.87
1.14667	1.14667	-1.61
1.14618	1.14618	-0.28
1.14651	1.14651	1.19
1.14697	1.14697	0.8
1.14787	1.14787	2.27
1.14891	1.14891	1.41
1.14971	1.14971	1.41
1.15063	1.15063	1.23
1.15085	1.15085	-0.04
1.15107	1.15107	0.19
1.15106	1.15106	-0.19
1.15052	1.15052	-0.68
1.15068	1.15068	0.19
1.15025	1.15025	-0.86
1.15018	1.15018	0.3
1.1511	1.1511	1.31
1.1512	1.1512	-0.1
1.15144	1.15144	0.88
1.15178	1.15178	0.33
1.15215	1.15215	1.15
1.15221	1.15221	0.22
1.15234	1.15234	-0.06
1.15289	1.15289	0.39
1.15321	1.15321	0.21
1.15353	1.15353	0.33
1.15368	1.15368	0.15
1.15379	1.15379	0.56
1.15412	1.15412	0.85
1.15438	1.15438	0.66
1.1549	1.1549	0.92
1.15544	1.15544	0.91
1.15545	1.15545	0.09
1.15546	1.15546	-0.17
1.15545	1.15545	0.19
1.15532	1.15532	0.11
1.15566	1.15566	0.86
1.15584	1.15584	0.08
1.15611	1.15611	0.71
1.15626	1.15626	0.64
1.15671	1.15671	0.02
1.157	1.157	0.37
1.15682	1.15682	-0.38
1.15681	1.15681	-0.29
1.15691	1.15691	0.48
1.15707	1.15707	-0.01
1.15751	1.15751	1.27
1.15794	1.15794	0.6
1.15845	1.15845	1.09
1.15896	1.15896	-0.12
1.15902	1.15902	-0.13
1.15912	1.15912	0.36
1.15892	1.15892	-0.47
1.15864	1.15864	-0.57
1.15886	1.15886	0.26
1.15924	1.15924	0.42
1.15932	1.15932	0.04
1.15907	1.15907	-0.3
1.15851	1.15851	-1.37
1.15773	1.15773	-1.21
1.15701	1.15701	-1.28
1.1563	1.1563	-1.44
1.15568	1.15568	-1.06
1.15517	1.15517	-0.96
1.15463	1.15463	-0.88
1.15372	1.15372	-1.24
1.15287	1.15287	-1.88
1.15182	1.15182	-2
1.15081	1.15081	-1.77
1.15003	1.15003	-1.31
1.14944	1.14944	-0.94
1.14908	1.14908	-0.72
1.14856	1.14856	-0.94
1.14798	1.14798	-1.1
1.14733	1.14733	-1.31
1.1464	1.1464	-1.76
1.14571	1.14571	-1.29
1.14536	1.14536	-0.51
1.14493	1.14493	-0.92
1.14472	1.14472	-0.24
1.14459	1.14459	-0.48
1.14423	1.14423	-0.75
1.14392	1.14392	-0.87
1.14342	1.14342	-0.94
1.14275	1.14275	-1.17
1.14229	1.14229	-0.94
1.14182	1.14182	-1.27
1.14139	1.14139	-0.88
1.14105	1.14105	-0.51
1.14086	1.14086	-0.43
1.14051	1.14051	-0.92
1.13997	1.13997	-1.31
1.13949	1.13949	-0.57
1.13896	1.13896	-0.88
1.13839	1.13839	-1.18
1.13806	1.13806	-0.66
1.13778	1.13778	-0.35
1.13742	1.13742	-0.72
1.13721	1.13721	-0.38
1.13669	1.13669	-1.07
1.13613	1.13613	-0.9
1.13574	1.13574	-0.53
1.13527	1.13527	-0.93
1.13499	1.13499	-0.99
1.13465	1.13465	-0.43
1.13412	1.13412	-0.79
1.13382	1.13382	-0.83
1.13327	1.13327	-0.97
1.13268	1.13268	-1.01
1.13242	1.13242	-0.59
1.13187	1.13187	-0.95
1.13152	1.13152	-0.48
1.13126	1.13126	-0.3
1.13072	1.13072	-0.97
1.13029	1.13029	-0.49
1.12987	1.12987	-0.99
1.12935	1.12935	-1.01
1.129	1.129	-0.29
1.12885	1.12885	-0.47
1.12865	1.12865	-0.45
1.12839	1.12839	-0.4
1.12797	1.12797	-1.01
1.12734	1.12734	-1.17
1.12674	1.12674	-1.46
1.12595	1.12595	-1.56
1.1254	1.1254	-0.95
1.1249	1.1249	-0.88
1.12462	1.12462	-0.21
1.12458	1.12458	0.3
1.12416	1.12416	-1.11
1.12385	1.12385	-0.89
1.12343	1.12343	-0.58
1.12284	1.12284	-1.07
1.12243	1.12243	-0.58
1.12204	1.12204	-0.48
1.12185	1.12185	-0.27
1.12174	1.12174	-0.02
1.12162	1.12162	-0.34
1.12144	1.12144	-0.62
1.12128	1.12128	-0.09
1.12117	1.12117	-0.53
1.12119	1.12119	0.02
1.121	1.121	-0.61
1.12096	1.12096	0.27
1.12088	1.12088	0.11
1.12079	1.12079	-0.01
1.12083	1.12083	0.11
1.12077	1.12077	-0.37
1.12071	1.12071	-0.17
1.12078	1.12078	0.22
1.12076	1.12076	-0.15
1.12068	1.12068	-0.04
1.12078	1.12078	0.13
1.1209	1.1209	0.07
1.12093	1.12093	0.39
1.12125	1.12125	0.44
1.1215	1.1215	-0.05
1.12184	1.12184	0.42
1.12207	1.12207	0.36
1.12232	1.12232	0.4
1.12258	1.12258	0.06
1.12265	1.12265	0.1
1.12273	1.12273	0.02
1.1227	1.1227	0.24
1.12292	1.12292	0.62
1.12304	1.12304	0.09
1.12331	1.12331	0.6
1.12359	1.12359	0.78
1.12388	1.12388	0.02
1.12405	1.12405	0.38
1.12412	1.12412	0.3
1.12428	1.12428	0.53
1.12435	1.12435	0.4
1.12458	1.12458	0.05
1.12481	1.12481	0.38
1.12481	1.12481	0.48
1.12503	1.12503	-0.19
1.1252	1.1252	0.36
1.1254	1.1254	0.53
1.12565	1.12565	0.62
1.12593	1.12593	0.19
1.1261	1.1261	0.3
1.12625	1.12625	0.59
1.12657	1.12657	0.27
1.12665	1.12665	0.07
1.12682	1.12682	0.42
1.12698	1.12698	0.41
1.12709	1.12709	0.27
1.12725	1.12725	0.09
1.12747	1.12747	0.56
1.12766	1.12766	0.2
1.12779	1.12779	0.5
1.12841	1.12841	0.83
1.1285	1.1285	0.1
1.12855	1.12855	0.27
1.12882	1.12882	0.48
1.12885	1.12885	-0.21
1.12887	1.12887	0.01
1.1291	1.1291	0.6
1.12926	1.12926	0.52
1.12952	1.12952	0.29
1.12972	1.12972	0.37
1.12998	1.12998	1
1.12998	1.12998	0.13
1.13019	1.13019	0.14
1.13027	1.13027	-0.02
1.13018	1.13018	-0.22
1.13032	1.13032	0.58
1.13051	1.13051	0.14
1.1308	1.1308	0.45
1.131	1.131	0.69
1.13112	1.13112	0.24
1.13132	1.13132	0.36
1.13154	1.13154	0.16
1.13182	1.13182	0.28
1.13204	1.13204	0.63
1.13234	1.13234	-0.02
1.13253	1.13253	0.53
1.13266	1.13266	0.43
1.13279	1.13279	0.32
1.13282	1.13282	0.35
1.1331	1.1331	0.47
1.1334	1.1334	0.48
1.13359	1.13359	0.32
1.13398	1.13398	0.67
1.1341	1.1341	0.23
1.13422	1.13422	0.44
1.13447	1.13447	0.72
1.13456	1.13456	0.15
1.1349	1.1349	0.9
1.13503	1.13503	0.38
1.13529	1.13529	0.52
1.13554	1.13554	0.25
1.13565	1.13565	0.08
1.13579	1.13579	0.32
1.13585	1.13585	0.01
1.1359	1.1359	0.07
1.13612	1.13612	0.65
1.13623	1.13623	0.22
1.13639	1.13639	0.5
1.13666	1.13666	0
1.13673	1.13673	0.1
1.13696	1.13696	0.69
1.13727	1.13727	0.48
1.13741	1.13741	0.1
1.13762	1.13762	0.4
1.13786	1.13786	0.26
1.13789	1.13789	-0.19
1.1378	1.1378	0.31
1.13798	1.13798	0.12
1.13844	1.13844	0.57
1.13838	1.13838	-0.14
1.13847	1.13847	0.31
1.13831	1.13831	-0.16
1.13826	1.13826	-0.27
1.13846	1.13846	0.77
1.13903	1.13903	1.46
1.13989	1.13989	1.73
1.14067	1.14067	1.09
1.14086	1.14086	-0.26
1.1406	1.1406	-0.61
1.13991	1.13991	-1.52
1.13918	1.13918	-1.22
1.13883	1.13883	-0.28
1.13882	1.13882	0.23
1.13905	1.13905	0.53
1.13933	1.13933	0.13
1.13934	1.13934	-0.46
1.13906	1.13906	-0.44
1.13881	1.13881	-0.44
1.1384	1.1384	-0.84
1.13806	1.13806	-0.6
1.13735	1.13735	-1.6
1.13667	1.13667	-1.2
1.13619	1.13619	-1.38
1.13525	1.13525	-2.31
1.13428	1.13428	-1.72
1.13365	1.13365	-0.95
1.13316	1.13316	-1.03
1.13273	1.13273	-0.83
1.13219	1.13219	-0.63
1.13148	1.13148	-1.49
1.13016	1.13016	-2.92
1.12873	1.12873	-2.56
1.1274	1.1274	-2.52
1.12624	1.12624	-1.99
1.12525	1.12525	-1.88
1.12423	1.12423	-2.04
1.12309	1.12309	-1.78
1.12192	1.12192	-2.05
1.12081	1.12081	-2.26
1.11962	1.11962	-2.22
1.11835	1.11835	-2.67
1.11718	1.11718	-2.21
1.11591	1.11591	-2.63
1.11475	1.11475	-2.03
1.11331	1.11331	-1.79
1.11217	1.11217	-2.32
1.1112	1.1112	-1.49
1.11	1.11	-2.52
1.109	1.109	-2.06
1.10797	1.10797	-2.09
1.10669	1.10669	-2.32
1.10546	1.10546	-2.54
1.10388	1.10388	-2.57
1.10257	1.10257	-2.75
1.10139	1.10139	-2.45
1.10012	1.10012	-2.32
1.09879	1.09879	-2.42
1.09779	1.09779	-1.72
1.09681	1.09681	-2.16
1.09589	1.09589	-1.62
1.09471	1.09471	-1.43
1.0937	1.0937	-2.02
1.09257	1.09257	-1.88
1.0913	1.0913	-2.8
1.09007	1.09007	-2.28
1.08871	1.08871	-2.32
1.08735	1.08735	-2.65
1.08593	1.08593	-2.63
1.08415	1.08415	-2.29
1.08309	1.08309	-1.97
1.08232	1.08232	-1.33
1.08165	1.08165	-1.81
1.08076	1.08076	-1.39
1.07974	1.07974	-1.98
1.07845	1.07845	-2.79
1.0772	1.0772	-2.09
1.07565	1.07565	-2.36
1.07443	1.07443	-2.05
1.07328	1.07328	-2.44
1.07195	1.07195	-2.35
1.07086	1.07086	-1.86
1.06995	1.06995	-1.8
1.06899	1.06899	-1.81
1.06806	1.06806	-1.71
1.06659	1.06659	-2.23
1.06552	1.06552	-1.8
1.06447	1.06447	-2.26
1.06349	1.06349	-1.62
1.0624	1.0624	-1.76
1.0616	1.0616	-1.66
1.0606	1.0606	-2.11
1.05959	1.05959	-1.62
1.05825	1.05825	-1.9
1.05708	1.05708	-1.99
1.05607	1.05607	-1.88
1.05493	1.05493	-1.99
1.05409	1.05409	-1.45
1.05338	1.05338	-1.36
1.0527	1.0527	-1.66
1.05208	1.05208	-1.04
1.05125	1.05125	-0.96
1.05033	1.05033	-1.84
1.0497	1.0497	-1.56
1.04899	1.04899	-1.52
1.04831	1.04831	-1.27
1.0478	1.0478	-0.64
1.0476	1.0476	-0.29
1.04738	1.04738	-0.52
1.04703	1.04703	-0.12
1.0467	1.0467	-0.77
1.04628	1.04628	-0.85
1.04567	1.04567	-1.45
1.04507	1.04507	-1.09
1.04448	1.04448	-1.19
1.04401	1.04401	-1
1.0436	1.0436	-0.26
1.04315	1.04315	-0.51
1.04301	1.04301	-0.22
1.04255	1.04255	-0.37
1.04217	1.04217	-0.65
1.04184	1.04184	-0.61
1.04168	1.04168	-0.47
1.04146	1.04146	-0.6
1.04134	1.04134	-0.34
1.04129	1.04129	-0.18
1.04091	1.04091	-0.56
1.04059	1.04059	-0.2
1.04038	1.04038	-0.66
1.04004	1.04004	-0.67
1.03998	1.03998	-0.14
1.04009	1.04009	0.06
1.04009	1.04009	0.22
1.04056	1.04056	0.41
1.04079	1.04079	0.33
1.04098	1.04098	0.69
1.04126	1.04126	0.77
1.04141	1.04141	0.14
1.04153	1.04153	0.51
1.04177	1.04177	0.81
1.04207	1.04207	0.08
1.0424	1.0424	0.87
1.04278	1.04278	0.93
1.04325	1.04325	0.47
1.04367	1.04367	1.13
1.044	1.044	0.84
1.04435	1.04435	0.44
1.04447	1.04447	0.69
1.04444	1.04444	0.21
1.04501	1.04501	1.14
1.04546	1.04546	0.77
1.04563	1.04563	0.68
1.04614	1.04614	0.99
1.04648	1.04648	0.69
1.04691	1.04691	0.92
1.04747	1.04747	0.86
1.04794	1.04794	0.84
1.04805	1.04805	0.77
1.04828	1.04828	0.41
1.04874	1.04874	0.78
1.04917	1.04917	1.3
1.04989	1.04989	1.07
1.05076	1.05076	1.67
1.05112	1.05112	0.53
1.05148	1.05148	0.27
1.05176	1.05176	0.25
1.05194	1.05194	0.57
1.0521	1.0521	0.8
1.05254	1.05254	1.24
1.05324	1.05324	1.48
1.05385	1.05385	1.01
1.05459	1.05459	1.51
1.05525	1.05525	1.58
1.05575	1.05575	0.6
1.05626	1.05626	1.16
1.05683	1.05683	1.34
1.05748	1.05748	0.95
1.05819	1.05819	1.52
1.05888	1.05888	1.42
1.05937	1.05937	1.09
1.05984	1.05984	0.45
1.06062	1.06062	1.24
1.06123	1.06123	1.59
1.06189	1.06189	1.21
1.06265	1.06265	1.1
1.0631	1.0631	0.79
1.06371	1.06371	1.16
1.06424	1.06424	1.26
1.06472	1.06472	1.18
1.06562	1.06562	1.12
1.06648	1.06648	1.67
1.06717	1.06717	1
1.06783	1.06783	1.28
1.06848	1.06848	1.11
1.06892	1.06892	1.2
1.06938	1.06938	0.68
1.07008	1.07008	1.42
1.07112	1.07112	1.55
1.0719	1.0719	1.52
1.07268	1.07268	1.43
1.07324	1.07324	0.78
1.07355	1.07355	0.55
1.07411	1.07411	0.87
1.07443	1.07443	0.84
1.0751	1.0751	1.27
1.07595	1.07595	1.33
1.07668	1.07668	1.47
1.07765	1.07765	1.42
1.07841	1.07841	1.22
1.07893	1.07893	1.13
1.07949	1.07949	1.04
1.07984	1.07984	0.43
1.08008	1.08008	1.42
1.08093	1.08093	0.96
1.08161	1.08161	1
1.08229	1.08229	1.18
1.08278	1.08278	0.57
1.08337	1.08337	0.95
1.08378	1.08378	1.12
1.08466	1.08466	1.82
1.08526	1.08526	1.03
1.08606	1.08606	1.35
1.08649	1.08649	1.04
1.08683	1.08683	0.43
1.08719	1.08719	0.94
1.08763	1.08763	0.28
1.08803	1.08803	0.96
1.08853	1.08853	1.66
1.08924	1.08924	1.08
1.09022	1.09022	1.41
1.09088	1.09088	0.81
1.0914	1.0914	1
1.09176	1.09176	0.59
1.09237	1.09237	1.22
1.09273	1.09273	0.22
1.09347	1.09347	1.77
1.09427	1.09427	0.92
1.09517	1.09517	1.18
1.09569	1.09569	0.73
1.09632	1.09632	1.63
1.0969	1.0969	0.78
1.09773	1.09773	1.82
1.09872	1.09872	1.64
1.09946	1.09946	1.41
1.10029	1.10029	1.95
1.10124	1.10124	1.07
1.10203	1.10203	1.65
1.10268	1.10268	1.87
1.10362	1.10362	2.09
1.10457	1.10457	1.81
1.10539	1.10539	1.51
1.10611	1.10611	0.77
1.10706	1.10706	1.67
1.10801	1.10801	1.09
1.10852	1.10852	0.96
1.10937	1.10937	1.64
1.10995	1.10995	1.16
1.11088	1.11088	2.03
1.11185	1.11185	2.22
1.11269	1.11269	1.6
1.11351	1.11351	0.99
1.11449	1.11449	0.87
1.11508	1.11508	1.01
1.11582	1.11582	1.19
1.11667	1.11667	1.72
1.11749	1.11749	2.24
1.11852	1.11852	1.99
1.11967	1.11967	2.04
1.12027	1.12027	0.98
1.12138	1.12138	1.31
1.12201	1.12201	1.08
1.12247	1.12247	0.86
1.12357	1.12357	1.81
1.12457	1.12457	2.15
1.12529	1.12529	1.35
1.12644	1.12644	2.05
1.12715	1.12715	1.38
1.12782	1.12782	1.27
1.12855	1.12855	1.32
1.12926	1.12926	1.25
1.13002	1.13002	1.85
1.13116	1.13116	1.9
1.13195	1.13195	1.3
1.13284	1.13284	1.85
1.13368	1.13368	1.48
1.13441	1.13441	1.39
1.13498	1.13498	0.86
1.13573	1.13573	1.35
1.13631	1.13631	1.05
1.13716	1.13716	1.55
1.13797	1.13797	1.7
1.13858	1.13858	1.45
1.13915	1.13915	1.42
1.13948	1.13948	0.83
1.13982	1.13982	0.5
1.14022	1.14022	0.82
1.14074	1.14074	0.91
1.1415	1.1415	1.69
1.14206	1.14206	0.91
1.14264	1.14264	1
1.14311	1.14311	0.83
1.14358	1.14358	0.57
1.14395	1.14395	0.91
1.14453	1.14453	0.61
1.14516	1.14516	1.21
1.14571	1.14571	1.54
1.14648	1.14648	1.02
1.14685	1.14685	0.69
1.14714	1.14714	0.68
1.14752	1.14752	0.32
1.14787	1.14787	0.5
1.14805	1.14805	0.42
1.14843	1.14843	0.75
1.14898	1.14898	1.43
1.14949	1.14949	1.27
1.14982	1.14982	-0.03
1.14999	1.14999	0.37
1.14995	1.14995	0.08
1.14992	1.14992	-0.11
1.14999	1.14999	0.18
1.15056	1.15056	1.14
1.15098	1.15098	0.82
1.15135	1.15135	0.45
1.15173	1.15173	0.81
1.15182	1.15182	-0.22
1.15179	1.15179	-0.47
1.15177	1.15177	0.34
1.15172	1.15172	-0.14
1.15221	1.15221	1.18
1.15295	1.15295	0.91
1.15322	1.15322	0.76
1.15356	1.15356	0.19
1.15353	1.15353	0.09
1.15358	1.15358	0.15
1.15373	1.15373	0.44
1.15407	1.15407	1.05
1.15447	1.15447	0.77
1.15536	1.15536	1.64
1.15569	1.15569	0.74
1.15572	1.15572	-0.02
1.15549	1.15549	-0.61
1.15538	1.15538	0.62
1.15546	1.15546	-0
1.1556	1.1556	0.15
1.15604	1.15604	0.81
1.15656	1.15656	1.17
1.15706	1.15706	0.68
1.15738	1.15738	0.7
1.15738	1.15738	-0.3
1.15717	1.15717	0.07
1.15729	1.15729	-0.13
1.15721	1.15721	-0.23
1.1574	1.1574	0.39
1.15764	1.15764	0.33
1.15781	1.15781	0.52
1.15829	1.15829	0.35
1.15854	1.15854	0.42
1.15839	1.15839	-0.12
1.1583	1.1583	-0.48
1.15804	1.15804	-0.16
1.15794	1.15794	-0.03
1.15824	1.15824	0.78
1.15852	1.15852	0.76
1.15898	1.15898	0.92
1.15914	1.15914	0.32
1.15907	1.15907	-0.19
1.15879	1.15879	-0.14
1.15878	1.15878	-0.16
1.15879	1.15879	0.51
1.15898	1.15898	0.4
1.15935	1.15935	0.8
1.15943	1.15943	0.54
1.15987	1.15987	0.58
1.15957	1.15957	-0.54
1.15927	1.15927	-0.22
1.15916	1.15916	0.22
1.15901	1.15901	-0.12
1.15914	1.15914	0.22
1.15939	1.15939	0.37
1.1595	1.1595	-0.23
1.15968	1.15968	0.79
1.15917	1.15917	-1.89
1.15868	1.15868	-0.85
1.15791	1.15791	-2.18
1.15715	1.15715	-1.24
1.15647	1.15647	-1.09
1.15623	1.15623	-0.45
1.15578	1.15578	-0.87
1.1553	1.1553	-1.28
1.15434	1.15434	-1.37
1.15349	1.15349	-1.93
1.15252	1.15252	-2.12
1.15155	1.15155	-1.84
1.15069	1.15069	-1.59
1.14987	1.14987	-1.69
1.14918	1.14918	-0.98
1.14878	1.14878	-0.48
1.14802	1.14802	-1.45
1.14732	1.14732	-1.31
1.14649	1.14649	-1.82
1.14542	1.14542	-2.05
1.14441	1.14441	-1.74
1.14358	1.14358	-1.71
1.14299	1.14299	-1.09
1.14227	1.14227	-1.47
1.14167	1.14167	-0.52
1.14117	1.14117	-1.07
1.1406	1.1406	-0.79
1.14002	1.14002	-1.39
1.13929	1.13929	-1.41
1.13872	1.13872	-0.83
1.1379	1.1379	-1.41
1.1374	1.1374	-0.68
1.13688	1.13688	-0.49
1.13655	1.13655	-0.82
1.13622	1.13622	-0.62
1.13602	1.13602	-0.17
1.13576	1.13576	-0.67
1.13556	1.13556	0.27
1.13538	1.13538	-0.56
1.13525	1.13525	-0.13
1.13477	1.13477	-0.72
1.13445	1.13445	-0.16
1.13438	1.13438	-0.29
1.13419	1.13419	-0.2
1.13418	1.13418	-0.21
1.13391	1.13391	-0.63
1.13373	1.13373	-0.05
1.13353	1.13353	-0.59
1.13353	1.13353	0.47
1.13378	1.13378	0.57
1.13432	1.13432	1.05
1.13463	1.13463	0.23
1.13485	1.13485	0.29
1.1351	1.1351	0.36
1.13543	1.13543	0.85
1.13613	1.13613	1.43
1.13745	1.13745	2.03
1.13845	1.13845	1.79
1.1393	1.1393	1.5
1.14012	1.14012	1.62
1.14101	1.14101	1.79
1.14218	1.14218	2.23
1.14354	1.14354	3.02
1.14539	1.14539	4.14
1.14889	1.14889	4.86
1.15101	1.15101	3.34
1.15272	1.15272	3.12
1.15428	1.15428	3.06
1.15608	1.15608	3.9
1.15835	1.15835	4.63
1.16073	1.16073	4.98
1.16368	1.16368	5.47
1.1674	1.1674	4.87
1.17007	1.17007	5.01
1.17216	1.17216	3.78
1.17403	1.17403	3.37
1.17579	1.17579	3.41
1.17764	1.17764	3.77
1.17969	1.17969	4.47
1.18268	1.18268	6.07
1.18673	1.18673	6.17
1.18966	1.18966	5.74
1.19245	1.19245	4.66
1.19523	1.19523	5.63
1.19823	1.19823	5.44
1.20089	1.20089	5.25
1.20367	1.20367	5.53
1.2069	1.2069	6.22
1.21084	1.21084	4.91
1.21361	1.21361	5.35
1.21605	1.21605	4.74
1.21843	1.21843	4.39
1.2211	1.2211	5.01
1.22412	1.22412	5.88
1.22783	1.22783	7.45
1.23248	1.23248	9.24
1.23805	1.23805	7.12
1.24174	1.24174	6.81
1.24513	1.24513	6.09
1.24819	1.24819	5.22
1.25077	1.25077	5.25
1.25381	1.25381	5.93
1.2574	1.2574	7.45
1.26136	1.26136	8.03
1.26693	1.26693	7.95
1.27161	1.27161	9.05
1.27623	1.27623	8.7
1.28049	1.28049	8.07
1.28477	1.28477	8.13
1.28915	1.28915	8.55
1.29347	1.29347	8.13
1.29777	1.29777	8.73
1.30401	1.30401	9.21
1.30868	1.30868	8.53
1.3129	1.3129	8.86
1.31728	1.31728	8.03
1.32165	1.32165	8.33
1.32606	1.32606	8.14
1.33063	1.33063	9.21
1.33543	1.33543	9.14
1.34169	1.34169	8.71
1.34626	1.34626	8.5
1.35082	1.35082	8.58
1.35535	1.35535	8.32
1.35957	1.35957	8.27
1.36387	1.36387	8.22
1.36842	1.36842	8.49
1.3727	1.3727	8.39
1.37847	1.37847	8.35
1.38277	1.38277	8.26
1.38688	1.38688	7.92
1.3912	1.3912	8.22
1.39557	1.39557	8.36
1.40029	1.40029	9.43
1.40509	1.40509	8.66
1.40965	1.40965	9.01
1.41588	1.41588	8.8
1.42048	1.42048	8.55
1.42505	1.42505	8.98
1.42991	1.42991	9.16
1.43442	1.43442	8.16
1.43898	1.43898	8.99
1.44367	1.44367	8.76
1.44818	1.44818	8.52
1.45448	1.45448	8.61
1.45923	1.45923	8.83
1.46403	1.46403	8.87
1.46894	1.46894	9.13
1.4736	1.4736	8.99
1.47832	1.47832	8.47
1.48295	1.48295	8.72
1.48734	1.48734	8.71
1.49364	1.49364	9.29
1.49837	1.49837	9.03
1.50314	1.50314	9.39
1.5084	1.5084	9.9
1.51359	1.51359	9.49
1.51871	1.51871	9.79
1.52397	1.52397	9.92
1.52912	1.52912	9.67
1.53593	1.53593	10.18
1.54107	1.54107	9.24
1.54569	1.54569	8.45
1.55037	1.55037	9.12
1.55506	1.55506	9.17
1.55989	1.55989	9.42
1.56495	1.56495	9.79
1.57024	1.57024	10.35
1.57731	1.57731	10.39
1.58272	1.58272	10.47
1.58811	1.58811	10.44
1.59337	1.59337	9.79
1.59862	1.59862	9.99
1.60391	1.60391	9.82
1.60924	1.60924	10.11
1.61453	1.61453	10.3
1.62185	1.62185	10.23
1.62724	1.62724	10.36
1.63258	1.63258	10.2
1.63802	1.63802	10.24
1.64301	1.64301	9.3
1.64812	1.64812	9.87
1.65336	1.65336	9.87
1.65839	1.65839	9.59
1.66558	1.66558	10.57
1.67116	1.67116	10.35
1.67668	1.67668	10.8
1.68242	1.68242	10.69
1.68764	1.68764	9.91
1.69303	1.69303	10.29
1.69841	1.69841	9.77
1.70559	1.70559	10.32
1.71107	1.71107	10.41
1.71645	1.71645	10.11
1.72189	1.72189	10.41
1.72734	1.72734	10.57
1.73283	1.73283	10.31
1.73819	1.73819	10.23
1.74378	1.74378	11.02
1.74913	1.74913	10.06
1.75658	1.75658	11.37
1.7624	1.7624	10.98
1.768	1.768	10.82
1.77408	1.77408	11.66
1.78005	1.78005	11.01
1.78588	1.78588	11.5
1.79186	1.79186	11.7
1.79756	1.79756	10.94
1.80497	1.80497	10.98
1.81067	1.81067	10.44
1.8163	1.8163	10.68
1.82187	1.82187	10.77
1.82722	1.82722	9.98
1.83249	1.83249	10.1
1.83823	1.83823	10.79
1.84359	1.84359	10.21
1.85164	1.85164	11.9
1.85776	1.85776	11.73
1.86413	1.86413	12.44
1.87053	1.87053	11.7
1.87674	1.87674	12.04
1.88322	1.88322	12.42
1.88923	1.88923	11.46
1.89542	1.89542	11.84
1.90353	1.90353	11.35
1.90973	1.90973	11.93
1.91595	1.91595	11.94
1.92213	1.92213	11.9
1.92843	1.92843	11.88
1.93467	1.93467	11.86
1.94106	1.94106	11.97
1.94935	1.94935	11.86
1.95576	1.95576	11.92
1.96187	1.96187	11.76
1.96787	1.96787	11.4
1.97358	1.97358	10.49
1.97907	1.97907	10.32
1.98463	1.98463	10.49
1.99033	1.99033	10.7
1.99815	1.99815	11.77
2.00447	2.00447	11.99
2.01094	2.01094	12.5
2.01758	2.01758	12.82
2.02416	2.02416	12.13
2.03046	2.03046	11.78
2.03646	2.03646	11.2
2.04223	2.04223	10.99
2.04791	2.04791	10.53
2.0557	2.0557	11.43
2.06188	2.06188	11.55
2.06795	2.06795	11.33
2.07418	2.07418	11.82
2.08015	2.08015	10.97
2.08609	2.08609	11.46
2.09226	2.09226	11.88
2.10011	2.10011	10.97
2.106	2.106	11.23
2.11162	2.11162	10.82
2.1169	2.1169	9.65
2.122	2.122	9.38
2.12714	2.12714	9.88
2.13227	2.13227	9.6
2.13753	2.13753	10.29
2.14436	2.14436	9.54
2.1495	2.1495	9.52
2.15453	2.15453	9.29
2.1593	2.1593	8.82
2.16394	2.16394	8.68
2.16872	2.16872	9.03
2.17339	2.17339	8.73
2.17814	2.17814	8.81
2.18472	2.18472	9.7
2.1895	2.1895	9.17
2.19454	2.19454	9.54
2.19948	2.19948	9.19
2.20418	2.20418	8.77
2.20886	2.20886	8.6
2.21324	2.21324	8.22
2.21759	2.21759	8.37
2.22358	2.22358	8.66
2.22839	2.22839	9.12
2.23317	2.23317	9.12
2.2378	2.2378	8.34
2.24219	2.24219	8.22
2.24636	2.24636	8.1
2.25038	2.25038	7.43
2.25455	2.25455	8.19
2.26037	2.26037	8.28
2.26476	2.26476	9.02
2.26963	2.26963	9.24
2.27433	2.27433	9.1
2.27937	2.27937	10.04
2.28455	2.28455	9.71
2.28963	2.28963	9.7
2.29473	2.29473	9.71
2.30149	2.30149	9.38
2.30601	2.30601	8.49
2.31059	2.31059	8.85
2.31524	2.31524	8.51
2.31971	2.31971	9.23
2.3246	2.3246	8.97
2.32968	2.32968	9.5
2.33487	2.33487	10.33
2.34183	2.34183	9.8
2.34701	2.34701	10.12
2.35219	2.35219	9.85
2.35683	2.35683	8.63
2.36148	2.36148	8.65
2.36613	2.36613	8.96
2.37121	2.37121	10.3
2.37653	2.37653	9.98
2.38331	2.38331	9.59
2.38843	2.38843	10.47
2.3936	2.3936	9.37
2.39829	2.39829	9.24
2.40318	2.40318	9.67
2.40763	2.40763	7.74
2.41147	2.41147	7.64
2.41578	2.41578	7.78
2.42052	2.42052	7.3
2.42516	2.42516	9.11
2.42981	2.42981	8.52
2.43495	2.43495	10.42
2.44067	2.44067	10.75
2.44638	2.44638	10.85
2.45225	2.45225	11.12
2.45779	2.45779	9.76
2.46431	2.46431	10.11
2.46814	2.46814	5.93
2.47151	2.47151	5.91
2.47407	2.47407	5.84
2.47753	2.47753	5.97
2.47993	2.47993	5.13
2.4837	2.4837	7.36
2.48716	2.48716	6.45
2.49223	2.49223	7.67
2.49617	2.49617	7.23
2.49995	2.49995	7.58
2.50396	2.50396	6.96
2.50708	2.50708	5.77
2.5105	2.5105	6.2
2.51346	2.51346	4.55
2.51603	2.51603	4.84
2.51885	2.51885	3.91
2.52075	2.52075	3.77
2.52257	2.52257	3.72
2.52433	2.52433	2.86
2.52655	2.52655	4.33
2.52888	2.52888	4.18
2.53099	2.53099	3.54
2.5329	2.5329	4.16
2.53542	2.53542	2.9
2.53658	2.53658	2.2
2.53762	2.53762	2.14
2.53836	2.53836	1.22
2.5392	2.5392	1.12
2.54006	2.54006	2.09
2.54115	2.54115	2.28
2.54233	2.54233	2.05
2.54385	2.54385	2.52
2.54502	2.54502	2.28
2.54609	2.54609	1.75
2.54669	2.54669	0.92
2.54706	2.54706	0.23
2.54742	2.54742	0.58
2.54774	2.54774	0.51
2.54797	2.54797	0.3
2.54846	2.54846	0.62
2.54891	2.54891	0.84
2.5491	2.5491	0.64
2.54922	2.54922	0.16
2.54926	2.54926	0
2.54892	2.54892	-0.54
2.54884	2.54884	-0.04
2.54869	2.54869	-0.3
2.54878	2.54878	0.41
2.54915	2.54915	0.81
2.54926	2.54926	0.41
2.54937	2.54937	-0.26
2.54927	2.54927	-0.21
2.54889	2.54889	-0.93
2.54849	2.54849	-0.67
2.5482	2.5482	-0.67
2.54753	2.54753	-0.91
2.5473	2.5473	-0.42
2.54689	2.54689	-1.23
2.54661	2.54661	-0.5
2.54642	2.54642	-0.8
2.5459	2.5459	-1.21
2.54516	2.54516	-1.63
2.5444	2.5444	-1.22
2.54338	2.54338	-1.4
2.54258	2.54258	-1.42
2.54164	2.54164	-1.75
2.54097	2.54097	-1.44
2.5404	2.5404	-0.69
2.53971	2.53971	-1.44
2.53887	2.53887	-1.74
2.53807	2.53807	-1.42
2.53662	2.53662	-2.21
2.5357	2.5357	-1.3
2.53489	2.53489	-1.84
2.53389	2.53389	-1.93
2.53298	2.53298	-1.97
2.53203	2.53203	-1.91
2.53085	2.53085	-2.19
2.52983	2.52983	-1.71
2.52842	2.52842	-1.68
2.52723	2.52723	-1.96
2.52626	2.52626	-1.73
2.52507	2.52507	-2.24
2.52416	2.52416	-1.7
2.52317	2.52317	-1.55
2.52225	2.52225	-1.55
2.52137	2.52137	-1.83
2.51997	2.51997	-1.91
2.51895	2.51895	-1.95
2.51775	2.51775	-2.07
2.51659	2.51659	-2.4
2.51576	2.51576	-1.43
2.51483	2.51483	-2.22
2.51436	2.51436	-0.43
2.51385	2.51385	-1.23
2.51298	2.51298	-0.93
2.51257	2.51257	-0.51
2.51198	2.51198	-1.08
2.51144	2.51144	-0.7
2.51074	2.51074	-1.45
2.5101	2.5101	-1.39
2.5096	2.5096	-0.94
2.50916	2.50916	-1.02
2.50856	2.50856	-0.25
2.5086	2.5086	0.32
2.50842	2.50842	-0.36
2.50874	2.50874	0.88
2.50914	2.50914	0.48
2.50914	2.50914	0.09
2.50951	2.50951	1.2
2.50951	2.50951	-0.35
2.50943	2.50943	0.11
2.5096	2.5096	0.89
2.50961	2.50961	0.05
2.50998	2.50998	1.53
2.51054	2.51054	0.87
2.51092	2.51092	0.64
2.51169	2.51169	1.84
2.51235	2.51235	1.16
2.51273	2.51273	1.04
2.51301	2.51301	-0.03
2.51329	2.51329	0.58
2.51347	2.51347	0.62
2.51378	2.51378	0.31
2.51427	2.51427	0.78
2.5149	2.5149	1.16
2.51537	2.51537	0.94
2.5159	2.5159	0.93
2.51628	2.51628	0.48
2.51649	2.51649	0.52
2.51673	2.51673	0.76
2.51723	2.51723	0.81
2.51755	2.51755	0.69
2.51814	2.51814	1.18
2.51874	2.51874	0.61
2.51932	2.51932	1.43
2.51979	2.51979	0.94
2.52002	2.52002	0.24
2.52044	2.52044	1.18
2.52089	2.52089	0.8
2.52111	2.52111	0.18
2.52155	2.52155	1.1
2.52209	2.52209	1.02
2.52252	2.52252	1.1
2.52298	2.52298	0.93
2.52336	2.52336	0.81
2.52382	2.52382	1.27
2.5243	2.5243	0.71
2.52478	2.52478	1.12
2.5253	2.5253	0.95
2.52584	2.52584	0.64
2.52626	2.52626	0.89
2.52651	2.52651	0.23
2.52668	2.52668	0.4
2.52697	2.52697	0.59
2.52731	2.52731	0.29
2.52753	2.52753	0.53
2.52799	2.52799	0.63
2.52825	2.52825	0.4
2.52848	2.52848	0.26
2.52872	2.52872	0.27
2.52863	2.52863	-0.02
2.52891	2.52891	0.34
2.52915	2.52915	0.58
2.52914	2.52914	0.4
2.52938	2.52938	0.72
2.52947	2.52947	-0.01
2.5296	2.5296	0.5
2.5297	2.5297	0.14
2.52982	2.52982	0.37
2.53001	2.53001	0.21
2.53018	2.53018	0.39
2.53031	2.53031	0.28
2.53064	2.53064	0.38
2.53071	2.53071	0.06
2.53084	2.53084	0.62
2.5311	2.5311	0.61
2.53117	2.53117	0.24
2.53151	2.53151	0.61
2.53175	2.53175	0.22
2.53185	2.53185	0.3
2.53208	2.53208	0.47
2.53213	2.53213	-0.08
2.53216	2.53216	-0.03
2.53227	2.53227	0.42
2.53248	2.53248	0.56
2.53273	2.53273	0.26
2.53286	2.53286	0.07
2.53326	2.53326	0.96
2.53342	2.53342	0.44
2.53339	2.53339	-0.23
2.53394	2.53394	0.86
2.53391	2.53391	-0.37
2.53424	2.53424	0.79
2.53466	2.53466	0.63
2.53469	2.53469	-0.06
2.53476	2.53476	0.39
2.53474	2.53474	0.06
2.53441	2.53441	-0.62
2.53447	2.53447	0.24
2.53451	2.53451	0.53
2.53467	2.53467	0.51
2.53504	2.53504	1.06
2.53549	2.53549	0.65
2.53559	2.53559	0.25
2.53573	2.53573	-0.27
2.53576	2.53576	0.06
2.53549	2.53549	0.05
2.53557	2.53557	0.19
2.53549	2.53549	-0.19
2.53552	2.53552	0.46
2.53576	2.53576	0.62
2.53583	2.53583	-0.21
2.53596	2.53596	0.88
2.53641	2.53641	0.81
2.53673	2.53673	0.36
2.53718	2.53718	1.05
2.53752	2.53752	0.44
2.5378	2.5378	0.59
2.53798	2.53798	0.71
2.53804	2.53804	0.06
2.53785	2.53785	-0.79
2.53794	2.53794	0.1
2.53811	2.53811	0.02
2.53833	2.53833	0.75
2.53884	2.53884	1.9
2.5395	2.5395	1.45
2.53979	2.53979	0.28
2.54012	2.54012	0.72
2.54008	2.54008	-0.43
2.53989	2.53989	-0.02
2.53959	2.53959	0.08
2.53966	2.53966	0.66
2.54037	2.54037	0.92
2.54062	2.54062	0.75
2.54107	2.54107	1.15
2.54177	2.54177	0.85
2.54214	2.54214	1.08
2.54217	2.54217	-0.12
2.54239	2.54239	0.68
2.54275	2.54275	0.9
2.54346	2.54346	1.67
2.54415	2.54415	1.11
2.54479	2.54479	1.18
2.54522	2.54522	0.8
2.54569	2.54569	1.07
2.54626	2.54626	0.96
2.5472	2.5472	1.59
2.54782	2.54782	1.3
2.54832	2.54832	0.85
2.54863	2.54863	0.47
2.54869	2.54869	-0.04
2.54915	2.54915	1.23
2.55015	2.55015	1.96
2.55142	2.55142	2.39
2.55294	2.55294	2.29
2.55354	2.55354	0.96
2.55398	2.55398	0.87
2.55405	2.55405	0.37
2.55411	2.55411	0.31
2.55415	2.55415	0.11
2.55447	2.55447	0.87
2.55465	2.55465	0.5
2.55537	2.55537	1.3
2.55608	2.55608	1.4
2.55667	2.55667	0.96
2.55717	2.55717	1.09
2.55759	2.55759	0.68
2.55796	2.55796	0.71
2.55822	2.55822	0.37
2.55864	2.55864	1.25
2.55934	2.55934	0.62
2.55999	2.55999	1.58
2.5606	2.5606	1.1
2.56116	2.56116	1.27
2.56183	2.56183	1.24
2.56248	2.56248	0.99
2.56308	2.56308	1.37
2.5637	2.5637	1.02
2.5647	2.5647	1.29
2.56529	2.56529	0.98
2.56567	2.56567	0.26
2.56596	2.56596	0.46
2.56627	2.56627	0.71
2.56667	2.56667	0.63
2.56726	2.56726	1.34
2.56797	2.56797	1.31
2.5691	2.5691	1.67
2.56971	2.56971	0.84
2.57039	2.57039	1.19
2.57089	2.57089	0.93
2.57115	2.57115	0.67
2.57153	2.57153	0.63
2.5719	2.5719	1.15
2.57227	2.57227	0.89
2.5732	2.5732	1.6
2.57379	2.57379	0.86
2.57438	2.57438	1.32
2.57509	2.57509	1.47
2.57543	2.57543	0.8
2.57599	2.57599	0.75
2.57651	2.57651	0.9
2.57707	2.57707	1.5
2.57801	2.57801	1.4
2.57856	2.57856	1.08
2.57898	2.57898	0.55
2.57936	2.57936	0.88
2.57946	2.57946	-0.13
2.57967	2.57967	0.47
2.58049	2.58049	1.59
2.58105	2.58105	1.29
2.58203	2.58203	1.5
2.58245	2.58245	0.21
2.58293	2.58293	0.62
2.58341	2.58341	0.52
2.58377	2.58377	0.69
2.58407	2.58407	0.75
2.58447	2.58447	1.17
2.58506	2.58506	0.96
2.58587	2.58587	1.1
2.58655	2.58655	1.35
2.58714	2.58714	1.05
2.58788	2.58788	1.68
2.58833	2.58833	0.68
2.58871	2.58871	0.83
2.58895	2.58895	0.37
2.58922	2.58922	0.53
2.58976	2.58976	0.81
2.59018	2.59018	0.77
2.59059	2.59059	0.83
2.59114	2.59114	1.29
2.59166	2.59166	1.03
2.59231	2.59231	1.09
2.59281	2.59281	0.88
2.59323	2.59323	0.71
2.59382	2.59382	0.65
2.59417	2.59417	0.75
2.59453	2.59453	0.58
2.595	2.595	0.69
2.59545	2.59545	1.09
2.59582	2.59582	0.61
2.5964	2.5964	0.98
2.59692	2.59692	1.19
2.59738	2.59738	0.85
2.59775	2.59775	0.6
2.59811	2.59811	0.94
2.59838	2.59838	0.68
2.59877	2.59877	0.84
2.59925	2.59925	0.89
2.59967	2.59967	1.09
2.60026	2.60026	0.96
2.60092	2.60092	0.87
2.60148	2.60148	0.93
2.60197	2.60197	1.07
2.60238	2.60238	0.65
2.60263	2.60263	0.45
2.60293	2.60293	0.52
2.60325	2.60325	0.48
2.60372	2.60372	1.09
2.60446	2.60446	1.21
2.60504	2.60504	0.94
2.60544	2.60544	0.88
2.60576	2.60576	0.42
2.60607	2.60607	0.71
2.60637	2.60637	0.68
2.60681	2.60681	0.53
2.60721	2.60721	0.72
2.60789	2.60789	0.75
2.60839	2.60839	1
2.60877	2.60877	0.96
2.60917	2.60917	0.53
2.60961	2.60961	0.98
2.61024	2.61024	1.35
2.6106	2.6106	0.86
2.61116	2.61116	1.09
2.61168	2.61168	0.59
2.61212	2.61212	0.83
2.61253	2.61253	0.75
2.61284	2.61284	0.51
2.61325	2.61325	0.98
2.61357	2.61357	0.91
2.61395	2.61395	0.65
2.61432	2.61432	0.56
2.61504	2.61504	1.05
2.6155	2.6155	1.06
2.61606	2.61606	1.07
2.6165	2.6165	0.72
2.61693	2.61693	1.16
2.61733	2.61733	0.48
2.61739	2.61739	0.12
2.61752	2.61752	0.06
2.61767	2.61767	0.49
2.61811	2.61811	0.92
2.61869	2.61869	1.08
2.61953	2.61953	1.57
2.62069	2.62069	2.2
2.6216	2.6216	1.23
2.62188	2.62188	-0.09
2.6217	2.6217	-0.61
2.62102	2.62102	-1.38
2.62025	2.62025	-1.18
2.61983	2.61983	-0.82
2.61961	2.61961	-0.28
2.61968	2.61968	0.11
2.61964	2.61964	0.22
2.61964	2.61964	0
2.61938	2.61938	-1.29
2.6184	2.6184	-1.3
2.61761	2.61761	-1.38
2.61665	2.61665	-1.93
2.61569	2.61569	-1.82
2.61499	2.61499	-1.01
2.61471	2.61471	-0.6
2.61432	2.61432	-0.97
2.61381	2.61381	-0.94
2.61274	2.61274	-1.86
2.61154	2.61154	-2.49
2.61019	2.61019	-2.26
2.60914	2.60914	-1.76
2.60866	2.60866	-0.76
2.60827	2.60827	-0.82
2.60797	2.60797	-0.58
2.60746	2.60746	-1.25
2.60589	2.60589	-2.6
2.60441	2.60441	-2.72
2.60319	2.60319	-1.92
2.60227	2.60227	-1.47
2.60156	2.60156	-1.11
2.60101	2.60101	-1.16
2.60029	2.60029	-1.91
2.59931	2.59931	-1.95
2.59776	2.59776	-2.26
2.59675	2.59675	-1.98
2.59583	2.59583	-1.94
2.59494	2.59494	-1.3
2.5939	2.5939	-2.02
2.59293	2.59293	-1.74
2.59198	2.59198	-2.03
2.59098	2.59098	-1.99
2.58974	2.58974	-1.87
2.58878	2.58878	-1.61
2.58774	2.58774	-1.86
2.5867	2.5867	-1.93
2.58572	2.58572	-1.68
2.58475	2.58475	-2.25
2.58369	2.58369	-2.22
2.58261	2.58261	-2.11
2.58107	2.58107	-2.13
2.58001	2.58001	-1.89
2.57906	2.57906	-2
2.57811	2.57811	-1.42
2.57718	2.57718	-2.08
2.57595	2.57595	-2.97
2.57461	2.57461	-2.54
2.57337	2.57337	-2.76
2.57178	2.57178	-2.14
2.57069	2.57069	-1.96
2.56959	2.56959	-1.81
2.56829	2.56829	-2.7
2.56693	2.56693	-2.54
2.5654	2.5654	-2.98
2.56395	2.56395	-2.71
2.56264	2.56264	-2.18
2.5608	2.5608	-2.61
2.55955	2.55955	-2.62
2.55821	2.55821	-2.86
2.55671	2.55671	-3.09
2.55528	2.55528	-2.6
2.5535	2.5535	-3.01
2.5516	2.5516	-3.87
2.54993	2.54993	-2.95
2.54779	2.54779	-3.16
2.54642	2.54642	-3
2.5451	2.5451	-2.21
2.54373	2.54373	-2.61
2.54251	2.54251	-2.67
2.54105	2.54105	-2.47
2.53952	2.53952	-2.81
2.53791	2.53791	-3.08
2.53575	2.53575	-2.93
2.53423	2.53423	-2.77
2.53281	2.53281	-2.56
2.53143	2.53143	-2.55
2.52996	2.52996	-2.76
2.5286	2.5286	-2.54
2.52722	2.52722	-2.75
2.52557	2.52557	-2.57
2.52382	2.52382	-2.57
2.52249	2.52249	-2.44
2.52106	2.52106	-2.62
2.5197	2.5197	-2.72
2.51829	2.51829	-2.85
2.51675	2.51675	-2.77
2.51553	2.51553	-1.94
2.51423	2.51423	-2.64
2.51287	2.51287	-1.72
2.51191	2.51191	-1.94
2.51089	2.51089	-2.07
2.50986	2.50986	-2.05
2.50868	2.50868	-2.28
2.50753	2.50753	-1.93
2.50642	2.50642	-2.22
2.5054	2.5054	-1.96
2.50401	2.50401	-1.63
2.50302	2.50302	-1.94
2.50222	2.50222	-1.71
2.50131	2.50131	-1.58
2.50044	2.50044	-1.93
2.49965	2.49965	-1.45
2.49878	2.49878	-1.91
2.49809	2.49809	-1.27
2.49699	2.49699	-1.75
2.49612	2.49612	-1.71
2.49514	2.49514	-1.78
2.49414	2.49414	-1.78
2.49337	2.49337	-1.26
2.49277	2.49277	-1.11
2.49232	2.49232	-0.74
2.49211	2.49211	-0.1
2.49147	2.49147	-1.04
2.49084	2.49084	-1.41
2.49009	2.49009	-1.41
2.48925	2.48925	-1.2
2.48835	2.48835	-1.45
2.48761	2.48761	-1.53
2.48706	2.48706	-1.27
2.48666	2.48666	-0.61
2.48633	2.48633	-0.45
2.48602	2.48602	-0.58
2.48566	2.48566	-0.63
2.4853	2.4853	-0.56
2.48494	2.48494	-0.29
2.48466	2.48466	-0.34
2.48463	2.48463	0.01
2.48469	2.48469	0.44
2.48509	2.48509	0.35
2.48554	2.48554	0.68
2.4859	2.4859	1.07
2.48631	2.48631	0.74
2.48677	2.48677	1.14
2.48733	2.48733	1.21
2.48805	2.48805	0.86
2.48866	2.48866	1.34
2.48931	2.48931	0.73
2.48976	2.48976	0.64
2.49032	2.49032	1.25
2.49078	2.49078	1.39
2.49139	2.49139	1.2
2.49192	2.49192	0.92
2.49235	2.49235	0.47
2.49282	2.49282	1.02
2.49363	2.49363	1.29
2.49426	2.49426	1.59
2.49489	2.49489	1.07
2.4957	2.4957	1.36
2.49635	2.49635	1.46
2.49709	2.49709	1.14
2.49778	2.49778	1.28
2.4984	2.4984	0.7
2.49918	2.49918	0.84
2.49973	2.49973	0.91
2.50043	2.50043	1.23
2.50112	2.50112	1.44
2.50178	2.50178	0.9
2.50255	2.50255	1.46
2.50325	2.50325	1.08
2.50373	2.50373	0.91
2.50459	2.50459	1.76
2.50522	2.50522	0.98
2.50593	2.50593	1.7
2.50647	2.50647	1.16
2.50731	2.50731	0.68
2.5079	2.5079	1.14
2.50841	2.50841	0.96
2.50917	2.50917	1.34
2.5099	2.5099	1.38
2.51062	2.51062	1.3
2.51121	2.51121	0.79
2.51195	2.51195	1.21
2.51282	2.51282	1.16
2.51353	2.51353	1.7
2.51424	2.51424	1.44
2.51468	2.51468	0.77
2.51525	2.51525	1.49
2.51587	2.51587	1.25
2.51638	2.51638	0.89
2.51715	2.51715	1.65
2.51804	2.51804	1.15
2.51867	2.51867	0.99
2.51949	2.51949	1.39
2.52014	2.52014	1.08
2.52068	2.52068	1.18
2.52128	2.52128	0.9
2.52198	2.52198	1.2
2.52238	2.52238	0.72
2.52308	2.52308	0.73
2.5236	2.5236	1.04
2.52422	2.52422	0.92
2.52499	2.52499	1.17
2.52565	2.52565	1.37
2.52631	2.52631	1.13
2.52682	2.52682	0.88
2.52719	2.52719	0.35
2.52798	2.52798	1.41
2.52862	2.52862	1.08
2.52941	2.52941	1.25
2.53018	2.53018	2.05
2.53088	2.53088	1.26
2.53125	2.53125	0.59
2.53171	2.53171	0.38
2.53201	2.53201	0.76
2.53286	2.53286	1.63
2.53386	2.53386	1.62
2.53496	2.53496	2.03
2.53605	2.53605	1.95
2.5366	2.5366	0.77
2.53676	2.53676	0.2
2.53702	2.53702	0.56
2.53737	2.53737	0.88
2.53772	2.53772	0.68
2.53868	2.53868	2.13
2.53964	2.53964	1.82
2.54077	2.54077	2.19
2.54144	2.54144	0.95
2.54192	2.54192	0.56
2.54198	2.54198	0.2
2.54176	2.54176	-0.66
2.54168	2.54168	0.34
2.5419	2.5419	0.62
2.54217	2.54217	0.28
2.54255	2.54255	1.33
2.54325	2.54325	1.15
2.54422	2.54422	1.74
2.54511	2.54511	1.85
2.54613	2.54613	1.78
2.54715	2.54715	1.23
2.54782	2.54782	1.17
2.54841	2.54841	0.38
2.54914	2.54914	1.89
2.54948	2.54948	0.66
2.54981	2.54981	0.72
2.55073	2.55073	0.88
2.55147	2.55147	1.32
2.55284	2.55284	2.75
2.55455	2.55455	3.13
2.55555	2.55555	1.34
2.5566	2.5566	2.11
2.55742	2.55742	1.9
2.5586	2.5586	2.85
2.56063	2.56063	4.09
2.56225	2.56225	2.94
2.56444	2.56444	3.32
2.56602	2.56602	3.53
2.56781	2.56781	3.11
2.56948	2.56948	3.96
2.57126	2.57126	3.34
2.57336	2.57336	3.79
2.57544	2.57544	3.87
2.5773	2.5773	3.74
2.58	2.58	4.25
2.58248	2.58248	4.24
2.58509	2.58509	4.93
2.58786	2.58786	5.34
2.59054	2.59054	5.66
2.59337	2.59337	5.27
2.59609	2.59609	5
2.59893	2.59893	5.6
2.60289	2.60289	5.48
2.60607	2.60607	6.04
2.6095	2.6095	7.27
2.61295	2.61295	6.29
2.61651	2.61651	6.77
2.62017	2.62017	7.01
2.62368	2.62368	6.63
2.62704	2.62704	6.45
2.63202	2.63202	7.5
2.63591	2.63591	7.27
2.63986	2.63986	7.25
2.64398	2.64398	7.93
2.64801	2.64801	7.48
2.65199	2.65199	7.57
2.65584	2.65584	7.38
2.65997	2.65997	7.71
2.66551	2.66551	8.01
2.66987	2.66987	8.58
2.67427	2.67427	8.22
2.67869	2.67869	8.25
2.68318	2.68318	8.78
2.68788	2.68788	9.26
2.69275	2.69275	9.31
2.69739	2.69739	9.07
2.70419	2.70419	9.75
2.70913	2.70913	9.43
2.71397	2.71397	9.44
2.71913	2.71913	9.74
2.72435	2.72435	9.58
2.7295	2.7295	10.27
2.73505	2.73505	10.99
2.74054	2.74054	10.21
2.74787	2.74787	10.76
2.75344	2.75344	10.5
2.75891	2.75891	10.41
2.76468	2.76468	11.13
2.77042	2.77042	10.81
2.77622	2.77622	10.97
2.78218	2.78218	11.41
2.78814	2.78814	11.32
2.79597	2.79597	11.42
2.8019	2.8019	11.44
2.80793	2.80793	11.74
2.814	2.814	11.57
2.82017	2.82017	11.62
2.82624	2.82624	11.58
2.83236	2.83236	11.81
2.83858	2.83858	11.9
2.84688	2.84688	12.14
2.85343	2.85343	12.77
2.8602	2.8602	12.91
2.86698	2.86698	13.2
2.87408	2.87408	13.45
2.88093	2.88093	12.78
2.88763	2.88763	12.37
2.8945	2.8945	12.89
2.90365	2.90365	13.08
2.91084	2.91084	13.91
2.9183	2.9183	14.32
2.92579	2.92579	14.14
2.93344	2.93344	14.67
2.94107	2.94107	14.7
2.94883	2.94883	14.88
2.95673	2.95673	15.04
2.96708	2.96708	14.89
2.97477	2.97477	14.68
2.98235	2.98235	14.45
2.98998	2.98998	14.5
2.99785	2.99785	15.12
3.0058	3.0058	14.97
3.01357	3.01357	15.04
3.02143	3.02143	14.95
3.03157	3.03157	14.43
3.03921	3.03921	14.63
3.04697	3.04697	14.6
3.05475	3.05475	14.84
3.0629	3.0629	15.86
3.07106	3.07106	15.63
3.07938	3.07938	16.07
3.08799	3.08799	16.22
3.09902	3.09902	14.82
3.10718	3.10718	16.19
3.11715	3.11715	19.02
3.12632	3.12632	16.9
3.13462	3.13462	16.58
3.14471	3.14471	18.43
3.1535	3.1535	16.54
3.16528	3.16528	17.78
3.17492	3.17492	18.19
3.18467	3.18467	18.48
3.19416	3.19416	18.26
3.20399	3.20399	18.66
3.2139	3.2139	18.52
3.22287	3.22287	16.83
3.23246	3.23246	19.36
3.24304	3.24304	20.32
3.25658	3.25658	19.35
3.26746	3.26746	20.89
3.27828	3.27828	20.36
3.28884	3.28884	20.62
3.29963	3.29963	20.45
3.30992	3.30992	18.91
3.31993	3.31993	19.4
3.33069	3.33069	20.31
3.34538	3.34538	20.82
3.35612	3.35612	19.89
3.36632	3.36632	19.2
3.37687	3.37687	20.63
3.38759	3.38759	19.02
3.39748	3.39748	19.67
3.40778	3.40778	19.5
3.42093	3.42093	18.81
3.43048	3.43048	19.02
3.44088	3.44088	20.2
3.45132	3.45132	19.68
3.4621	3.4621	20.74
3.47274	3.47274	20.41
3.48304	3.48304	18.93
3.4919	3.4919	16.86
3.50163	3.50163	18.46
3.51499	3.51499	18.91
3.52532	3.52532	19.07
3.53585	3.53585	20.22
3.54593	3.54593	19.32
3.55589	3.55589	19.09
3.56615	3.56615	18.87
3.57587	3.57587	17.86
3.58849	3.58849	18.77
3.59848	3.59848	18.26
3.60773	3.60773	17.85
3.61737	3.61737	19.16
3.62736	3.62736	18.64
3.63701	3.63701	17.97
3.64666	3.64666	18.25
3.65616	3.65616	18
3.66856	3.66856	17.69
3.67772	3.67772	17.51
3.68679	3.68679	17.21
3.69601	3.69601	17.59
3.70513	3.70513	17.28
3.71417	3.71417	17.39
3.72349	3.72349	17.7
3.73278	3.73278	17.4
3.74503	3.74503	17.13
3.75441	3.75441	18.17
3.76375	3.76375	17.11
3.77277	3.77277	16.79
3.7817	3.7817	16.96
3.79048	3.79048	16.36
3.79894	3.79894	16.15
3.80722	3.80722	15.81
3.81827	3.81827	15.71
3.82656	3.82656	15.93
3.83498	3.83498	16.22
3.84364	3.84364	16.55
3.85212	3.85212	16.11
3.86056	3.86056	15.88
3.86886	3.86886	15.72
3.87686	3.87686	15.31
3.88758	3.88758	15.31
3.89546	3.89546	15.12
3.90346	3.90346	15.05
3.91117	3.91117	14.44
3.9184	3.9184	13.55
3.9255	3.9255	13.12
3.93221	3.93221	12.57
3.93888	3.93888	12.84
3.9478	3.9478	12.85
3.95445	3.95445	12.73
3.96104	3.96104	12.1
3.96705	3.96705	11.23
3.97284	3.97284	10.87
3.97831	3.97831	10.53
3.98352	3.98352	9.68
3.98878	3.98878	10.18
3.99591	3.99591	10.26
4.00122	4.00122	10.01
4.00658	4.00658	10.21
4.01163	4.01163	9.51
4.01665	4.01665	9.43
4.02167	4.02167	9.36
4.02649	4.02649	9.27
4.03147	4.03147	9.39
4.03804	4.03804	9.38
4.04286	4.04286	9.79
4.04805	4.04805	9.67
4.05326	4.05326	10.02
4.05812	4.05812	9.06
4.06298	4.06298	9.43
4.06762	4.06762	8.73
4.07216	4.07216	8.65
4.07845	4.07845	9.09
4.08318	4.08318	8.94
4.08784	4.08784	8.95
4.09247	4.09247	8.7
4.09699	4.09699	8.26
4.10136	4.10136	8.16
4.10578	4.10578	8.32
4.11	4.11	8.01
4.11563	4.11563	8.3
4.11968	4.11968	7.48
4.12368	4.12368	7.71
4.12783	4.12783	7.76
4.13185	4.13185	7.79
4.1361	4.1361	8.55
4.14029	4.14029	7.45
4.14421	4.14421	7.73
4.14935	4.14935	7.4
4.15292	4.15292	6.64
4.15648	4.15648	6.7
4.16011	4.16011	7.25
4.16356	4.16356	6.81
4.16695	4.16695	6.62
4.17023	4.17023	6.18
4.17322	4.17322	5.79
4.17754	4.17754	6.06
4.18058	4.18058	5.87
4.1832	4.1832	4.8
4.18572	4.18572	4.55
4.18807	4.18807	4.54
4.19011	4.19011	3.69
4.19228	4.19228	4.14
4.19446	4.19446	4.32
4.19686	4.19686	3.05
4.1984	4.1984	2.51
4.19974	4.19974	2.15
4.20069	4.20069	1.7
4.20139	4.20139	0.92
4.20207	4.20207	1.16
4.20245	4.20245	0.58
4.20265	4.20265	0.3
4.20286	4.20286	0.13
4.20294	4.20294	-0.04
4.20284	4.20284	-0.36
4.20255	4.20255	-0.93
4.2021	4.2021	-0.58
4.20145	4.20145	-0.91
4.20137	4.20137	-0.34
4.20136	4.20136	0.47
4.20141	4.20141	-0.23
4.20122	4.20122	-0.31
4.2011	4.2011	-0.14
4.20087	4.20087	0.28
4.20083	4.20083	0.09
4.20084	4.20084	-0.25
4.2008	4.2008	-0.06
4.20086	4.20086	-0.15
4.20092	4.20092	0.14
4.20117	4.20117	0.16
4.20127	4.20127	-0.23
4.20136	4.20136	0.2
4.20121	4.20121	-0.6
4.20107	4.20107	-0.35
4.201	4.201	-0.08
4.20096	4.20096	-0.05
4.20093	4.20093	-0.16
4.20108	4.20108	0.77
4.20124	4.20124	0.74
4.20179	4.20179	0.91
4.20227	4.20227	0.69
4.20273	4.20273	0.95
4.20308	4.20308	0.42
4.20316	4.20316	-0.1
4.20335	4.20335	0.51
4.2038	4.2038	1.07
4.20412	4.20412	0.62
4.20497	4.20497	1.28
4.20551	4.20551	1.27
4.20611	4.20611	0.88
4.20666	4.20666	1.14
4.20705	4.20705	0.49
4.20738	4.20738	0.63
4.20759	4.20759	0.69
4.20815	4.20815	1.09
4.20882	4.20882	1.22
4.20948	4.20948	1.49
4.21018	4.21018	1.18
4.21057	4.21057	0.57
4.21099	4.21099	0.76
4.21147	4.21147	0.8
4.21178	4.21178	0.44
4.21218	4.21218	1.12
4.21296	4.21296	1.02
4.21348	4.21348	1.06
4.21419	4.21419	1.33
4.21477	4.21477	1.05
4.21513	4.21513	0.71
4.21547	4.21547	0.33
4.21581	4.21581	0.61
4.21642	4.21642	1.1
4.21734	4.21734	1.52
4.21817	4.21817	1.47
4.21898	4.21898	1.35
4.21963	4.21963	1.45
4.22028	4.22028	1.31
4.22091	4.22091	1.22
4.2214	4.2214	0.96
4.22203	4.22203	1.46
4.2226	4.2226	0.6
4.22323	4.22323	1.03
4.22392	4.22392	1.11
4.22457	4.22457	1.09
4.22528	4.22528	1.52
4.22596	4.22596	1.45
4.22635	4.22635	0.96
4.22687	4.22687	1.03
4.22757	4.22757	0.97
4.2281	4.2281	1.33
4.22883	4.22883	1.49
4.22969	4.22969	1.45
4.23053	4.23053	1.85
4.23124	4.23124	1.67
4.23199	4.23199	1.62
4.23244	4.23244	0.94
4.23317	4.23317	1.23
4.23385	4.23385	1.37
4.23461	4.23461	1.58
4.23523	4.23523	1.46
4.23591	4.23591	0.95
4.23627	4.23627	0.88
4.23655	4.23655	0.39
4.237	4.237	0.74
4.2375	4.2375	0.73
4.23804	4.23804	1.45
4.23845	4.23845	0.64
4.23875	4.23875	0.56
4.23911	4.23911	0.21
4.23935	4.23935	0.49
4.23931	4.23931	-0.04
4.23944	4.23944	0.13
4.23968	4.23968	0.53
4.23972	4.23972	0.36
4.23995	4.23995	0.59
4.23993	4.23993	0.07
4.23986	4.23986	-0.13
4.23977	4.23977	0.07
4.23975	4.23975	-0.3
4.23969	4.23969	0.31
4.23955	4.23955	-0.04
4.23954	4.23954	-0.29
4.23956	4.23956	0.41
4.2396	4.2396	0.03
4.23965	4.23965	0.02
4.23947	4.23947	-0.37
4.23929	4.23929	-0.39
4.23887	4.23887	-0.63
4.23854	4.23854	-0.34
4.23833	4.23833	-0.24
4.23818	4.23818	-0.28
4.238	4.238	-0.47
4.23788	4.23788	-0.33
4.23769	4.23769	-0.5
4.23739	4.23739	-0.39
4.23722	4.23722	-0.77
4.23708	4.23708	-0.01
4.23679	4.23679	-0.22
4.23664	4.23664	-0.22
4.23637	4.23637	-0.77
4.23601	4.23601	-0.66
4.23577	4.23577	-0.52
4.23529	4.23529	-1.02
4.23482	4.23482	-0.68
4.2343	4.2343	-0.45
4.234	4.234	-0.42
4.23372	4.23372	-0.62
4.23353	4.23353	-0.56
4.23341	4.23341	-0.17
4.23302	4.23302	-0.69
4.23262	4.23262	-0.85
4.23207	4.23207	-0.85
4.23107	4.23107	-1.57
4.23042	4.23042	-0.97
4.2298	4.2298	-1
4.22937	4.22937	-0.69
4.22914	4.22914	-0.47
4.22871	4.22871	-1.21
4.22826	4.22826	-0.85
4.22749	4.22749	-1.69
4.2268	4.2268	-1.23
4.22625	4.22625	-1.02
4.22587	4.22587	-0.28
4.22555	4.22555	-0.68
4.22524	4.22524	-0.19
4.22482	4.22482	-0.85
4.22422	4.22422	-1.26
4.22357	4.22357	-1.43
4.22272	4.22272	-1.41
4.22215	4.22215	-0.94
4.22193	4.22193	-0.22
4.22169	4.22169	-0.43
4.22119	4.22119	-0.96
4.22118	4.22118	-0.29
4.22083	4.22083	-0.52
4.22054	4.22054	-0.54
4.21988	4.21988	-0.75
4.21937	4.21937	-1
4.21874	4.21874	-1.34
4.21813	4.21813	-1.01
4.21778	4.21778	-0.61
4.21747	4.21747	-0.46
4.21717	4.21717	-0.46
4.21709	4.21709	0.1
4.21702	4.21702	-0.18
4.21666	4.21666	-0.52
4.21638	4.21638	-0.3
4.21607	4.21607	-0.39
4.21586	4.21586	-0.51
4.21548	4.21548	-0.86
4.21532	4.21532	-0.28
4.21497	4.21497	-1.13
4.21441	4.21441	-0.43
4.21396	4.21396	-0.23
4.21366	4.21366	-0.68
4.21347	4.21347	-0.3
4.21333	4.21333	-0.01
4.21316	4.21316	-0.16
4.21285	4.21285	-0.5
4.21253	4.21253	-0.63
4.21225	4.21225	-0.31
4.21208	4.21208	-0.42
4.21196	4.21196	-0.42
4.21172	4.21172	-0.93
4.21133	4.21133	-1.03
4.21097	4.21097	-0.48
4.21063	4.21063	-0.78
4.21046	4.21046	0.14
4.2103	4.2103	-0.36
4.21014	4.21014	-0.31
4.20987	4.20987	-0.65
4.20942	4.20942	-1.01
4.20887	4.20887	-0.81
4.20846	4.20846	-0.46
4.2084	4.2084	0.4
4.20833	4.20833	0.11
4.20814	4.20814	-0.41
4.20799	4.20799	0.1
4.20763	4.20763	-0.74
4.20711	4.20711	-1
4.20675	4.20675	-0.57
4.20613	4.20613	-0.95
4.2059	4.2059	-0.06
4.20586	4.20586	-0.46
4.20589	4.20589	0.29
4.2057	4.2057	-0.49
4.20518	4.20518	-1.18
4.20475	4.20475	-0.72
4.20423	4.20423	-1.1
4.20364	4.20364	-0.58
4.20344	4.20344	-0.31
4.2034	4.2034	0
4.20323	4.20323	-0.49
4.20303	4.20303	-0.39
4.20261	4.20261	-0.6
4.20212	4.20212	-0.88
4.20147	4.20147	-0.92
4.20072	4.20072	-1.2
4.20039	4.20039	-0.38
4.20012	4.20012	-0.24
4.19999	4.19999	-0.31
4.19998	4.19998	-0.05
4.19978	4.19978	-0.37
4.19942	4.19942	-0.87
4.19901	4.19901	-1.06
4.19852	4.19852	-0.77
4.19811	4.19811	-0.54
4.19766	4.19766	-0.61
4.19731	4.19731	-0.66
4.19696	4.19696	-0.9
4.19684	4.19684	-0.35
4.19678	4.19678	-0.16
4.19659	4.19659	-0.68
4.19629	4.19629	-0.96
4.19582	4.19582	-0.99
4.19525	4.19525	-0.8
4.19497	4.19497	-0.61
4.19477	4.19477	-0.49
4.1945	4.1945	-0.65
4.19433	4.19433	-0.1
4.19395	4.19395	-0.94
4.19357	4.19357	-0.55
4.19305	4.19305	-1.14
4.19255	4.19255	-0.55
4.19224	4.19224	-0.45
4.19209	4.19209	-0.19
4.19189	4.19189	-0.61
4.19164	4.19164	-0.34
4.19131	4.19131	-0.62
4.19098	4.19098	-0.52
4.19047	4.19047	-0.92
4.18978	4.18978	-0.89
4.18935	4.18935	-0.77
4.18902	4.18902	-0.68
4.1887	4.1887	-0.25
4.18843	4.18843	-0.49
4.18816	4.18816	-0.56
4.18703	4.18703	-2.57
4.18543	4.18543	-2.91
4.1836	4.1836	-2.22
4.18263	4.18263	-1.67
4.18234	4.18234	-0.31
4.18258	4.18258	0.53
4.18253	4.18253	-0.49
4.18204	4.18204	-0.93
4.18154	4.18154	-0.45
4.1813	4.1813	0
4.1811	4.1811	-0.41
4.18073	4.18073	-0.72
4.18025	4.18025	-1.19
4.17987	4.17987	-0.94
4.17955	4.17955	-0.45
4.17948	4.17948	0.14
4.17934	4.17934	-0.4
4.17901	4.17901	-0.66
4.17836	4.17836	-0.73
4.17812	4.17812	-0.33
4.17795	4.17795	-0.22
4.1779	4.1779	0.13
4.17806	4.17806	0.34
4.17817	4.17817	0.02
4.17794	4.17794	-0.41
4.17758	4.17758	-0.42
4.17712	4.17712	-1.09
4.17675	4.17675	-0.35
4.17644	4.17644	-0.34
4.1764	4.1764	-0.01
4.17644	4.17644	0.21
4.17649	4.17649	0.22
4.17633	4.17633	-0.38
4.17612	4.17612	-0.22
4.17575	4.17575	-0.71
4.17557	4.17557	-0.49
4.17563	4.17563	0.45
4.17568	4.17568	0.31
4.17569	4.17569	-0.06
4.17571	4.17571	0.25
4.17557	4.17557	-0.4
4.17547	4.17547	-0.13
4.17538	4.17538	-0.32
4.17551	4.17551	0.25
4.1755	4.1755	-0.16
4.17533	4.17533	-0.73
4.17462	4.17462	-2.32
4.17444	4.17444	0.72
4.1775	4.1775	8.35
4.18249	4.18249	10.66
4.1846	4.1846	-3.04
4.18292	4.18292	-5.04
4.18165	4.18165	-1.79
4.18125	4.18125	-0.18
4.18138	4.18138	1.21
4.1822	4.1822	0.57
4.18269	4.18269	0.32
4.18214	4.18214	-1.37
4.18123	4.18123	-1.15
4.18059	4.18059	-0.54
4.18094	4.18094	0.52
4.18152	4.18152	1.57
4.18264	4.18264	1.81
4.18322	4.18322	0.5
4.18274	4.18274	-1.08
4.1824	4.1824	-0.64
4.18148	4.18148	-1.49
4.18126	4.18126	-0.08
4.18138	4.18138	0.72
4.18177	4.18177	0.43
4.18225	4.18225	1.18
4.18238	4.18238	-0.03
4.18248	4.18248	0.08
4.1822	4.1822	-0.39
4.18196	4.18196	-0.59
4.18203	4.18203	0.41
4.18203	4.18203	0.15
4.18201	4.18201	-0.02
4.18191	4.18191	0.02
4.18201	4.18201	-0.09
4.182	4.182	0.02
4.18205	4.18205	0.05
4.18215	4.18215	0.08
4.18211	4.18211	-0.02
4.18206	4.18206	0.07
4.18207	4.18207	0.15
4.18204	4.18204	0
4.18205	4.18205	0.16
4.1821	4.1821	-0.09
4.18212	4.18212	0.16
4.18196	4.18196	-0.18
4.18196	4.18196	0.16
4.18192	4.18192	0.05
4.1819	4.1819	0.22
4.18196	4.18196	-0.18
4.18198	4.18198	-0.01
4.18202	4.18202	0.38
4.18202	4.18202	0.24
4.182	4.182	-0.48
4.18219	4.18219	0.65
4.18269	4.18269	0.66
4.18256	4.18256	-0.77
4.18205	4.18205	-0.99
4.18168	4.18168	-0.88
4.18126	4.18126	-0.76
4.18095	4.18095	-0.19
4.18126	4.18126	0.87
4.18167	4.18167	0.59
4.18211	4.18211	1.07
4.18261	4.18261	0.68
4.18286	4.18286	0.01
4.18257	4.18257	-0.62
4.18235	4.18235	-0.25
4.18195	4.18195	-0.7
4.18172	4.18172	-0.11
4.18194	4.18194	0.7
4.18206	4.18206	0.08
4.18215	4.18215	0.07
4.18224	4.18224	0.23
4.18235	4.18235	-0.06
4.18225	4.18225	-0.21
4.1824	4.1824	-0
4.18251	4.18251	-0.14
4.18249	4.18249	0.13
4.18239	4.18239	-0.18
4.18232	4.18232	0.06
4.18219	4.18219	0.03
4.18215	4.18215	-0.16
4.18221	4.18221	0.15
4.18222	4.18222	-0.17
4.18237	4.18237	0.04
4.18239	4.18239	-0.01
4.18239	4.18239	-0
4.18245	4.18245	-0.33
4.18248	4.18248	0.04
4.18246	4.18246	0.05
4.1824	4.1824	-0.04
4.18232	4.18232	-0.19
4.18225	4.18225	0
4.18224	4.18224	-0.17
4.18237	4.18237	0.11
4.18238	4.18238	-0.22
4.18245	4.18245	-0.05
4.18233	4.18233	-0.26
4.1823	4.1823	0.01
4.18232	4.18232	-0.08
4.18231	4.18231	0.05
4.18239	4.18239	0.08
4.18244	4.18244	0.01
4.18241	4.18241	-0.03
4.18228	4.18228	-0.41
4.18216	4.18216	-0.15
4.18182	4.18182	-0.52
4.18191	4.18191	0.13
4.18238	4.18238	0.6
4.18275	4.18275	0.69
4.18288	4.18288	0.02
4.18267	4.18267	-0.4
4.18231	4.18231	-0.68
4.18219	4.18219	-0.16
4.18215	4.18215	0.02
4.18215	4.18215	0.13
4.1822	4.1822	0.16
4.18226	4.18226	-0.05
4.18219	4.18219	-0.22
4.18225	4.18225	0.23
4.18241	4.18241	0.31
4.18233	4.18233	-0.23
4.18231	4.18231	0.04
4.18241	4.18241	0.23
4.18229	4.18229	-0.17
4.18229	4.18229	-0.07
4.18235	4.18235	0.12
4.1822	4.1822	-0.21
4.18218	4.18218	0.15
4.18226	4.18226	0.28
4.18229	4.18229	0.22
4.18229	4.18229	0.06
4.18238	4.18238	-0.12
4.18238	4.18238	-0
4.18231	4.18231	-0.03
4.18234	4.18234	0.2
4.1823	4.1823	0.01
4.18231	4.18231	-0.18
4.18232	4.18232	-0.17
4.18236	4.18236	-0.12
4.18237	4.18237	0.41
4.18231	4.18231	0.06
4.1823	4.1823	0.13
4.18244	4.18244	0.2
4.18262	4.18262	0.14
4.18258	4.18258	-0.34
4.18241	4.18241	-0.5
4.18217	4.18217	-0.57
4.18203	4.18203	0.29
4.18199	4.18199	0.12
4.18214	4.18214	0.37
4.18238	4.18238	0.46
4.18251	4.18251	0.31
4.18241	4.18241	-0.2
4.18232	4.18232	-0.26
4.18219	4.18219	-0.11
4.18204	4.18204	-0.08
4.18206	4.18206	0.12
4.18205	4.18205	-0.41
4.1822	4.1822	0.15
4.1823	4.1823	0.22
4.18236	4.18236	0.09
4.18239	4.18239	0.08
4.18232	4.18232	-0.06
4.18216	4.18216	0.12
4.18199	4.18199	-0.14
4.18196	4.18196	0.01
4.18206	4.18206	0.23
4.18214	4.18214	0.19
4.18217	4.18217	0.07
4.18218	4.18218	-0.25
4.18216	4.18216	-0
4.18218	4.18218	0.09
4.18212	4.18212	-0.29
4.18207	4.18207	-0.13
4.18208	4.18208	-0.01
4.18205	4.18205	0.16
4.18207	4.18207	-0.07
4.18215	4.18215	0.06
4.18207	4.18207	-0.28
4.18207	4.18207	0.13
4.182	4.182	-0.04
4.18191	4.18191	0.02
4.18196	4.18196	0.17
4.18204	4.18204	0.16
4.18221	4.18221	0.51
4.1823	4.1823	0.31
4.18234	4.18234	-0.06
4.18224	4.18224	0.03
4.18207	4.18207	-0.23
4.18202	4.18202	-0.09
4.18204	4.18204	0.19
4.18206	4.18206	0.31
4.182	4.182	-0.18
4.18187	4.18187	-0.17
4.18219	4.18219	0.32
4.18246	4.18246	0.9
4.18248	4.18248	-0.17
4.18256	4.18256	-0.4
4.18208	4.18208	-0.84
4.18209	4.18209	-0.47
4.18196	4.18196	0.01
4.18178	4.18178	-0.45
4.18205	4.18205	0.53
4.18215	4.18215	0.06
4.18196	4.18196	-0.43
4.18198	4.18198	-0.03
4.18219	4.18219	0.15
4.18217	4.18217	0.07
4.18235	4.18235	0.47
4.18252	4.18252	0.27
4.18239	4.18239	-0.27
4.18232	4.18232	-0.19
4.1822	4.1822	0.07
4.18205	4.18205	-0.32
4.18203	4.18203	-0.18
4.18202	4.18202	0.06
4.18194	4.18194	-0.28
4.18196	4.18196	0.17
4.18206	4.18206	0.16
4.18223	4.18223	0.38
4.18235	4.18235	-0.05
4.18245	4.18245	0.36
4.18234	4.18234	-0.13
4.18225	4.18225	-0.2
4.18216	4.18216	-0.05
4.18214	4.18214	-0.26
4.1821	4.1821	-0.07
4.18208	4.18208	-0.03
4.18209	4.18209	0.07
4.18213	4.18213	0.32
4.18216	4.18216	-0.14
4.18223	4.18223	0.06
4.18228	4.18228	-0.15
4.18225	4.18225	-0.01
4.18225	4.18225	-0.23
4.18223	4.18223	-0.08
4.18224	4.18224	-0.07
4.18226	4.18226	0.16
4.18227	4.18227	-0.08
4.1823	4.1823	0.07
4.18225	4.18225	-0.02
4.18222	4.18222	-0.42
4.18227	4.18227	0.07
4.18227	4.18227	0.35
4.18221	4.18221	-0.2
4.18225	4.18225	-0.1
4.18232	4.18232	0.21
4.18234	4.18234	0.04
4.18231	4.18231	0.02
4.18231	4.18231	-0.1
4.18232	4.18232	0.22
4.18229	4.18229	0.04
4.1823	4.1823	0.07
4.18225	4.18225	-0.19
4.18225	4.18225	-0.15
4.18225	4.18225	0.27
4.18221	4.18221	0.11
4.18227	4.18227	0.26
4.18224	4.18224	-0.15
4.18223	4.18223	0.09
4.18227	4.18227	0.06
4.18231	4.18231	0.11
4.18229	4.18229	0.09
4.18227	4.18227	-0.34
4.18231	4.18231	0.24
4.18223	4.18223	0.09
4.18221	4.18221	0.13
4.18222	4.18222	0.12
4.1822	4.1822	-0.13
4.18222	4.18222	0.17
4.18224	4.18224	-0.18
4.18228	4.18228	0.18
4.18229	4.18229	0.28
4.18225	4.18225	0.09
4.18233	4.18233	-0.15
4.18229	4.18229	-0.36
4.18232	4.18232	0.29
4.18229	4.18229	0.17
4.18226	4.18226	-0.06
4.18226	4.18226	0.04
4.18227	4.18227	-0.03
4.18223	4.18223	-0.16
4.18229	4.18229	0.32
4.18228	4.18228	0.11
4.18232	4.18232	0.14
4.18231	4.18231	-0.15
4.18233	4.18233	-0.12
4.18236	4.18236	0.42
4.18231	4.18231	0.06
4.18232	4.18232	-0
4.18234	4.18234	-0.04
4.18231	4.18231	0.18
4.1823	4.1823	0.16
4.1823	4.1823	-0.28
4.18231	4.18231	0.15
4.18228	4.18228	-0.13
4.18225	4.18225	-0.44
4.18229	4.18229	-0.2
4.18225	4.18225	-0.23
4.18236	4.18236	0.35
4.18244	4.18244	0.2
4.18247	4.18247	-0.26
4.18243	4.18243	-0.03
4.18236	4.18236	-0.3
4.18226	4.18226	-0.19
4.18218	4.18218	-0.28
4.18218	4.18218	-0.25
4.1823	4.1823	-0.03
4.18238	4.18238	-0.11
4.18249	4.18249	0.13
4.18253	4.18253	-0.21
4.18251	4.18251	-0.37
4.18243	4.18243	-0.06
4.18235	4.18235	-0.31
4.18237	4.18237	-0.03
4.18233	4.18233	-0.03
4.18239	4.18239	-0.06
4.18235	4.18235	-0.15
4.18232	4.18232	-0.08
4.18226	4.18226	-0.33
4.1823	4.1823	0.27
4.18232	4.18232	0.04
4.18241	4.18241	0.2
4.18243	4.18243	0.03
4.18248	4.18248	0.26
4.18244	4.18244	-0.13
4.18237	4.18237	-0.15
4.1823	4.1823	-0.07
4.18217	4.18217	-0.14
4.18219	4.18219	0.09
4.18218	4.18218	-0.06
4.18235	4.18235	0.37
4.18231	4.18231	-0.44
4.18246	4.18246	0.15
4.18241	4.18241	-0.12
4.18241	4.18241	-0.04
4.18239	4.18239	-0.14
4.18241	4.18241	0.06
4.18235	4.18235	-0.27
4.18238	4.18238	0.06
4.18238	4.18238	0.17
4.1824	4.1824	-0.07
4.1824	4.1824	0.16
4.18232	4.18232	0.06
4.18233	4.18233	0.06
4.18243	4.18243	0.46
4.18247	4.18247	0.23
4.18247	4.18247	0.1
4.18246	4.18246	0.09
4.18242	4.18242	-0.1
4.1824	4.1824	-0.07
4.1824	4.1824	0.13
4.18235	4.18235	0.03
4.18233	4.18233	0.01
4.18234	4.18234	-0.04
4.18239	4.18239	0.17
4.18235	4.18235	-0.17
4.18244	4.18244	0.2
4.18239	4.18239	-0.14
4.18238	4.18238	0.34
4.18232	4.18232	0.01
4.18224	4.18224	-0.46
4.18228	4.18228	-0.12
4.18229	4.18229	-0.23
4.18232	4.18232	0.19
4.18237	4.18237	0.11
4.18241	4.18241	0.2
4.18236	4.18236	-0.15
4.18239	4.18239	0.19
4.18235	4.18235	0.22
4.18231	4.18231	-0.18
4.18233	4.18233	0.09
4.18233	4.18233	-0.28
4.18236	4.18236	0.15
4.18232	4.18232	-0.32
4.18238	4.18238	0.44
4.18238	4.18238	0.35
4.18232	4.18232	-0.33
4.18238	4.18238	0.41
4.18237	4.18237	-0.1
4.18235	4.18235	-0.14
4.18232	4.18232	-0.03
4.18229	4.18229	-0.08
4.18229	4.18229	0.04
4.18225	4.18225	-0.12
4.18232	4.18232	0
4.18232	4.18232	0.07
4.18232	4.18232	-0.2
4.18234	4.18234	-0.19
4.1824	4.1824	0.18
4.18235	4.18235	0.08
4.18225	4.18225	-0.27
4.18234	4.18234	0.15
4.18233	4.18233	0.14
4.18229	4.18229	0.06
4.18231	4.18231	-0.11
4.18236	4.18236	0.18
4.1823	4.1823	-0.09
4.18231	4.18231	-0.19
4.18237	4.18237	0.16
4.18235	4.18235	0.02
4.18232	4.18232	-0.06
4.18238	4.18238	0.27
4.1823	4.1823	-0.09
4.18224	4.18224	-0.26
4.18225	4.18225	-0.37
4.18226	4.18226	0.08
4.18229	4.18229	0.25
4.18225	4.18225	-0.28
4.1823	4.1823	0.03
4.18229	4.18229	-0.03
4.18227	4.18227	0.01
