1	[GPS]	0	31.592373727677128	120.777327317195190	239.319569914144100	0	0	0	0	
1	[GPS]	0	31.592372071894939	120.777324014893520	239.311510291372000	0	0	0	0	
1	[GPS]	0	31.592370432851816	120.777320752735850	239.307821989425490	0	0	0	0	
1	[GPS]	0	31.592370432851816	120.777320752735850	239.307821989425490	0	0	0	0	
1	[GPS]	0	31.592368784961806	120.777317489215950	239.302658366700340	0	0	0	0	
1	[GPS]	0	31.592367114887985	120.777314186168680	239.279982139917960	0	0	0	0	
1	[GPS]	0	31.592365463834859	120.777310836180290	239.254464554599000	0	0	0	0	
1	[GPS]	0	31.592363781730828	120.777307480107550	239.232471346695580	0	0	0	0	
1	[GPS]	0	31.592363781730828	120.777307480107550	239.232471346695580	0	0	0	0	
1	[GPS]	0	31.592360359000018	120.777300697693180	239.184332176104500	0	0	0	0	
1	[GPS]	0	31.592360359000018	120.777300697693180	239.184332176104500	0	0	0	0	
1	[GPS]	0	31.592358630921400	120.777297169587950	239.155590741676690	0	0	0	0	
1	[GPS]	0	31.592356892141428	120.777293723980660	239.127286439331410	0	0	0	0	
1	[GPS]	0	31.592356892141428	120.777293723980660	239.127286439331410	0	0	0	0	
1	[GPS]	0	31.592353316353591	120.777286734634840	239.044914362525530	0	0	0	0	
1	[GPS]	0	31.592353316353591	120.777286734634840	239.044914362525530	0	0	0	0	
1	[GPS]	0	31.592351479329356	120.777283152985660	239.006118890198990	0	0	0	0	
1	[GPS]	0	31.592349658444007	120.777279503003130	238.968962663182050	0	0	0	0	
1	[GPS]	0	31.592349658444007	120.777279503003130	238.968962663182050	0	0	0	0	
1	[GPS]	0	31.592345909149017	120.777272297897110	238.873121454082480	0	0	0	0	
1	[GPS]	0	31.592345909149017	120.777272297897110	238.873121454082480	0	0	0	0	
1	[GPS]	0	31.592344005752238	120.777268610327430	238.834489906286900	0	0	0	0	
1	[GPS]	0	31.592342081797018	120.777264870518310	238.788317830067340	0	0	0	0	
1	[GPS]	0	31.592342081797018	120.777264870518310	238.788317830067340	0	0	0	0	
1	[GPS]	0	31.592338189772665	120.777257364086750	238.707967489143240	0	0	0	0	
1	[GPS]	0	31.592338189772665	120.777257364086750	238.707967489143240	0	0	0	0	
1	[GPS]	0	31.592336218289027	120.777253543328900	238.668871488509980	0	0	0	0	
1	[GPS]	0	31.592334193430403	120.777249656159170	238.619584846202200	0	0	0	0	
1	[GPS]	0	31.592334193430403	120.777249656159170	238.619584846202200	0	0	0	0	
1	[GPS]	0	31.592330175746266	120.777241998905540	238.503936089611950	0	0	0	0	
1	[GPS]	0	31.592330175746266	120.777241998905540	238.503936089611950	0	0	0	0	
1	[GPS]	0	31.592328155774844	120.777238055582960	238.421782578847340	0	0	0	0	
1	[GPS]	0	31.592326116018803	120.777234069438960	238.341869370005810	0	0	0	0	
1	[GPS]	0	31.592326116018803	120.777234069438960	238.341869370005810	0	0	0	0	
1	[GPS]	0	31.592321958611127	120.777226133187700	238.169284159663110	0	0	0	0	
1	[GPS]	0	31.592321958611127	120.777226133187700	238.169284159663110	0	0	0	0	
1	[GPS]	0	31.592319835233027	120.777222078163190	238.079344233678000	0	0	0	0	
1	[GPS]	0	31.592317614934373	120.777217956119780	237.985087628377670	0	0	0	0	
1	[GPS]	0	31.592315458327654	120.777213897635380	237.896677664681500	0	0	0	0	
1	[GPS]	0	31.592313357042208	120.777209828065930	237.793350568668270	0	0	0	0	
1	[GPS]	0	31.592313357042208	120.777209828065930	237.793350568668270	0	0	0	0	
1	[GPS]	0	31.592308904858420	120.777201719761710	237.604973961843370	0	0	0	0	
1	[GPS]	0	31.592308904858420	120.777201719761710	237.604973961843370	0	0	0	0	
1	[GPS]	0	31.592306693477415	120.777197633745790	237.518285205722240	0	0	0	0	
1	[GPS]	0	31.592304559441839	120.777193625151710	237.414439015360980	0	0	0	0	
1	[GPS]	0	31.592304559441839	120.777193625151710	237.414439015360980	0	0	0	0	
1	[GPS]	0	31.592300078462323	120.777185407178420	237.206227540290340	0	0	0	0	
1	[GPS]	0	31.592300078462323	120.777185407178420	237.206227540290340	0	0	0	0	
1	[GPS]	0	31.592297832764839	120.777181301851310	237.106561425468390	0	0	0	0	
1	[GPS]	0	31.592295625907802	120.777177300107030	236.992387989656830	0	0	0	0	
1	[GPS]	0	31.592295625907802	120.777177300107030	236.992387989656830	0	0	0	0	
1	[GPS]	0	31.592291099908259	120.777168996112540	236.764013797278490	0	0	0	0	
1	[GPS]	0	31.592291099908259	120.777168996112540	236.764013797278490	0	0	0	0	
1	[GPS]	0	31.592288794525736	120.777164848475780	236.656916437053160	0	0	0	0	
1	[GPS]	0	31.592286405821124	120.777160810686650	236.535038548286590	0	0	0	0	
1	[GPS]	0	31.592286405821124	120.777160810686650	236.535038548286590	0	0	0	0	
1	[GPS]	0	31.592281612205927	120.777152432279220	236.303276582268380	0	0	0	0	
1	[GPS]	0	31.592281612205927	120.777152432279220	236.303276582268380	0	0	0	0	
1	[GPS]	0	31.592279211934606	120.777148225762520	236.199894844744880	0	0	0	0	
1	[GPS]	0	31.592276800029161	120.777143915723360	236.083563069275640	0	0	0	0	
1	[GPS]	0	31.592276800029161	120.777143915723360	236.083563069275640	0	0	0	0	
1	[GPS]	0	31.592271829874438	120.777135251051860	235.875816047042690	0	0	0	0	
1	[GPS]	0	31.592271829874438	120.777135251051860	235.875816047042690	0	0	0	0	
1	[GPS]	0	31.592269336682314	120.777130925407680	235.778663441695470	0	0	0	0	
1	[GPS]	0	31.592266914339547	120.777126479637870	235.668178307830370	0	0	0	0	
1	[GPS]	0	31.592266914339547	120.777126479637870	235.668178307830370	0	0	0	0	
1	[GPS]	0	31.592261834119952	120.777117566211610	235.462999436582490	0	0	0	0	
1	[GPS]	0	31.592261834119952	120.777117566211610	235.462999436582490	0	0	0	0	
1	[GPS]	0	31.592259273131912	120.777113134105280	235.387539510831890	0	0	0	0	
1	[GPS]	0	31.592256681441089	120.777108685929820	235.294293773472480	0	0	0	0	
1	[GPS]	0	31.592256681441089	120.777108685929820	235.294293773472480	0	0	0	0	
1	[GPS]	0	31.592251337065701	120.777099664738910	235.164465544954480	0	0	0	0	
1	[GPS]	0	31.592251337065701	120.777099664738910	235.164465544954480	0	0	0	0	
1	[GPS]	0	31.592248682264607	120.777095146448990	235.116080487566960	0	0	0	0	
1	[GPS]	0	31.592245872529659	120.777090465895130	235.079088185080990	0	0	0	0	
1	[GPS]	0	31.592243124329830	120.777085847066990	235.055401090357720	0	0	0	0	
1	[GPS]	0	31.592240408039260	120.777081208986200	235.053679882782630	0	0	0	0	
1	[GPS]	0	31.592240408039260	120.777081208986200	235.053679882782630	0	0	0	0	
1	[GPS]	0	31.592234855088773	120.777071966634450	235.066083505625100	0	0	0	0	
1	[GPS]	0	31.592234855088773	120.777071966634450	235.066083505625100	0	0	0	0	
1	[GPS]	0	31.592232082551881	120.777067255979280	235.075864335972170	0	0	0	0	
1	[GPS]	0	31.592229316589073	120.777062531064900	235.089251506000350	0	0	0	0	
1	[GPS]	0	31.592229316589073	120.777062531064900	235.089251506000350	0	0	0	0	
1	[GPS]	0	31.592223774132869	120.777053085209810	235.126052563200230	0	0	0	0	
1	[GPS]	0	31.592223774132869	120.777053085209810	235.126052563200230	0	0	0	0	
1	[GPS]	0	31.592220976118732	120.777048228919500	235.158919431657100	0	0	0	0	
1	[GPS]	0	31.592218115719614	120.777043346220170	235.214025394813860	0	0	0	0	
1	[GPS]	0	31.592218115719614	120.777043346220170	235.214025394813860	0	0	0	0	
1	[GPS]	0	31.592212486461914	120.777033620650850	235.392539209026100	0	0	0	0	
1	[GPS]	0	31.592212486461914	120.777033620650850	235.392539209026100	0	0	0	0	
1	[GPS]	0	31.592209667318144	120.777028659327060	235.499226757923960	0	0	0	0	
1	[GPS]	0	31.592206792299812	120.777023745794620	235.593073551896910	0	0	0	0	
1	[GPS]	0	31.592206792299812	120.777023745794620	235.593073551896910	0	0	0	0	
1	[GPS]	0	31.592201096363009	120.777013723547100	235.742982535457140	0	0	0	0	
1	[GPS]	0	31.592201096363009	120.777013723547100	235.742982535457140	0	0	0	0	
1	[GPS]	0	31.592198210799090	120.777008622889340	235.797186913693620	0	0	0	0	
1	[GPS]	0	31.592195354202794	120.777003494368490	235.862702084566140	0	0	0	0	
1	[GPS]	0	31.592195354202794	120.777003494368490	235.862702084566140	0	0	0	0	
1	[GPS]	0	31.592189592835378	120.776993210424820	235.991983897980930	0	0	0	0	
1	[GPS]	0	31.592189592835378	120.776993210424820	235.991983897980930	0	0	0	0	
1	[GPS]	0	31.592186663921584	120.776988035564680	236.060285785879700	0	0	0	0	
1	[GPS]	0	31.592183719150739	120.776982661980530	236.142985711747570	0	0	0	0	
1	[GPS]	0	31.592183719150739	120.776982661980530	236.142985711747570	0	0	0	0	
1	[GPS]	0	31.592177784700237	120.776972094475410	236.369611375795730	0	0	0	0	
1	[GPS]	0	31.592177784700237	120.776972094475410	236.369611375795730	0	0	0	0	
1	[GPS]	0	31.592174832094699	120.776966738685640	236.501024208112990	0	0	0	0	
1	[GPS]	0	31.592171810740748	120.776961268670890	236.622109794979960	0	0	0	0	
1	[GPS]	0	31.592171810740748	120.776961268670890	236.622109794979960	0	0	0	0	
1	[GPS]	0	31.592165907649022	120.776950475733860	236.833627081424910	0	0	0	0	
1	[GPS]	0	31.592165907649022	120.776950475733860	236.833627081424910	0	0	0	0	
1	[GPS]	0	31.592162835213127	120.776944791092500	236.927747082949400	0	0	0	0	
1	[GPS]	0	31.592159829374726	120.776939269125930	237.021293348615590	0	0	0	0	
1	[GPS]	0	31.592156823404206	120.776933701375950	237.102272066908400	0	0	0	0	
1	[GPS]	0	31.592153876769267	120.776928043718740	237.171694105768690	0	0	0	0	
1	[GPS]	0	31.592153876769267	120.776928043718740	237.171694105768690	0	0	0	0	
1	[GPS]	0	31.592147814964996	120.776916698997670	237.284774711373930	0	0	0	0	
1	[GPS]	0	31.592147814964996	120.776916698997670	237.284774711373930	0	0	0	0	
1	[GPS]	0	31.592144777247359	120.776910986392660	237.333077806495910	0	0	0	0	
1	[GPS]	0	31.592141667670401	120.776905189943800	237.381517505393820	0	0	0	0	
1	[GPS]	0	31.592141667670401	120.776905189943800	237.381517505393820	0	0	0	0	
1	[GPS]	0	31.592135563720237	120.776893543662450	237.493122790220350	0	0	0	0	
1	[GPS]	0	31.592135563720237	120.776893543662450	237.493122790220350	0	0	0	0	
1	[GPS]	0	31.592132478737174	120.776887697763300	237.539376828705430	0	0	0	0	
1	[GPS]	0	31.592129380982801	120.776881815829510	237.584783923780550	0	0	0	0	
1	[GPS]	0	31.592129380982801	120.776881815829510	237.584783923780550	0	0	0	0	
1	[GPS]	0	31.592123143062786	120.776869945493530	237.680625132880100	0	0	0	0	
1	[GPS]	0	31.592123143062786	120.776869945493530	237.680625132880100	0	0	0	0	
1	[GPS]	0	31.592120004649175	120.776863954475080	237.728545737429870	0	0	0	0	
1	[GPS]	0	31.592116851308603	120.776857926837520	237.774417285342710	0	0	0	0	
1	[GPS]	0	31.592116851308603	120.776857926837520	237.774417285342710	0	0	0	0	
1	[GPS]	0	31.592110504083347	120.776845759534890	237.867608381191790	0	0	0	0	
1	[GPS]	0	31.592110504083347	120.776845759534890	237.867608381191790	0	0	0	0	
1	[GPS]	0	31.592107309407844	120.776839619359350	237.913698495145920	0	0	0	0	
1	[GPS]	0	31.592104101848619	120.776833445754350	237.972492760249200	0	0	0	0	
1	[GPS]	0	31.592104101848619	120.776833445754350	237.972492760249200	0	0	0	0	
1	[GPS]	0	31.592098846550588	120.776823247030630	238.122756913626460	0	0	0	0	
1	[GPS]	0	31.592098846550588	120.776823247030630	238.122756913626460	0	0	0	0	
1	[GPS]	0	31.592095707612522	120.776817179087890	238.159421367050530	0	0	0	0	
1	[GPS]	0	31.592092514535416	120.776811082772990	238.193708914775730	0	0	0	0	
1	[GPS]	0	31.592092514535416	120.776811082772990	238.193708914775730	0	0	0	0	
1	[GPS]	0	31.592085920309593	120.776798453281900	238.247421519419360	0	0	0	0	
1	[GPS]	0	31.592085920309593	120.776798453281900	238.247421519419360	0	0	0	0	
1	[GPS]	0	31.592082584191488	120.776792032087950	238.262447934757060	0	0	0	0	
1	[GPS]	0	31.592079230537951	120.776785564863330	238.275917067050730	0	0	0	0	
1	[GPS]	0	31.592079230537951	120.776785564863330	238.275917067050730	0	0	0	0	
1	[GPS]	0	31.592072478825582	120.776772467443650	238.316433746952240	0	0	0	0	
1	[GPS]	0	31.592072478825582	120.776772467443650	238.316433746952240	0	0	0	0	
1	[GPS]	0	31.592069041537233	120.776765737359650	238.345994804034830	0	0	0	0	
1	[GPS]	0	31.592065649362812	120.776759108973490	238.374408389400740	0	0	0	0	
1	[GPS]	0	31.592062220903031	120.776752502902750	238.395336087852940	0	0	0	0	
1	[GPS]	0	31.592058776074332	120.776745938615390	238.408094880512460	0	0	0	0	
1	[GPS]	0	31.592058776074332	120.776745938615390	238.408094880512460	0	0	0	0	
1	[GPS]	0	31.592055307778232	120.776739439408640	238.416974125939280	0	0	0	0	
1	[GPS]	0	31.592051850969096	120.776732773952870	238.421072239213200	0	0	0	0	
1	[GPS]	0	31.592048375556818	120.776726073681270	238.431754654480610	0	0	0	0	
1	[GPS]	0	31.592044882136019	120.776719336754080	238.439650352721690	0	0	0	0	
1	[GPS]	0	31.592044882136019	120.776719336754080	238.439650352721690	0	0	0	0	
1	[GPS]	0	31.592041370603258	120.776712563157490	238.441808692379340	0	0	0	0	
1	[GPS]	0	31.592037842187345	120.776705752886020	238.446125371694510	0	0	0	0	
1	[GPS]	0	31.592034298336493	120.776698904011130	238.456589220920560	0	0	0	0	
1	[GPS]	0	31.592030738914843	120.776692017336360	238.482543938322100	0	0	0	0	
1	[GPS]	0	31.592030738914843	120.776692017336360	238.482543938322100	0	0	0	0	
1	[GPS]	0	31.592023540438262	120.776679194122080	238.585269977721820	0	0	0	0	
1	[GPS]	0	31.592023540438262	120.776679194122080	238.585269977721820	0	0	0	0	
1	[GPS]	0	31.592019957395536	120.776673285666390	238.644583337173200	0	0	0	0	
1	[GPS]	0	31.592016340955762	120.776667284518080	238.693678734194800	0	0	0	0	
1	[GPS]	0	31.592016340955762	120.776667284518080	238.693678734194800	0	0	0	0	
1	[GPS]	0	31.592009165676156	120.776655023243620	238.746899565245540	0	0	0	0	
1	[GPS]	0	31.592009165676156	120.776655023243620	238.746899565245540	0	0	0	0	
1	[GPS]	0	31.592005542317288	120.776648515292850	238.768209754269920	0	0	0	0	
1	[GPS]	0	31.592001943173468	120.776641814137160	238.787935339495140	0	0	0	0	
1	[GPS]	0	31.592001943173468	120.776641814137160	238.787935339495140	0	0	0	0	
1	[GPS]	0	31.591994626744214	120.776627835139750	238.832659415691270	0	0	0	0	
1	[GPS]	0	31.591994626744214	120.776627835139750	238.832659415691270	0	0	0	0	
1	[GPS]	0	31.591990870399577	120.776620626353900	238.855390283983950	0	0	0	0	
1	[GPS]	0	31.591987150066242	120.776613314345790	238.880962510813330	0	0	0	0	
1	[GPS]	0	31.591987150066242	120.776613314345790	238.880962510813330	0	0	0	0	
1	[GPS]	0	31.591979676012372	120.776598439085180	238.933527643740180	0	0	0	0	
1	[GPS]	0	31.591979676012372	120.776598439085180	238.933527643740180	0	0	0	0	
1	[GPS]	0	31.591975882447286	120.776590915373730	238.955384247867760	0	0	0	0	
1	[GPS]	0	31.591972071250517	120.776583276466380	238.973525229293670	0	0	0	0	
1	[GPS]	0	31.591972071250517	120.776583276466380	238.973525229293670	0	0	0	0	
1	[GPS]	0	31.591964407176054	120.776567870011600	239.019041607389430	0	0	0	0	
1	[GPS]	0	31.591964407176054	120.776567870011600	239.019041607389430	0	0	0	0	
1	[GPS]	0	31.591960627818914	120.776560232708700	239.034860324626780	0	0	0	0	
1	[GPS]	0	31.591956877631898	120.776552661470460	239.053247192849140	0	0	0	0	
1	[GPS]	0	31.591953159233601	120.776545174085270	239.062153759031190	0	0	0	0	
1	[GPS]	0	31.591949444555940	120.776537648635270	239.064585306240360	0	0	0	0	
1	[GPS]	0	31.591949444555940	120.776537648635270	239.064585306240360	0	0	0	0	
1	[GPS]	0	31.591942077078315	120.776522569268200	239.054230740034910	0	0	0	0	
1	[GPS]	0	31.591942077078315	120.776522569268200	239.054230740034910	0	0	0	0	
1	[GPS]	0	31.591938374507432	120.776515014829630	239.052290966418580	0	0	0	0	
1	[GPS]	0	31.591934666300954	120.776507442020460	239.053766287197130	0	0	0	0	
1	[GPS]	0	31.591934666300954	120.776507442020460	239.053766287197130	0	0	0	0	
1	[GPS]	0	31.591927238494183	120.776492252871790	239.059667570311630	0	0	0	0	
1	[GPS]	0	31.591927238494183	120.776492252871790	239.059667570311630	0	0	0	0	
1	[GPS]	0	31.591923482115931	120.776484573515300	239.056416400447660	0	0	0	0	
1	[GPS]	0	31.591919707101074	120.776476852102990	239.055733381568700	0	0	0	0	
1	[GPS]	0	31.591919707101074	120.776476852102990	239.055733381568700	0	0	0	0	
1	[GPS]	0	31.591912207898968	120.776461572802890	239.055869985344490	0	0	0	0	
1	[GPS]	0	31.591912207898968	120.776461572802890	239.055869985344490	0	0	0	0	
1	[GPS]	0	31.591908490979264	120.776454061702000	239.059121155208430	0	0	0	0	
1	[GPS]	0	31.591904785770826	120.776446580973340	239.059530966535850	0	0	0	0	
1	[GPS]	0	31.591904785770826	120.776446580973340	239.059530966535850	0	0	0	0	
1	[GPS]	0	31.591897239083984	120.776431414803370	239.046089154997300	0	0	0	0	
1	[GPS]	0	31.591897239083984	120.776431414803370	239.046089154997300	0	0	0	0	
1	[GPS]	0	31.591893343170405	120.776423650404740	239.019123569654940	0	0	0	0	
1	[GPS]	0	31.591889413857110	120.776415884398130	238.989863040879070	0	0	0	0	
1	[GPS]	0	31.591889413857110	120.776415884398130	238.989863040879070	0	0	0	0	
1	[GPS]	0	31.591881986234245	120.776401038221480	238.917353756685770	0	0	0	0	
1	[GPS]	0	31.591881986234245	120.776401038221480	238.917353756685770	0	0	0	0	
1	[GPS]	0	31.591877966836503	120.776393393790710	238.875252472984950	0	0	0	0	
1	[GPS]	0	31.591874006889302	120.776385724225820	238.837440547844210	0	0	0	0	
1	[GPS]	0	31.591874006889302	120.776385724225820	238.837440547844210	0	0	0	0	
1	[GPS]	0	31.591866150187407	120.776370458426970	238.761570810766220	0	0	0	0	
1	[GPS]	0	31.591866150187407	120.776370458426970	238.761570810766220	0	0	0	0	
1	[GPS]	0	31.591862207611985	120.776362890300040	238.721054130864640	0	0	0	0	
1	[GPS]	0	31.591858292052045	120.776355464834850	238.680892620780130	0	0	0	0	
1	[GPS]	0	31.591858292052045	120.776355464834850	238.680892620780130	0	0	0	0	
1	[GPS]	0	31.591850472958342	120.776340765747380	238.589313449485450	0	0	0	0	
1	[GPS]	0	31.591850472958342	120.776340765747380	238.589313449485450	0	0	0	0	
1	[GPS]	0	31.591846606185754	120.776333549303360	238.547130203519170	0	0	0	0	
1	[GPS]	0	31.591842730668283	120.776326376441260	238.498335334804300	0	0	0	0	
1	[GPS]	0	31.591838906580655	120.776319320074240	238.450906503847390	0	0	0	0	
1	[GPS]	0	31.591835139799674	120.776312356586290	238.405417446506760	0	0	0	0	
1	[GPS]	0	31.591835139799674	120.776312356586290	238.405417446506760	0	0	0	0	
1	[GPS]	0	31.591827612909288	120.776298500660370	238.325394954644570	0	0	0	0	
1	[GPS]	0	31.591827612909288	120.776298500660370	238.325394954644570	0	0	0	0	
1	[GPS]	0	31.591823817485039	120.776291561089390	238.284304538884640	0	0	0	0	
1	[GPS]	0	31.591820002321487	120.776284601634910	238.252120689306790	0	0	0	0	
1	[GPS]	0	31.591820002321487	120.776284601634910	238.252120689306790	0	0	0	0	
1	[GPS]	0	31.591812360901962	120.776270656753600	238.192178952486810	0	0	0	0	
1	[GPS]	0	31.591812360901962	120.776270656753600	238.192178952486810	0	0	0	0	
1	[GPS]	0	31.591808517460748	120.776263653097590	238.170595555910810	0	0	0	0	
1	[GPS]	0	31.591804681651045	120.776256656020120	238.153192234874150	0	0	0	0	
1	[GPS]	0	31.591804681651045	120.776256656020120	238.153192234874150	0	0	0	0	
1	[GPS]	0	31.591797032580033	120.776242673836040	238.112894121013910	0	0	0	0	
1	[GPS]	0	31.591797032580033	120.776242673836040	238.112894121013910	0	0	0	0	
1	[GPS]	0	31.591793218826872	120.776235684351510	238.096146498101120	0	0	0	0	
1	[GPS]	0	31.591789434877981	120.776228688434630	238.084207328096430	0	0	0	0	
1	[GPS]	0	31.591789434877981	120.776228688434630	238.084207328096430	0	0	0	0	
1	[GPS]	0	31.591781909276325	120.776214959952800	238.083988762055160	0	0	0	0	
1	[GPS]	0	31.591781909276325	120.776214959952800	238.083988762055160	0	0	0	0	
1	[GPS]	0	31.591778158758011	120.776208126066460	238.083879479034490	0	0	0	0	
1	[GPS]	0	31.591774417213962	120.776201313581040	238.086502271529810	0	0	0	0	
1	[GPS]	0	31.591774417213962	120.776201313581040	238.086502271529810	0	0	0	0	
1	[GPS]	0	31.591766962552036	120.776187756450070	238.084699101689300	0	0	0	0	
1	[GPS]	0	31.591766962552036	120.776187756450070	238.084699101689300	0	0	0	0	
1	[GPS]	0	31.591763254386642	120.776181014122440	238.076311629855300	0	0	0	0	
1	[GPS]	0	31.591759562520267	120.776174302627570	238.064891554198600	0	0	0	0	
1	[GPS]	0	31.591759562520267	120.776174302627570	238.064891554198600	0	0	0	0	
1	[GPS]	0	31.591752108685117	120.776161856838540	238.067568988204270	0	0	0	0	
1	[GPS]	0	31.591752108685117	120.776161856838540	238.067568988204270	0	0	0	0	
1	[GPS]	0	31.591748626000385	120.776155657178750	238.083005214869390	0	0	0	0	
1	[GPS]	0	31.591745250127488	120.776149419080600	238.095955252814970	0	0	0	0	
1	[GPS]	0	31.591745250127488	120.776149419080600	238.095955252814970	0	0	0	0	
1	[GPS]	0	31.591738744608445	120.776136905710420	238.152017442402330	0	0	0	0	
1	[GPS]	0	31.591738744608445	120.776136905710420	238.152017442402330	0	0	0	0	
1	[GPS]	0	31.591735630400507	120.776130704666490	238.178545895662240	0	0	0	0	
1	[GPS]	0	31.591732497148357	120.776124484631210	238.217368688743870	0	0	0	0	
1	[GPS]	0	31.591732497148357	120.776124484631210	238.217368688743870	0	0	0	0	
1	[GPS]	0	31.591726094840059	120.776112000982370	238.296926727768350	0	0	0	0	
1	[GPS]	0	31.591726094840059	120.776112000982370	238.296926727768350	0	0	0	0	
1	[GPS]	0	31.591719939016961	120.776099539800340	238.364572917543340	0	0	0	0	
1	[GPS]	0	31.591719939016961	120.776099539800340	238.364572917543340	0	0	0	0	
1	[GPS]	0	31.591716821063486	120.776093334738010	238.391948314213180	0	0	0	0	
1	[GPS]	0	31.591713793721851	120.776087213940300	238.425716767590250	0	0	0	0	
1	[GPS]	0	31.591713793721851	120.776087213940300	238.425716767590250	0	0	0	0	
1	[GPS]	0	31.591707683395992	120.776075166962930	238.472407938157910	0	0	0	0	
1	[GPS]	0	31.591707683395992	120.776075166962930	238.472407938157910	0	0	0	0	
1	[GPS]	0	31.591704572442570	120.776069263097070	238.484292466652280	0	0	0	0	
1	[GPS]	0	31.591701478313990	120.776063559053130	238.492516013955280	0	0	0	0	
1	[GPS]	0	31.591701478313990	120.776063559053130	238.492516013955280	0	0	0	0	
1	[GPS]	0	31.591695399902303	120.776052332143590	238.500493674461890	0	0	0	0	
1	[GPS]	0	31.591695399902303	120.776052332143590	238.500493674461890	0	0	0	0	
1	[GPS]	0	31.591692440544765	120.776046695801230	238.502679334874670	0	0	0	0	
1	[GPS]	0	31.591689508210589	120.776041113575120	238.503662882060410	0	0	0	0	
1	[GPS]	0	31.591689508210589	120.776041113575120	238.503662882060410	0	0	0	0	
1	[GPS]	0	31.591683726816573	120.776030110952220	238.472653824954390	0	0	0	0	
1	[GPS]	0	31.591683726816573	120.776030110952220	238.472653824954390	0	0	0	0	
1	[GPS]	0	31.591680874051626	120.776024689424570	238.455332466183220	0	0	0	0	
1	[GPS]	0	31.591678047040343	120.776019323426040	238.429377748781660	0	0	0	0	
1	[GPS]	0	31.591678047040343	120.776019323426040	238.429377748781660	0	0	0	0	
1	[GPS]	0	31.591672759637579	120.776009649261040	238.379380766839770	0	0	0	0	
1	[GPS]	0	31.591672759637579	120.776009649261040	238.379380766839770	0	0	0	0	
1	[GPS]	0	31.591670390160179	120.776005364908160	238.345175181380060	0	0	0	0	
1	[GPS]	0	31.591668006852675	120.776001150800580	238.304521897702700	0	0	0	0	
1	[GPS]	0	31.591668006852675	120.776001150800580	238.304521897702700	0	0	0	0	
1	[GPS]	0	31.591662843786853	120.775992719420240	238.196222424250410	0	0	0	0	
1	[GPS]	0	31.591662843786853	120.775992719420240	238.196222424250410	0	0	0	0	
1	[GPS]	0	31.591660215124314	120.775988347560600	238.142318574320710	0	0	0	0	
1	[GPS]	0	31.591657507067595	120.775983857262060	238.086584233795290	0	0	0	0	
1	[GPS]	0	31.591657507067595	120.775983857262060	238.086584233795290	0	0	0	0	
1	[GPS]	0	31.591652122579553	120.775974603021060	237.949406722139370	0	0	0	0	
1	[GPS]	0	31.591652122579553	120.775974603021060	237.949406722139370	0	0	0	0	
1	[GPS]	0	31.591649601495028	120.775970227649450	237.863291701876590	0	0	0	0	
1	[GPS]	0	31.591647099503653	120.775965912878760	237.764991624812720	0	0	0	0	
1	[GPS]	0	31.591647099503653	120.775965912878760	237.764991624812720	0	0	0	0	
1	[GPS]	0	31.591642152625901	120.775957459325040	237.537519017354580	0	0	0	0	
1	[GPS]	0	31.591642152625901	120.775957459325040	237.537519017354580	0	0	0	0	
1	[GPS]	0	31.591639710133670	120.775953322195480	237.402909656683650	0	0	0	0	
1	[GPS]	0	31.591637287429833	120.775949245625900	237.256306484497710	0	0	0	0	
1	[GPS]	0	31.591634883167750	120.775945234361470	237.094212444136330	0	0	0	0	
1	[GPS]	0	31.591632497469494	120.775941293549010	236.927829045214910	0	0	0	0	
1	[GPS]	0	31.591632497469494	120.775941293549010	236.927829045214910	0	0	0	0	
1	[GPS]	0	31.591630474837721	120.775936644676510	236.738441570449110	0	0	0	0	
1	[GPS]	0	31.591628528822319	120.775932295438650	236.531240963319450	0	0	0	0	
1	[GPS]	0	31.591626645060376	120.775928060239490	236.310325337099580	0	0	0	0	
1	[GPS]	0	31.591624449553095	120.775924234522930	236.071924427577700	0	0	0	0	
1	[GPS]	0	31.591624449553095	120.775924234522930	236.071924427577700	0	0	0	0	
1	[GPS]	0	31.591620778236585	120.775916498827600	235.587035665006680	0	0	0	0	
1	[GPS]	0	31.591620778236585	120.775916498827600	235.587035665006680	0	0	0	0	
1	[GPS]	0	31.591618952637099	120.775912900588410	235.308555207665760	0	0	0	0	
1	[GPS]	0	31.591617098637997	120.775909435474820	235.015266901028330	0	0	0	0	
1	[GPS]	0	31.591617098637997	120.775909435474820	235.015266901028330	0	0	0	0	
1	[GPS]	0	31.591613469749188	120.775902641787670	234.370688324549970	0	0	0	0	
1	[GPS]	0	31.591613469749188	120.775902641787670	234.370688324549970	0	0	0	0	
1	[GPS]	0	31.591611594779089	120.775899361957490	234.034096620984800	0	0	0	0	
1	[GPS]	0	31.591609693846610	120.775896154774320	233.683134200205700	0	0	0	0	
1	[GPS]	0	31.591609693846610	120.775896154774320	233.683134200205700	0	0	0	0	
1	[GPS]	0	31.591605854703374	120.775889899559900	232.885450111813410	0	0	0	0	
1	[GPS]	0	31.591605854703374	120.775889899559900	232.885450111813410	0	0	0	0	
1	[GPS]	0	31.591603896039590	120.775886876791570	232.443564217863470	0	0	0	0	
1	[GPS]	0	31.591601906741420	120.775883900760150	231.996705946474460	0	0	0	0	
1	[GPS]	0	31.591601906741420	120.775883900760150	231.996705946474460	0	0	0	0	
1	[GPS]	0	31.591597880734252	120.775878126449270	231.063483591735860	0	0	0	0	
1	[GPS]	0	31.591597880734252	120.775878126449270	231.063483591735860	0	0	0	0	
1	[GPS]	0	31.591595843813948	120.775875328515810	230.570945017720130	0	0	0	0	
1	[GPS]	0	31.591593758675796	120.775872499697370	230.037343348699750	0	0	0	0	
1	[GPS]	0	31.591593758675796	120.775872499697370	230.037343348699750	0	0	0	0	
1	[GPS]	0	31.591589640880901	120.775867106640310	228.930197066615620	0	0	0	0	
1	[GPS]	0	31.591589640880901	120.775867106640310	228.930197066615620	0	0	0	0	
1	[GPS]	0	31.591587580118563	120.775864496333060	228.329632226699200	0	0	0	0	
1	[GPS]	0	31.591585520558148	120.775861921414130	227.704792895823600	0	0	0	0	
1	[GPS]	0	31.591585520558148	120.775861921414130	227.704792895823600	0	0	0	0	
1	[GPS]	0	31.591581403810153	120.775856892749220	226.384080270657590	0	0	0	0	
1	[GPS]	0	31.591581403810153	120.775856892749220	226.384080270657590	0	0	0	0	
1	[GPS]	0	31.591579337582626	120.775854478307420	225.698397618041780	0	0	0	0	
1	[GPS]	0	31.591577258152121	120.775852118081120	224.991882889616700	0	0	0	0	
1	[GPS]	0	31.591575181180126	120.775849806750360	224.266598802397200	0	0	0	0	
1	[GPS]	0	31.591573115724710	120.775847569487520	223.522914186577650	0	0	0	0	
1	[GPS]	0	31.591573115724710	120.775847569487520	223.522914186577650	0	0	0	0	
1	[GPS]	0	31.591569000036102	120.775843267345790	222.031405860531950	0	0	0	0	
1	[GPS]	0	31.591569000036102	120.775843267345790	222.031405860531950	0	0	0	0	
1	[GPS]	0	31.591566952793020	120.775841192998680	221.273364187876150	0	0	0	0	
1	[GPS]	0	31.591564901810735	120.775839199258160	220.505746590537000	0	0	0	0	
1	[GPS]	0	31.591564901810735	120.775839199258160	220.505746590537000	0	0	0	0	
1	[GPS]	0	31.591562844822260	120.775837260731510	219.727064087358090	0	0	0	0	
1	[GPS]	0	31.591560782213406	120.775835383139740	218.917604753492010	0	0	0	0	
1	[GPS]	0	31.591558723616863	120.775833552132920	218.084075834330490	0	0	0	0	
1	[GPS]	0	31.591556665415506	120.775831805612160	217.225848952504780	0	0	0	0	
1	[GPS]	0	31.591556665415506	120.775831805612160	217.225848952504780	0	0	0	0	
1	[GPS]	0	31.591552554002948	120.775828451650910	215.455286433259830	0	0	0	0	
1	[GPS]	0	31.591552554002948	120.775828451650910	215.455286433259830	0	0	0	0	
1	[GPS]	0	31.591550486825550	120.775826843080100	214.563441362210310	0	0	0	0	
1	[GPS]	0	31.591548414070648	120.775825298314400	213.676104215762020	0	0	0	0	
1	[GPS]	0	31.591548414070648	120.775825298314400	213.676104215762020	0	0	0	0	
1	[GPS]	0	31.591544277543477	120.775822383399560	211.915131281578110	0	0	0	0	
1	[GPS]	0	31.591544277543477	120.775822383399560	211.915131281578110	0	0	0	0	
1	[GPS]	0	31.591542213931419	120.775821002803720	211.028203946457240	0	0	0	0	
1	[GPS]	0	31.591540155498109	120.775819688366790	210.115267252424530	0	0	0	0	
1	[GPS]	0	31.591540155498109	120.775819688366790	210.115267252424530	0	0	0	0	
1	[GPS]	0	31.591536045017435	120.775817168140610	208.238522618252150	0	0	0	0	
1	[GPS]	0	31.591536045017435	120.775817168140610	208.238522618252150	0	0	0	0	
1	[GPS]	0	31.591533949528177	120.775815956794360	207.258390526904610	0	0	0	0	
1	[GPS]	0	31.591531903474266	120.775814831385900	206.303721379365810	0	0	0	0	
1	[GPS]	0	31.591531903474266	120.775814831385900	206.303721379365810	0	0	0	0	
1	[GPS]	0	31.591527835950487	120.775812744221500	204.472930255371690	0	0	0	0	
1	[GPS]	0	31.591527835950487	120.775812744221500	204.472930255371690	0	0	0	0	
1	[GPS]	0	31.591525794474208	120.775811768438360	203.599458392166950	0	0	0	0	
1	[GPS]	0	31.591523731625738	120.775810850788370	202.741135887698140	0	0	0	0	
1	[GPS]	0	31.591523731625738	120.775810850788370	202.741135887698140	0	0	0	0	
1	[GPS]	0	31.591519565014714	120.775809110017050	201.050595860315410	0	0	0	0	
1	[GPS]	0	31.591519565014714	120.775809110017050	201.050595860315410	0	0	0	0	
1	[GPS]	0	31.591517463609676	120.775808297704690	200.219266261944200	0	0	0	0	
1	[GPS]	0	31.591515350564098	120.775807531178220	199.395750399548580	0	0	0	0	
1	[GPS]	0	31.591515350564098	120.775807531178220	199.395750399548580	0	0	0	0	
1	[GPS]	0	31.591511131606737	120.775806084441470	197.718857089368040	0	0	0	0	
1	[GPS]	0	31.591511131606737	120.775806084441470	197.718857089368040	0	0	0	0	
1	[GPS]	0	31.591506922754665	120.775804748169070	196.064366798418290	0	0	0	0	
1	[GPS]	0	31.591506922754665	120.775804748169070	196.064366798418290	0	0	0	0	
1	[GPS]	0	31.591504808945821	120.775804131070100	195.233365049108930	0	0	0	0	
1	[GPS]	0	31.591502692206920	120.775803562863840	194.394549563823940	0	0	0	0	
1	[GPS]	0	31.591502692206920	120.775803562863840	194.394549563823940	0	0	0	0	
1	[GPS]	0	31.591498475837664	120.775802505049800	192.717833838552000	0	0	0	0	
1	[GPS]	0	31.591498475837664	120.775802505049800	192.717833838552000	0	0	0	0	
1	[GPS]	0	31.591496370721412	120.775802028957760	191.891107787425140	0	0	0	0	
1	[GPS]	0	31.591494265047494	120.775801587174600	191.071116302445090	0	0	0	0	
1	[GPS]	0	31.591494265047494	120.775801587174600	191.071116302445090	0	0	0	0	
1	[GPS]	0	31.591490043350202	120.775800815159760	189.457757408387980	0	0	0	0	
1	[GPS]	0	31.591490043350202	120.775800815159760	189.457757408387980	0	0	0	0	
1	[GPS]	0	31.591487935205976	120.775800472329830	188.660688036986840	0	0	0	0	
1	[GPS]	0	31.591485822815851	120.775800170371060	187.867716778859570	0	0	0	0	
1	[GPS]	0	31.591485822815851	120.775800170371060	187.867716778859570	0	0	0	0	
1	[GPS]	0	31.591481563659684	120.775799651103400	186.269753130334810	0	0	0	0	
1	[GPS]	0	31.591481563659684	120.775799651103400	186.269753130334810	0	0	0	0	
1	[GPS]	0	31.591479408119497	120.775799436100750	185.474131758957130	0	0	0	0	
1	[GPS]	0	31.591477232339390	120.775799251423210	184.682144048015570	0	0	0	0	
1	[GPS]	0	31.591477232339390	120.775799251423210	184.682144048015570	0	0	0	0	
1	[GPS]	0	31.591472870465171	120.775799002516440	183.095778060055980	0	0	0	0	
1	[GPS]	0	31.591472870465171	120.775799002516440	183.095778060055980	0	0	0	0	
1	[GPS]	0	31.591470635628475	120.775798928300900	182.283053895948430	0	0	0	0	
1	[GPS]	0	31.591468450224891	120.775798877923550	181.484973656606370	0	0	0	0	
1	[GPS]	0	31.591468450224891	120.775798877923550	181.484973656606370	0	0	0	0	
1	[GPS]	0	31.591464091562006	120.775798888684510	179.906462385755190	0	0	0	0	
1	[GPS]	0	31.591464091562006	120.775798888684510	179.906462385755190	0	0	0	0	
1	[GPS]	0	31.591461904528231	120.775798949770860	179.116810599379850	0	0	0	0	
1	[GPS]	0	31.591459712027113	120.775799048335320	178.331311567788670	0	0	0	0	
1	[GPS]	0	31.591459712027113	120.775799048335320	178.331311567788670	0	0	0	0	
1	[GPS]	0	31.591455313912128	120.775799334112760	176.761802485762620	0	0	0	0	
1	[GPS]	0	31.591455313912128	120.775799334112760	176.761802485762620	0	0	0	0	
1	[GPS]	0	31.591453105974239	120.775799539644770	175.978011001368970	0	0	0	0	
1	[GPS]	0	31.591450894524041	120.775799782076770	175.200052498201810	0	0	0	0	
1	[GPS]	0	31.591450894524041	120.775799782076770	175.200052498201810	0	0	0	0	
1	[GPS]	0	31.591446446142609	120.775800372603530	173.620147868837530	0	0	0	0	
1	[GPS]	0	31.591446446142609	120.775800372603530	173.620147868837530	0	0	0	0	
1	[GPS]	0	31.591444200159611	120.775800727417620	172.814581742581710	0	0	0	0	
1	[GPS]	0	31.591441941775930	120.775801109753570	171.997295012362460	0	0	0	0	
1	[GPS]	0	31.591439672086391	120.775801530895220	171.172604357495030	0	0	0	0	
1	[GPS]	0	31.591437399225391	120.775802008483890	170.342750079902430	0	0	0	0	
1	[GPS]	0	31.591437399225391	120.775802008483890	170.342750079902430	0	0	0	0	
1	[GPS]	0	31.591432844705807	120.775803076859220	168.685773600233150	0	0	0	0	
1	[GPS]	0	31.591432844705807	120.775803076859220	168.685773600233150	0	0	0	0	
1	[GPS]	0	31.591430565137944	120.775803666783130	167.866915926592240	0	0	0	0	
1	[GPS]	0	31.591428275666541	120.775804310259120	167.052948668124940	0	0	0	0	
1	[GPS]	0	31.591428275666541	120.775804310259120	167.052948668124940	0	0	0	0	
1	[GPS]	0	31.591423648105199	120.775805743155960	165.443756189229560	0	0	0	0	
1	[GPS]	0	31.591423648105199	120.775805743155960	165.443756189229560	0	0	0	0	
1	[GPS]	0	31.591421311285718	120.775806515848500	164.649746742406280	0	0	0	0	
1	[GPS]	0	31.591418956577883	120.775807340220230	163.858660616385010	0	0	0	0	
1	[GPS]	0	31.591418956577883	120.775807340220230	163.858660616385010	0	0	0	0	
1	[GPS]	0	31.591414185951468	120.775809147530410	162.249085646917510	0	0	0	0	
1	[GPS]	0	31.591414185951468	120.775809147530410	162.249085646917510	0	0	0	0	
1	[GPS]	0	31.591411791378558	120.775810105822690	161.426635293973110	0	0	0	0	
1	[GPS]	0	31.591409374335630	120.775811120066290	160.597518676769790	0	0	0	0	
1	[GPS]	0	31.591409374335630	120.775811120066290	160.597518676769790	0	0	0	0	
1	[GPS]	0	31.591404455094128	120.775813314040310	158.940023102752460	0	0	0	0	
1	[GPS]	0	31.591404455094128	120.775813314040310	158.940023102752460	0	0	0	0	
1	[GPS]	0	31.591402013788905	120.775814454626940	158.138568750148180	0	0	0	0	
1	[GPS]	0	31.591399575404797	120.775815674119030	157.350856737389140	0	0	0	0	
1	[GPS]	0	31.591399575404797	120.775815674119030	157.350856737389140	0	0	0	0	
1	[GPS]	0	31.591394678696084	120.775818255658290	155.874975883294700	0	0	0	0	
1	[GPS]	0	31.591394678696084	120.775818255658290	155.874975883294700	0	0	0	0	
1	[GPS]	0	31.591392223153502	120.775819598159530	155.187517381593470	0	0	0	0	
1	[GPS]	0	31.591389769049812	120.775820991837120	154.533048691747350	0	0	0	0	
1	[GPS]	0	31.591389769049812	120.775820991837120	154.533048691747350	0	0	0	0	
1	[GPS]	0	31.591384847704632	120.775823893349240	153.276034407235760	0	0	0	0	
1	[GPS]	0	31.591384847704632	120.775823893349240	153.276034407235760	0	0	0	0	
1	[GPS]	0	31.591382376159970	120.775825377110720	152.706519605558160	0	0	0	0	
1	[GPS]	0	31.591379932640571	120.775826914004770	152.186537332984760	0	0	0	0	
1	[GPS]	0	31.591379932640571	120.775826914004770	152.186537332984760	0	0	0	0	
1	[GPS]	0	31.591375120189596	120.775830062128250	151.282015431541200	0	0	0	0	
1	[GPS]	0	31.591375120189596	120.775830062128250	151.282015431541200	0	0	0	0	
1	[GPS]	0	31.591372770127862	120.775831661891020	150.896888406435070	0	0	0	0	
1	[GPS]	0	31.591370467309442	120.775833289491620	150.556376174504520	0	0	0	0	
1	[GPS]	0	31.591368191670320	120.775834909679500	150.245944094004560	0	0	0	0	
1	[GPS]	0	31.591365937377070	120.775836533787140	149.951385372252280	0	0	0	0	
1	[GPS]	0	31.591365937377070	120.775836533787140	149.951385372252280	0	0	0	0	
1	[GPS]	0	31.591361469263710	120.775839819263400	149.412688382394610	0	0	0	0	
1	[GPS]	0	31.591361469263710	120.775839819263400	149.412688382394610	0	0	0	0	
1	[GPS]	0	31.591359254215678	120.775841477514630	149.146461283742720	0	0	0	0	
1	[GPS]	0	31.591357045813961	120.775843133867870	148.883007241739510	0	0	0	0	
1	[GPS]	0	31.591357045813961	120.775843133867870	148.883007241739510	0	0	0	0	
1	[GPS]	0	31.591352650728211	120.775846460061020	148.389225573364090	0	0	0	0	
1	[GPS]	0	31.591352650728211	120.775846460061020	148.389225573364090	0	0	0	0	
1	[GPS]	0	31.591350469647644	120.775848124705650	148.168542173563170	0	0	0	0	
1	[GPS]	0	31.591348279416156	120.775849777427820	147.965453340084880	0	0	0	0	
1	[GPS]	0	31.591348279416156	120.775849777427820	147.965453340084880	0	0	0	0	
1	[GPS]	0	31.591343919827231	120.775853108792930	147.611909107943230	0	0	0	0	
1	[GPS]	0	31.591343919827231	120.775853108792930	147.611909107943230	0	0	0	0	
1	[GPS]	0	31.591341753277128	120.775854827606890	147.445908199594020	0	0	0	0	
1	[GPS]	0	31.591339544847123	120.775856444025420	147.290562385757030	0	0	0	0	
1	[GPS]	0	31.591339544847123	120.775856444025420	147.290562385757030	0	0	0	0	
1	[GPS]	0	31.591335038108042	120.775859696776220	146.999418758399710	0	0	0	0	
1	[GPS]	0	31.591335038108042	120.775859696776220	146.999418758399710	0	0	0	0	
1	[GPS]	0	31.591332775642179	120.775861241009080	146.857951888183750	0	0	0	0	
1	[GPS]	0	31.591330532659292	120.775862836681040	146.713370451879600	0	0	0	0	
1	[GPS]	0	31.591330532659292	120.775862836681040	146.713370451879600	0	0	0	0	
1	[GPS]	0	31.591325996935495	120.775866367195390	146.451979126890930	0	0	0	0	
1	[GPS]	0	31.591325996935495	120.775866367195390	146.451979126890930	0	0	0	0	
1	[GPS]	0	31.591323754790068	120.775868014216500	146.346357087444290	0	0	0	0	
1	[GPS]	0	31.591321503604238	120.775869743955440	146.267208859747200	0	0	0	0	
1	[GPS]	0	31.591321503604238	120.775869743955440	146.267208859747200	0	0	0	0	
1	[GPS]	0	31.591317128678924	120.775873346155420	146.153855046590370	0	0	0	0	
1	[GPS]	0	31.591317128678924	120.775873346155420	146.153855046590370	0	0	0	0	
1	[GPS]	0	31.591314867989180	120.775875132008850	146.102382743869840	0	0	0	0	
1	[GPS]	0	31.591312596786235	120.775876920628850	146.052413082683100	0	0	0	0	
1	[GPS]	0	31.591312596786235	120.775876920628850	146.052413082683100	0	0	0	0	
1	[GPS]	0	31.591308068102244	120.775880568122910	145.943280326198420	0	0	0	0	
1	[GPS]	0	31.591308068102244	120.775880568122910	145.943280326198420	0	0	0	0	
1	[GPS]	0	31.591305803008883	120.775882278535730	145.901056099099410	0	0	0	0	
1	[GPS]	0	31.591303522949772	120.775884092170640	145.861413683362940	0	0	0	0	
1	[GPS]	0	31.591301234006075	120.775885918150290	145.819148475131190	0	0	0	0	
1	[GPS]	0	31.591302325765032	120.775889059865550	145.769957455466480	0	0	0	0	
1	[GPS]	0	31.591302325765032	120.775889059865550	145.769957455466480	0	0	0	0	
1	[GPS]	0	31.591301321739333	120.775891489796050	145.720315643341650	0	0	0	0	
1	[GPS]	0	31.591300193210500	120.775893889279090	145.664676925459280	0	0	0	0	
1	[GPS]	0	31.591297863861051	120.775895774905890	145.605978282999050	0	0	0	0	
1	[GPS]	0	31.591297375445922	120.775898402296420	145.548973527358750	0	0	0	0	
1	[GPS]	0	31.591297375445922	120.775898402296420	145.548973527358750	0	0	0	0	
1	[GPS]	0	31.591293611291270	120.775902861224050	145.435127940609050	0	0	0	0	
1	[GPS]	0	31.591293611291270	120.775902861224050	145.435127940609050	0	0	0	0	
1	[GPS]	0	31.591291219591145	120.775904805061690	145.385759336035820	0	0	0	0	
1	[GPS]	0	31.591289359987218	120.775907143514810	145.333071259710690	0	0	0	0	
1	[GPS]	0	31.591289359987218	120.775907143514810	145.333071259710690	0	0	0	0	
1	[GPS]	0	31.591284642132354	120.775911395569920	145.207778276549220	0	0	0	0	
1	[GPS]	0	31.591284642132354	120.775911395569920	145.207778276549220	0	0	0	0	
1	[GPS]	0	31.591282173998081	120.775913405661440	145.145842124602550	0	0	0	0	
1	[GPS]	0	31.591279860680253	120.775915660941080	145.086624387794360	0	0	0	0	
1	[GPS]	0	31.591279860680253	120.775915660941080	145.086624387794360	0	0	0	0	
1	[GPS]	0	31.591274883992323	120.775919999714020	144.972601216136130	0	0	0	0	
1	[GPS]	0	31.591274883992323	120.775919999714020	144.972601216136130	0	0	0	0	
1	[GPS]	0	31.591272387678281	120.775922067802230	144.926374498406200	0	0	0	0	
1	[GPS]	0	31.591269915939048	120.775924160755470	144.891472233689940	0	0	0	0	
1	[GPS]	0	31.591269915939048	120.775924160755470	144.891472233689940	0	0	0	0	
1	[GPS]	0	31.591264930054379	120.775928375453500	144.811518043715640	0	0	0	0	
1	[GPS]	0	31.591264930054379	120.775928375453500	144.811518043715640	0	0	0	0	
1	[GPS]	0	31.591262409184615	120.775930457909510	144.782230194184620	0	0	0	0	
1	[GPS]	0	31.591260001889339	120.775932575610070	144.754731854116530	0	0	0	0	
1	[GPS]	0	31.591260001889339	120.775932575610070	144.754731854116530	0	0	0	0	
1	[GPS]	0	31.591254926696529	120.775936930045080	144.738844834991340	0	0	0	0	
1	[GPS]	0	31.591254926696529	120.775936930045080	144.738844834991340	0	0	0	0	
1	[GPS]	0	31.591249783936512	120.775941317944460	144.740361136902690	0	0	0	0	
1	[GPS]	0	31.591249783936512	120.775941317944460	144.740361136902690	0	0	0	0	
1	[GPS]	0	31.591247210313938	120.775943348443160	144.760455552322470	0	0	0	0	
1	[GPS]	0	31.591244671558183	120.775945592376870	144.758338193797610	0	0	0	0	
1	[GPS]	0	31.591244671558183	120.775945592376870	144.758338193797610	0	0	0	0	
1	[GPS]	0	31.591239534382304	120.775949682954860	144.788254420697310	0	0	0	0	
1	[GPS]	0	31.591239534382304	120.775949682954860	144.788254420697310	0	0	0	0	
1	[GPS]	0	31.591236970940763	120.775951833753170	144.783077137594570	0	0	0	0	
1	[GPS]	0	31.591234373233725	120.775953952135520	144.787598722573480	0	0	0	0	
1	[GPS]	0	31.591234373233725	120.775953952135520	144.787598722573480	0	0	0	0	
1	[GPS]	0	31.591229260446269	120.775958235008870	144.780468005476850	0	0	0	0	
1	[GPS]	0	31.591229260446269	120.775958235008870	144.780468005476850	0	0	0	0	
1	[GPS]	0	31.591226668773462	120.775960317469510	144.796300383091760	0	0	0	0	
1	[GPS]	0	31.591224082404608	120.775962469090980	144.797324911410270	0	0	0	0	
1	[GPS]	0	31.591224082404608	120.775962469090980	144.797324911410270	0	0	0	0	
1	[GPS]	0	31.591218876926028	120.775966806023620	144.797242949144760	0	0	0	0	
1	[GPS]	0	31.591218876926028	120.775966806023620	144.797242949144760	0	0	0	0	
1	[GPS]	0	31.591216284970521	120.775968951814120	144.796682873664030	0	0	0	0	
1	[GPS]	0	31.591213719075888	120.775971112653320	144.798731930300960	0	0	0	0	
1	[GPS]	0	31.591213719075888	120.775971112653320	144.798731930300960	0	0	0	0	
1	[GPS]	0	31.591208571637740	120.775975316025780	144.815561515479230	0	0	0	0	
1	[GPS]	0	31.591208571637740	120.775975316025780	144.815561515479230	0	0	0	0	
1	[GPS]	0	31.591205929498020	120.775977441416530	144.828019779831950	0	0	0	0	
1	[GPS]	0	31.591203346787101	120.775979610320050	144.836461893176250	0	0	0	0	
1	[GPS]	0	31.591203346787101	120.775979610320050	144.836461893176250	0	0	0	0	
1	[GPS]	0	31.591198198395499	120.775983978964430	144.866596686117250	0	0	0	0	
1	[GPS]	0	31.591198198395499	120.775983978964430	144.866596686117250	0	0	0	0	
1	[GPS]	0	31.591195647970160	120.775986038182440	144.898903479093290	0	0	0	0	
1	[GPS]	0	31.591193102361920	120.775988156560150	144.926579404069940	0	0	0	0	
1	[GPS]	0	31.591193102361920	120.775988156560150	144.926579404069940	0	0	0	0	
1	[GPS]	0	31.591187997070154	120.775992151231880	144.984636008783890	0	0	0	0	
1	[GPS]	0	31.591187997070154	120.775992151231880	144.984636008783890	0	0	0	0	
1	[GPS]	0	31.591185483674394	120.775994204568410	145.001574876982740	0	0	0	0	
1	[GPS]	0	31.591182916944447	120.775996319156430	145.014606877193870	0	0	0	0	
1	[GPS]	0	31.591180381475898	120.775998378457070	145.026013292472980	0	0	0	0	
1	[GPS]	0	31.591177808222010	120.776000362285070	145.049003707939700	0	0	0	0	
1	[GPS]	0	31.591177808222010	120.776000362285070	145.049003707939700	0	0	0	0	
1	[GPS]	0	31.591172742605071	120.776004407844810	145.063893519501620	0	0	0	0	
1	[GPS]	0	31.591172742605071	120.776004407844810	145.063893519501620	0	0	0	0	
1	[GPS]	0	31.591170229412100	120.776006419226220	145.062240613814480	0	0	0	0	
1	[GPS]	0	31.591167781894644	120.776008478807650	145.058524991112790	0	0	0	0	
1	[GPS]	0	31.591167781894644	120.776008478807650	145.058524991112790	0	0	0	0	
1	[GPS]	0	31.591162841687119	120.776012550767990	145.048252387172790	0	0	0	0	
1	[GPS]	0	31.591162841687119	120.776012550767990	145.048252387172790	0	0	0	0	
1	[GPS]	0	31.591160382057765	120.776014553155530	145.038375934182650	0	0	0	0	
1	[GPS]	0	31.591158013594214	120.776016596732280	145.028021367977150	0	0	0	0	
1	[GPS]	0	31.591158013594214	120.776016596732280	145.028021367977150	0	0	0	0	
1	[GPS]	0	31.591153079574660	120.776020612951070	145.011669896014210	0	0	0	0	
1	[GPS]	0	31.591153079574660	120.776020612951070	145.011669896014210	0	0	0	0	
1	[GPS]	0	31.591150660746504	120.776022595253650	145.001083103389900	0	0	0	0	
1	[GPS]	0	31.591148226740899	120.776024509732030	144.999348235437250	0	0	0	0	
1	[GPS]	0	31.591148226740899	120.776024509732030	144.999348235437250	0	0	0	0	
1	[GPS]	0	31.591143392891780	120.776028423170030	144.973407178413310	0	0	0	0	
1	[GPS]	0	31.591143392891780	120.776028423170030	144.973407178413310	0	0	0	0	
1	[GPS]	0	31.591140987177553	120.776030377849840	144.954364612067140	0	0	0	0	
1	[GPS]	0	31.591138606699573	120.776032249926370	144.938860083514130	0	0	0	0	
1	[GPS]	0	31.591138606699573	120.776032249926370	144.938860083514130	0	0	0	0	
1	[GPS]	0	31.591133729312716	120.776036224965880	144.894996611105510	0	0	0	0	
1	[GPS]	0	31.591133729312716	120.776036224965880	144.894996611105510	0	0	0	0	
1	[GPS]	0	31.591131323360894	120.776038180404340	144.854766799133130	0	0	0	0	
1	[GPS]	0	31.591128832170803	120.776040137367990	144.820588534428590	0	0	0	0	
1	[GPS]	0	31.591128832170803	120.776040137367990	144.820588534428590	0	0	0	0	
1	[GPS]	0	31.591124017218149	120.776044162364360	144.730389061269450	0	0	0	0	
1	[GPS]	0	31.591124017218149	120.776044162364360	144.730389061269450	0	0	0	0	
1	[GPS]	0	31.591121610802730	120.776046136717300	144.698328155089740	0	0	0	0	
1	[GPS]	0	31.591119158119199	120.776048121928890	144.670638569735640	0	0	0	0	
1	[GPS]	0	31.591119158119199	120.776048121928890	144.670638569735640	0	0	0	0	
1	[GPS]	0	31.591114336386610	120.776052169731240	144.601558040314760	0	0	0	0	
1	[GPS]	0	31.591114336386610	120.776052169731240	144.601558040314760	0	0	0	0	
1	[GPS]	0	31.591111929692435	120.776054160056420	144.560303700023890	0	0	0	0	
1	[GPS]	0	31.591109539666675	120.776056183081280	144.526945057974130	0	0	0	0	
1	[GPS]	0	31.591107016674275	120.776058143696150	144.510197435061370	0	0	0	0	
1	[GPS]	0	31.591104595296461	120.776060327306010	144.462918868257820	0	0	0	0	
1	[GPS]	0	31.591104595296461	120.776060327306010	144.462918868257820	0	0	0	0	
1	[GPS]	0	31.591102178625050	120.776062352112530	144.434286716850640	0	0	0	0	
1	[GPS]	0	31.591099826365152	120.776064167136270	144.415244150504460	0	0	0	0	
1	[GPS]	0	31.591097439151664	120.776066282091830	144.372009055464530	0	0	0	0	
1	[GPS]	0	31.591095010619760	120.776068282734270	144.340180375703740	0	0	0	0	
1	[GPS]	0	31.591095010619760	120.776068282734270	144.340180375703740	0	0	0	0	
1	[GPS]	0	31.591090297405728	120.776072237563000	144.275785355792720	0	0	0	0	
1	[GPS]	0	31.591090297405728	120.776072237563000	144.275785355792720	0	0	0	0	
1	[GPS]	0	31.591087883764569	120.776074255902970	144.248095770438570	0	0	0	0	
1	[GPS]	0	31.591085482279507	120.776076304533380	144.217523845415060	0	0	0	0	
1	[GPS]	0	31.591085482279507	120.776076304533380	144.217523845415060	0	0	0	0	
1	[GPS]	0	31.591080769282868	120.776080351171050	144.138976674331470	0	0	0	0	
1	[GPS]	0	31.591080769282868	120.776080351171050	144.138976674331470	0	0	0	0	
1	[GPS]	0	31.591078399067175	120.776082315644810	144.106970409662130	0	0	0	0	
1	[GPS]	0	31.591075978874979	120.776084335837510	144.075565201606250	0	0	0	0	
1	[GPS]	0	31.591075978874979	120.776084335837510	144.075565201606250	0	0	0	0	
1	[GPS]	0	31.591071274071467	120.776088264551930	144.011293125093520	0	0	0	0	
1	[GPS]	0	31.591071274071467	120.776088264551930	144.011293125093520	0	0	0	0	
1	[GPS]	0	31.591068851564955	120.776090357470170	143.983671841627230	0	0	0	0	
1	[GPS]	0	31.591066494641790	120.776092372864100	143.954206407187680	0	0	0	0	
1	[GPS]	0	31.591066494641790	120.776092372864100	143.954206407187680	0	0	0	0	
1	[GPS]	0	31.591061786285280	120.776096321134640	143.905957953576010	0	0	0	0	
1	[GPS]	0	31.591061786285280	120.776096321134640	143.905957953576010	0	0	0	0	
1	[GPS]	0	31.591059403791181	120.776098447794000	143.875864141767810	0	0	0	0	
1	[GPS]	0	31.591057011002029	120.776100503924440	143.846562631859230	0	0	0	0	
1	[GPS]	0	31.591057011002029	120.776100503924440	143.846562631859230	0	0	0	0	
1	[GPS]	0	31.591052279156060	120.776104499399690	143.822506706941280	0	0	0	0	
1	[GPS]	0	31.591052279156060	120.776104499399690	143.822506706941280	0	0	0	0	
1	[GPS]	0	31.591049935343765	120.776106561236130	143.814966178517270	0	0	0	0	
1	[GPS]	0	31.591047599754102	120.776108543512950	143.812794178482080	0	0	0	0	
1	[GPS]	0	31.591047599754102	120.776108543512950	143.812794178482080	0	0	0	0	
1	[GPS]	0	31.591042900218177	120.776112526769130	143.833557952403310	0	0	0	0	
1	[GPS]	0	31.591042900218177	120.776112526769130	143.833557952403310	0	0	0	0	
1	[GPS]	0	31.591040535817395	120.776114569001480	143.836262707164110	0	0	0	0	
1	[GPS]	0	31.591038185890003	120.776116575681230	143.833503310893010	0	0	0	0	
1	[GPS]	0	31.591035840800082	120.776118581336850	143.834486858078690	0	0	0	0	
1	[GPS]	0	31.591033437000778	120.776120517259840	143.831590858031800	0	0	0	0	
1	[GPS]	0	31.591033437000778	120.776120517259840	143.831590858031800	0	0	0	0	
1	[GPS]	0	31.591031082864621	120.776122536852950	143.823039461666890	0	0	0	0	
1	[GPS]	0	31.591028746413581	120.776124476896240	143.820170782375130	0	0	0	0	
1	[GPS]	0	31.591026401964697	120.776126460782780	143.822902857891080	0	0	0	0	
1	[GPS]	0	31.591024049896639	120.776128449444970	143.821728065419250	0	0	0	0	
1	[GPS]	0	31.591024049896639	120.776128449444970	143.821728065419250	0	0	0	0	
1	[GPS]	0	31.591019318744646	120.776132399946660	143.822725272982550	0	0	0	0	
1	[GPS]	0	31.591019318744646	120.776132399946660	143.822725272982550	0	0	0	0	
1	[GPS]	0	31.591016968247772	120.776134376912250	143.818995989903270	0	0	0	0	
1	[GPS]	0	31.591014645797802	120.776136310866090	143.819105272923930	0	0	0	0	
1	[GPS]	0	31.591014645797802	120.776136310866090	143.819105272923930	0	0	0	0	
1	[GPS]	0	31.591009912242058	120.776140298374160	143.821127008805720	0	0	0	0	
