1	[GPS]	0	30.999085730837734	120.996431401011800	0.00	-1.23	-79.73	0	0	
1	[GPS]	0	30.999085730837734	120.996431401011800	0.00	-1.20	-80.16	0	0	
1	[GPS]	0	30.999085730837734	120.996431401011800	0.00	-1.18	-80.58	0	0	
1	[GPS]	0	30.999085730837734	120.996431401011800	0.00	-1.15	-81.01	0	0	
1	[GPS]	0	30.999085730837734	120.996431401011800	0.00	-1.12	-81.43	0	0	
1	[GPS]	0	30.999085730837734	120.996431401011800	0.00	-1.09	-81.86	0	0	
1	[GPS]	0	30.999085730837734	120.996431401011800	0.00	-1.07	-82.29	0	0	
1	[GPS]	0	30.999085730837734	120.996431401011800	0.00	-1.04	-82.72	0	0	
1	[GPS]	0	30.999085730837734	120.996431401011800	0.00	-1.01	-83.15	0	0	
1	[GPS]	0	30.999085730837734	120.996431401011800	0.00	-0.99	-83.58	0	0	
1	[GPS]	0	30.999085730837734	120.996431401011800	0.00	-0.96	-84.02	0	0	
1	[GPS]	0	30.999085730837734	120.996431401011800	0.00	-0.93	-84.45	0	0	
1	[GPS]	0	30.999085730837734	120.996431401011800	0.00	-0.90	-84.89	0	0	
1	[GPS]	0	30.999085730837734	120.996431401011800	0.00	-0.88	-85.32	0	0	
1	[GPS]	0	30.999085730837734	120.996431401011800	0.00	-0.85	-85.76	0	0	
1	[GPS]	0	30.999085730837734	120.996431401011800	0.00	-0.82	-86.19	0	0	
1	[GPS]	0	30.999085730837734	120.996431401011800	0.00	-0.80	-86.63	0	0	
1	[GPS]	0	30.999085730837734	120.996431401011800	0.00	-0.77	-87.07	0	0	
1	[GPS]	0	30.999085730837734	120.996431401011800	0.00	-0.74	-87.50	0	0	
1	[GPS]	0	30.999085730837734	120.996431401011800	0.00	-0.71	-87.94	0	0	
1	[GPS]	0	30.999085730837734	120.996431401011800	0.00	-0.69	-88.38	0	0	
1	[GPS]	0	30.999085730837734	120.996431401011800	0.00	-0.66	-88.81	0	0	
1	[GPS]	0	30.999085730837734	120.996431401011800	0.00	-0.63	-89.25	0	0	
1	[GPS]	0	30.999085730837734	120.996431401011800	0.00	-0.61	-89.69	0	0	
1	[GPS]	0	30.999085730837734	120.996431401011800	0.00	-0.58	-90.12	0	0	
1	[GPS]	0	30.999085730837734	120.996431401011800	0.00	-0.55	-90.56	0	0	
1	[GPS]	0	30.999085730837734	120.996431401011800	0.00	-0.53	-91.00	0	0	
1	[GPS]	0	30.999085730837734	120.996431401011800	0.00	-0.50	-91.43	0	0	
1	[GPS]	0	30.999085730837734	120.996431401011800	0.00	-0.47	-91.87	0	0	
1	[GPS]	0	30.999085730837734	120.996431401011800	0.00	-0.44	-92.30	0	0	
1	[GPS]	0	30.999085730837734	120.996431401011800	0.00	-0.42	-92.74	0	0	
1	[GPS]	0	30.999085730837734	120.996431401011800	0.00	-0.39	-93.17	0	0	
1	[GPS]	0	30.999085730837734	120.996431401011800	0.00	-0.36	-93.60	0	0	
1	[GPS]	0	30.999085730837734	120.996431401011800	0.00	-0.34	-94.03	0	0	
1	[GPS]	0	30.999085730837734	120.996431401011800	0.00	-0.31	-94.46	0	0	
1	[GPS]	0	30.999085730837734	120.996431401011800	0.00	-0.28	-94.89	0	0	
1	[GPS]	0	30.999085730837734	120.996431401011800	0.00	-0.25	-95.32	0	0	
1	[GPS]	0	30.999085730837734	120.996431401011800	0.00	-0.23	-95.75	0	0	
1	[GPS]	0	30.999085730837734	120.996431401011800	0.00	-0.20	-96.17	0	0	
1	[GPS]	0	30.999085730837734	120.996431401011800	0.00	-0.17	-96.60	0	0	
1	[GPS]	0	30.999085730837734	120.996431401011800	0.00	-0.14	-97.02	0	0	
1	[GPS]	0	30.999085730837734	120.996431401011800	0.00	-0.12	-97.44	0	0	
1	[GPS]	0	30.999085730837734	120.996431401011800	0.00	-0.09	-97.86	0	0	
1	[GPS]	0	30.999085730837734	120.996431401011800	0.00	-0.06	-98.28	0	0	
1	[GPS]	0	30.999085730837734	120.996431401011800	0.00	-0.03	-98.69	0	0	
1	[GPS]	0	30.999085730837734	120.996431401011800	0.00	-0.01	-99.11	0	0	
1	[GPS]	0	30.999085730837734	120.996431401011800	0.00	0.02	-99.52	0	0	
1	[GPS]	0	30.999085730837734	120.996431401011800	0.00	0.05	-99.93	0	0	
1	[GPS]	0	30.999085730837734	120.996431401011800	0.00	0.08	-100.34	0	0	
1	[GPS]	0	30.999085730837734	120.996431401011800	0.00	0.10	-100.75	0	0	
1	[GPS]	0	30.999085730837734	120.996431401011800	0.00	0.13	-101.15	0	0	
1	[GPS]	0	30.999085730837734	120.996431401011800	0.00	0.16	-101.55	0	0	
1	[GPS]	0	30.999085730837734	120.996431401011800	0.00	0.19	-101.95	0	0	
1	[GPS]	0	30.999085730837734	120.996431401011800	0.00	0.22	-102.35	0	0	
1	[GPS]	0	30.999085730837734	120.996431401011800	0.00	0.25	-102.74	0	0	
1	[GPS]	0	30.999085730837734	120.996431401011800	0.00	0.27	-103.14	0	0	
1	[GPS]	0	30.999085730837734	120.996431401011800	0.00	0.30	-103.53	0	0	
1	[GPS]	0	30.999085730837734	120.996431401011800	0.00	0.33	-103.91	0	0	
1	[GPS]	0	30.999085730837734	120.996431401011800	0.00	0.36	-104.30	0	0	
1	[GPS]	0	30.999085730837734	120.996431401011800	0.00	0.39	-104.68	0	0	
1	[GPS]	0	30.999085730837734	120.996431401011800	0.00	0.42	-105.06	0	0	
1	[GPS]	0	30.999085730837734	120.996431401011800	0.00	0.45	-105.43	0	0	
1	[GPS]	0	30.999085730837734	120.996431401011800	0.00	0.48	-105.81	0	0	
1	[GPS]	0	30.999085730837734	120.996431401011800	0.00	0.51	-106.18	0	0	
1	[GPS]	0	30.999085730837734	120.996431401011800	0.00	0.53	-106.56	0	0	
1	[GPS]	0	30.999085730837734	120.996431401011800	0.00	0.56	-106.93	0	0	
1	[GPS]	0	30.999085730837734	120.996431401011800	0.00	0.60	-107.31	0	0	
1	[GPS]	0	30.999085730837734	120.996431401011800	0.00	0.63	-107.68	0	0	
1	[GPS]	0	30.999085730837734	120.996431401011800	0.00	0.66	-108.05	0	0	
1	[GPS]	0	30.999085730837734	120.996431401011800	0.00	0.69	-108.43	0	0	
1	[GPS]	0	30.999085730837734	120.996431401011800	0.00	0.72	-108.80	0	0	
1	[GPS]	0	30.999085730837734	120.996431401011800	0.00	0.75	-109.17	0	0	
1	[GPS]	0	30.999085730837734	120.996431401011800	0.00	0.78	-109.54	0	0	
1	[GPS]	0	30.999085730837734	120.996431401011800	0.00	0.81	-109.90	0	0	
1	[GPS]	0	30.999085730837734	120.996431401011800	0.00	0.84	-110.27	0	0	
1	[GPS]	0	30.999085730837734	120.996431401011800	0.00	0.88	-110.64	0	0	
1	[GPS]	0	30.999085730837734	120.996431401011800	0.00	0.91	-111.00	0	0	
1	[GPS]	0	30.999085730837734	120.996431401011800	0.00	0.94	-111.37	0	0	
1	[GPS]	0	30.999085730837734	120.996431401011800	0.00	0.97	-111.73	0	0	
1	[GPS]	0	30.999085730837734	120.996431401011800	0.00	1.00	-112.09	0	0	
1	[GPS]	0	30.999085730837734	120.996431401011800	0.00	1.04	-112.45	0	0	
1	[GPS]	0	30.999085730837734	120.996431401011800	0.00	1.07	-112.81	0	0	
1	[GPS]	0	30.999085730837734	120.996431401011800	0.00	1.10	-113.16	0	0	
1	[GPS]	0	30.999085730837734	120.996431401011800	0.00	1.13	-113.52	0	0	
1	[GPS]	0	30.999085730837734	120.996431401011800	0.00	1.17	-113.87	0	0	
1	[GPS]	0	30.999085730837734	120.996431401011800	0.00	1.20	-114.22	0	0	
1	[GPS]	0	30.999085730837734	120.996431401011800	0.00	1.23	-114.57	0	0	
1	[GPS]	0	30.999085730837734	120.996431401011800	0.00	1.26	-114.92	0	0	
1	[GPS]	0	30.999085730837734	120.996431401011800	0.00	1.30	-115.26	0	0	
1	[GPS]	0	30.999085730837734	120.996431401011800	0.00	1.33	-115.61	0	0	
1	[GPS]	0	30.999085730837734	120.996431401011800	0.00	1.36	-115.95	0	0	
1	[GPS]	0	30.999085730837734	120.996431401011800	0.00	1.39	-116.29	0	0	
1	[GPS]	0	30.999085730837734	120.996431401011800	0.00	1.42	-116.63	0	0	
1	[GPS]	0	30.999085730837734	120.996431401011800	0.00	1.46	-116.96	0	0	
1	[GPS]	0	30.999085730837734	120.996431401011800	0.00	1.49	-117.29	0	0	
1	[GPS]	0	30.999085730837734	120.996431401011800	0.00	1.52	-117.62	0	0	
1	[GPS]	0	30.999085730837734	120.996431401011800	0.00	1.55	-117.95	0	0	
1	[GPS]	0	30.999085730837734	120.996431401011800	0.00	1.58	-118.28	0	0	
1	[GPS]	0	30.999085730837734	120.996431401011800	0.00	1.61	-118.60	0	0	
1	[GPS]	0	30.999085730837734	120.996431401011800	0.00	1.65	-118.92	0	0	
1	[GPS]	0	30.999085730837734	120.996431401011800	0.00	1.68	-119.23	0	0	
1	[GPS]	0	30.999085730837734	120.996431401011800	0.00	1.71	-119.55	0	0	
1	[GPS]	0	30.999085730837734	120.996431401011800	0.00	1.74	-119.86	0	0	
1	[GPS]	0	30.999085730837734	120.996431401011800	0.00	1.77	-120.17	0	0	
1	[GPS]	0	30.999085730837734	120.996431401011800	0.00	1.80	-120.48	0	0	
1	[GPS]	0	30.999085730837734	120.996431401011800	0.00	1.83	-120.78	0	0	
1	[GPS]	0	30.999085730837734	120.996431401011800	0.00	1.86	-121.08	0	0	
1	[GPS]	0	30.999085730837734	120.996431401011800	0.00	1.89	-121.37	0	0	
1	[GPS]	0	30.999085730837734	120.996431401011800	0.00	1.92	-121.67	0	0	
1	[GPS]	0	30.999085730837734	120.996431401011800	0.00	1.94	-121.96	0	0	
1	[GPS]	0	30.999085730837734	120.996431401011800	0.00	1.97	-122.24	0	0	
1	[GPS]	0	30.999085730837734	120.996431401011800	0.00	2.00	-122.53	0	0	
1	[GPS]	0	30.999085730837734	120.996431401011800	0.00	2.03	-122.81	0	0	
1	[GPS]	0	30.999085730837734	120.996431401011800	0.00	2.06	-123.08	0	0	
1	[GPS]	0	30.999085730837734	120.996431401011800	0.00	2.08	-123.36	0	0	
1	[GPS]	0	30.999085730837734	120.996431401011800	0.00	2.11	-123.62	0	0	
1	[GPS]	0	30.999085730837734	120.996431401011800	0.00	2.14	-123.89	0	0	
1	[GPS]	0	30.999085730837734	120.996431401011800	0.00	2.16	-124.15	0	0	
1	[GPS]	0	30.999085730837734	120.996431401011800	0.00	2.19	-124.41	0	0	
1	[GPS]	0	30.999085730837734	120.996431401011800	0.00	2.21	-124.66	0	0	
1	[GPS]	0	30.999085730837734	120.996431401011800	0.00	2.24	-124.91	0	0	
1	[GPS]	0	30.999085730837734	120.996431401011800	0.00	2.26	-125.16	0	0	
1	[GPS]	0	30.999085730837734	120.996431401011800	0.00	2.29	-125.40	0	0	
1	[GPS]	0	30.999085730837734	120.996431401011800	0.00	2.31	-125.63	0	0	
1	[GPS]	0	30.999085730837734	120.996431401011800	0.00	2.33	-125.86	0	0	
1	[GPS]	0	30.999085730837734	120.996431401011800	0.00	2.35	-126.08	0	0	
1	[GPS]	0	30.999085730837734	120.996431401011800	0.00	2.38	-126.29	0	0	
1	[GPS]	0	30.999085730837734	120.996431401011800	0.00	2.40	-126.50	0	0	
1	[GPS]	0	30.999085730837734	120.996431401011800	0.00	2.42	-126.71	0	0	
1	[GPS]	0	30.999085730837734	120.996431401011800	0.00	2.44	-126.91	0	0	
1	[GPS]	0	30.999085730837734	120.996431401011800	0.00	2.46	-127.11	0	0	
1	[GPS]	0	30.999085730837734	120.996431401011800	0.00	2.48	-127.30	0	0	
1	[GPS]	0	30.999085730837734	120.996431401011800	0.00	2.50	-127.48	0	0	
1	[GPS]	0	30.999085730837734	120.996431401011800	0.00	2.51	-127.67	0	0	
1	[GPS]	0	30.999085730837734	120.996431401011800	0.00	2.53	-127.85	0	0	
1	[GPS]	0	30.999085730837734	120.996431401011800	0.00	2.55	-128.02	0	0	
1	[GPS]	0	30.999085730837734	120.996431401011800	0.00	2.57	-128.19	0	0	
1	[GPS]	0	30.999085730837734	120.996431401011800	0.00	2.59	-128.36	0	0	
1	[GPS]	0	30.999085730837734	120.996431401011800	0.00	2.60	-128.52	0	0	
1	[GPS]	0	30.999085730837734	120.996431401011800	0.00	2.62	-128.69	0	0	
1	[GPS]	0	30.999085730837734	120.996431401011800	0.00	2.64	-128.84	0	0	
1	[GPS]	0	30.999085730837734	120.996431401011800	0.00	2.65	-129.00	0	0	
1	[GPS]	0	30.999085730837734	120.996431401011800	0.00	2.67	-129.15	0	0	
1	[GPS]	0	30.999085730837734	120.996431401011800	0.00	2.69	-129.30	0	0	
1	[GPS]	0	30.999085730837734	120.996431401011800	0.00	2.70	-129.45	0	0	
1	[GPS]	0	30.999085730837734	120.996431401011800	0.00	2.72	-129.60	0	0	
1	[GPS]	0	30.999085730837734	120.996431401011800	0.00	2.73	-129.74	0	0	
1	[GPS]	0	30.999085730837734	120.996431401011800	0.00	2.75	-129.89	0	0	
1	[GPS]	0	30.999085730837734	120.996431401011800	0.00	2.76	-130.03	0	0	
1	[GPS]	0	30.999085730837734	120.996431401011800	0.00	2.78	-130.17	0	0	
1	[GPS]	0	30.999085730837734	120.996431401011800	0.00	2.80	-130.31	0	0	
1	[GPS]	0	30.999085730837734	120.996431401011800	0.00	2.81	-130.44	0	0	
1	[GPS]	0	30.999085730837734	120.996431401011800	0.00	2.83	-130.58	0	0	
1	[GPS]	0	30.999085730837734	120.996431401011800	0.00	2.84	-130.72	0	0	
1	[GPS]	0	30.999085730837734	120.996431401011800	0.00	2.86	-130.85	0	0	
1	[GPS]	0	30.999085730837734	120.996431401011800	0.00	2.88	-130.99	0	0	
1	[GPS]	0	30.999085730837734	120.996431401011800	0.00	2.89	-131.12	0	0	
1	[GPS]	0	30.999085730837734	120.996431401011800	0.00	2.91	-131.26	0	0	
1	[GPS]	0	30.999085730837734	120.996431401011800	0.00	2.92	-131.39	0	0	
1	[GPS]	0	30.999085730837734	120.996431401011800	0.00	2.94	-131.53	0	0	
1	[GPS]	0	30.999085730837734	120.996431401011800	0.00	2.96	-131.67	0	0	
1	[GPS]	0	30.999085730837734	120.996431401011800	0.00	2.97	-131.80	0	0	
1	[GPS]	0	30.999085730837734	120.996431401011800	0.00	2.99	-131.94	0	0	
1	[GPS]	0	30.999085730837734	120.996431401011800	0.00	3.01	-132.08	0	0	
1	[GPS]	0	30.999085730837734	120.996431401011800	0.00	3.03	-132.22	0	0	
1	[GPS]	0	30.999085730837734	120.996431401011800	0.00	3.04	-132.37	0	0	
1	[GPS]	0	30.999085730837734	120.996431401011800	0.00	3.06	-132.51	0	0	
1	[GPS]	0	30.999085730837734	120.996431401011800	0.00	3.08	-132.66	0	0	
1	[GPS]	0	30.999085730837734	120.996431401011800	0.00	3.10	-132.80	0	0	
1	[GPS]	0	30.999085730837734	120.996431401011800	0.00	3.12	-132.95	0	0	
1	[GPS]	0	30.999085730837734	120.996431401011800	0.00	3.14	-133.11	0	0	
1	[GPS]	0	30.999085730837734	120.996431401011800	0.00	3.16	-133.26	0	0	
1	[GPS]	0	30.999085730837734	120.996431401011800	0.00	3.18	-133.42	0	0	
1	[GPS]	0	30.999085730837734	120.996431401011800	0.00	3.20	-133.58	0	0	
1	[GPS]	0	30.999085730837734	120.996431401011800	0.00	3.22	-133.74	0	0	
1	[GPS]	0	30.999085730837734	120.996431401011800	0.00	3.25	-133.91	0	0	
1	[GPS]	0	30.999085730837734	120.996431401011800	0.00	3.27	-134.08	0	0	
1	[GPS]	0	30.999085730837734	120.996431401011800	0.00	3.29	-134.25	0	0	
1	[GPS]	0	30.999085730837734	120.996431401011800	0.00	3.32	-134.43	0	0	
1	[GPS]	0	30.999085730837734	120.996431401011800	0.00	3.34	-134.61	0	0	
1	[GPS]	0	30.999085730837734	120.996431401011800	0.00	3.37	-134.80	0	0	
1	[GPS]	0	30.999085730837734	120.996431401011800	0.00	3.39	-134.99	0	0	
1	[GPS]	0	30.999085730837734	120.996431401011800	0.00	3.41	-135.18	0	0	
1	[GPS]	0	30.999085730837734	120.996431401011800	0.00	3.44	-135.37	0	0	
1	[GPS]	0	30.999085730837734	120.996431401011800	0.00	3.46	-135.57	0	0	
1	[GPS]	0	30.999085730837734	120.996431401011800	0.00	3.49	-135.77	0	0	
1	[GPS]	0	30.999085730837734	120.996431401011800	0.00	3.51	-135.97	0	0	
1	[GPS]	0	30.999085730837734	120.996431401011800	0.00	3.53	-136.17	0	0	
1	[GPS]	0	30.999085730837734	120.996431401011800	0.00	3.55	-136.37	0	0	
1	[GPS]	0	30.999085730837734	120.996431401011800	0.00	3.58	-136.58	0	0	
1	[GPS]	0	30.999085730837734	120.996431401011800	0.00	3.60	-136.79	0	0	
1	[GPS]	0	30.999085730837734	120.996431401011800	0.00	3.62	-137.00	0	0	
1	[GPS]	0	30.999085730837734	120.996431401011800	0.00	3.64	-137.21	0	0	
1	[GPS]	0	30.999085730837734	120.996431401011800	0.00	3.66	-137.42	0	0	
1	[GPS]	0	30.999085730837734	120.996431401011800	0.00	3.68	-137.63	0	0	
1	[GPS]	0	30.999085730837734	120.996431401011800	0.00	3.70	-137.85	0	0	
1	[GPS]	0	30.999085730837734	120.996431401011800	0.00	3.73	-138.06	0	0	
1	[GPS]	0	30.999085730837734	120.996431401011800	0.00	3.75	-138.28	0	0	
1	[GPS]	0	30.999085730837734	120.996431401011800	0.00	3.77	-138.50	0	0	
1	[GPS]	0	30.999085730837734	120.996431401011800	0.00	3.79	-138.72	0	0	
1	[GPS]	0	30.999085730837734	120.996431401011800	0.00	3.81	-138.94	0	0	
1	[GPS]	0	30.999085730837734	120.996431401011800	0.00	3.83	-139.16	0	0	
1	[GPS]	0	30.999085730837734	120.996431401011800	0.00	3.86	-139.38	0	0	
1	[GPS]	0	30.999085730837734	120.996431401011800	0.00	3.88	-139.60	0	0	
1	[GPS]	0	30.999085730837734	120.996431401011800	0.00	3.90	-139.83	0	0	
1	[GPS]	0	30.999085730837734	120.996431401011800	0.00	3.92	-140.05	0	0	
1	[GPS]	0	30.999085730837734	120.996431401011800	0.00	3.95	-140.27	0	0	
1	[GPS]	0	30.999085730837734	120.996431401011800	0.00	3.97	-140.50	0	0	
1	[GPS]	0	30.999085730837734	120.996431401011800	0.00	4.00	-140.72	0	0	
1	[GPS]	0	30.999085730837734	120.996431401011800	0.00	4.02	-140.94	0	0	
1	[GPS]	0	30.999085730837734	120.996431401011800	0.00	4.05	-141.17	0	0	
1	[GPS]	0	30.999085730837734	120.996431401011800	0.00	4.07	-141.39	0	0	
1	[GPS]	0	30.999085730837734	120.996431401011800	0.00	4.10	-141.61	0	0	
1	[GPS]	0	30.999085730837734	120.996431401011800	0.00	4.13	-141.84	0	0	
1	[GPS]	0	30.999085730837734	120.996431401011800	0.00	4.16	-142.06	0	0	
1	[GPS]	0	30.999085730837734	120.996431401011800	0.00	4.19	-142.28	0	0	
1	[GPS]	0	30.999085730837734	120.996431401011800	0.00	4.22	-142.51	0	0	
1	[GPS]	0	30.999085730837734	120.996431401011800	0.00	4.25	-142.73	0	0	
1	[GPS]	0	30.999085730837734	120.996431401011800	0.00	4.28	-142.95	0	0	
1	[GPS]	0	30.999085730837734	120.996431401011800	0.00	4.31	-143.17	0	0	
1	[GPS]	0	30.999085730837734	120.996431401011800	0.00	4.34	-143.39	0	0	
1	[GPS]	0	30.999085730837734	120.996431401011800	0.00	4.38	-143.61	0	0	
1	[GPS]	0	30.999085730837734	120.996431401011800	0.00	4.41	-143.82	0	0	
1	[GPS]	0	30.999085730837734	120.996431401011800	0.00	4.45	-144.04	0	0	
1	[GPS]	0	30.999085730837734	120.996431401011800	0.00	4.49	-144.25	0	0	
1	[GPS]	0	30.999085730837734	120.996431401011800	0.00	4.53	-144.47	0	0	
1	[GPS]	0	30.999085730837734	120.996431401011800	0.00	4.57	-144.68	0	0	
1	[GPS]	0	30.999085730837734	120.996431401011800	0.00	4.61	-144.89	0	0	
1	[GPS]	0	30.999085730837734	120.996431401011800	0.00	4.65	-145.10	0	0	
1	[GPS]	0	30.999085730837734	120.996431401011800	0.00	4.70	-145.31	0	0	
1	[GPS]	0	30.999085730837734	120.996431401011800	0.00	4.74	-145.51	0	0	
1	[GPS]	0	30.999085730837734	120.996431401011800	0.00	4.79	-145.72	0	0	
1	[GPS]	0	30.999085730837734	120.996431401011800	0.00	4.83	-145.92	0	0	
1	[GPS]	0	30.999085730837734	120.996431401011800	0.00	4.88	-146.12	0	0	
1	[GPS]	0	30.999085730837734	120.996431401011800	0.00	4.93	-146.32	0	0	
1	[GPS]	0	30.999085730837734	120.996431401011800	0.00	4.99	-146.51	0	0	
1	[GPS]	0	30.999085730837734	120.996431401011800	0.00	5.04	-146.71	0	0	
1	[GPS]	0	30.999085730837734	120.996431401011800	0.00	5.10	-146.90	0	0	
1	[GPS]	0	30.999085730837734	120.996431401011800	0.00	5.15	-147.09	0	0	
1	[GPS]	0	30.999085730837734	120.996431401011800	0.00	5.21	-147.28	0	0	
1	[GPS]	0	30.999085730837734	120.996431401011800	0.00	5.27	-147.46	0	0	
1	[GPS]	0	30.999085730837734	120.996431401011800	0.00	5.34	-147.64	0	0	
1	[GPS]	0	30.999085730837734	120.996431401011800	0.00	5.40	-147.82	0	0	
1	[GPS]	0	30.999085730837734	120.996431401011800	0.00	5.46	-148.00	0	0	
1	[GPS]	0	30.999085730837734	120.996431401011800	0.00	5.53	-148.18	0	0	
1	[GPS]	0	30.999085730837734	120.996431401011800	0.00	5.59	-148.36	0	0	
1	[GPS]	0	30.999085730837734	120.996431401011800	0.00	5.66	-148.54	0	0	
1	[GPS]	0	30.999085730837734	120.996431401011800	0.00	5.73	-148.72	0	0	
1	[GPS]	0	30.999085730837734	120.996431401011800	0.00	5.80	-148.89	0	0	
1	[GPS]	0	30.999085730837734	120.996431401011800	0.00	5.87	-149.07	0	0	
1	[GPS]	0	30.999085730837734	120.996431401011800	0.00	5.94	-149.24	0	0	
1	[GPS]	0	30.999085730837734	120.996431401011800	0.00	6.01	-149.42	0	0	
1	[GPS]	0	30.999085730837734	120.996431401011800	0.00	6.09	-149.59	0	0	
1	[GPS]	0	30.999085730837734	120.996431401011800	0.00	6.16	-149.76	0	0	
1	[GPS]	0	30.999085730837734	120.996431401011800	0.00	6.24	-149.93	0	0	
1	[GPS]	0	30.999085730837734	120.996431401011800	0.00	6.31	-150.10	0	0	
1	[GPS]	0	30.999085730837734	120.996431401011800	0.00	6.39	-150.27	0	0	
1	[GPS]	0	30.999085730837734	120.996431401011800	0.00	6.47	-150.44	0	0	
1	[GPS]	0	30.999085730837734	120.996431401011800	0.00	6.55	-150.61	0	0	
1	[GPS]	0	30.999085730837734	120.996431401011800	0.00	6.63	-150.77	0	0	
1	[GPS]	0	30.999085730837734	120.996431401011800	0.00	6.71	-150.94	0	0	
1	[GPS]	0	30.999085730837734	120.996431401011800	0.00	6.79	-151.10	0	0	
1	[GPS]	0	30.999085730837734	120.996431401011800	0.00	6.87	-151.27	0	0	
1	[GPS]	0	30.999085730837734	120.996431401011800	0.00	6.96	-151.43	0	0	
1	[GPS]	0	30.999085730837734	120.996431401011800	0.00	7.04	-151.59	0	0	
1	[GPS]	0	30.999085730837734	120.996431401011800	0.00	7.13	-151.75	0	0	
1	[GPS]	0	30.999085730837734	120.996431401011800	0.00	7.22	-151.91	0	0	
1	[GPS]	0	30.999085730837734	120.996431401011800	0.00	7.31	-152.07	0	0	
1	[GPS]	0	30.999085730837734	120.996431401011800	0.00	7.40	-152.23	0	0	
1	[GPS]	0	30.999085730837734	120.996431401011800	0.00	7.49	-152.38	0	0	
1	[GPS]	0	30.999085730837734	120.996431401011800	0.00	7.58	-152.54	0	0	
1	[GPS]	0	30.999085730837734	120.996431401011800	0.00	7.67	-152.69	0	0	
1	[GPS]	0	30.999085730837734	120.996431401011800	0.00	7.76	-152.85	0	0	
1	[GPS]	0	30.999085730837734	120.996431401011800	0.00	7.86	-153.00	0	0	
1	[GPS]	0	30.999085730837734	120.996431401011800	0.00	7.95	-153.15	0	0	
1	[GPS]	0	30.999085730837734	120.996431401011800	0.00	8.05	-153.30	0	0	
1	[GPS]	0	30.999085730837734	120.996431401011800	0.00	8.14	-153.45	0	0	
1	[GPS]	0	30.999085730837734	120.996431401011800	0.00	8.24	-153.60	0	0	
1	[GPS]	0	30.999085730837734	120.996431401011800	0.00	8.34	-153.75	0	0	
1	[GPS]	0	30.999085730837734	120.996431401011800	0.00	8.44	-153.89	0	0	
1	[GPS]	0	30.999085730837734	120.996431401011800	0.00	8.54	-154.04	0	0	
1	[GPS]	0	30.999085730837734	120.996431401011800	0.00	8.64	-154.18	0	0	
1	[GPS]	0	30.999085730837734	120.996431401011800	0.00	8.74	-154.33	0	0	
1	[GPS]	0	30.999085730837734	120.996431401011800	0.00	8.85	-154.47	0	0	
1	[GPS]	0	30.999085730837734	120.996431401011800	0.00	8.95	-154.61	0	0	
1	[GPS]	0	30.999085730837734	120.996431401011800	0.00	9.06	-154.75	0	0	
1	[GPS]	0	30.999085730837734	120.996431401011800	0.00	9.16	-154.89	0	0	
1	[GPS]	0	30.999085730837734	120.996431401011800	0.00	9.27	-155.03	0	0	
1	[GPS]	0	30.999085730837734	120.996431401011800	0.00	9.38	-155.17	0	0	
1	[GPS]	0	30.999085730837734	120.996431401011800	0.00	9.48	-155.31	0	0	
1	[GPS]	0	30.999085730837734	120.996431401011800	0.00	9.59	-155.44	0	0	
1	[GPS]	0	30.999085730837734	120.996431401011800	0.00	9.70	-155.58	0	0	
1	[GPS]	0	30.999085730837734	120.996431401011800	0.00	9.82	-155.71	0	0	
1	[GPS]	0	30.999085730837734	120.996431401011800	0.00	9.93	-155.84	0	0	
1	[GPS]	0	30.999085730837734	120.996431401011800	0.00	10.04	-155.97	0	0	
1	[GPS]	0	30.999085730837734	120.996431401011800	0.00	10.15	-156.10	0	0	
1	[GPS]	0	30.999085730837734	120.996431401011800	0.00	10.27	-156.23	0	0	
1	[GPS]	0	30.999085730837734	120.996431401011800	0.00	10.38	-156.36	0	0	
1	[GPS]	0	30.999085730837734	120.996431401011800	0.00	10.50	-156.49	0	0	
1	[GPS]	0	30.999085730837734	120.996431401011800	0.00	10.62	-156.61	0	0	
1	[GPS]	0	30.999085730837734	120.996431401011800	0.00	10.74	-156.74	0	0	
1	[GPS]	0	30.999085730837734	120.996431401011800	0.00	10.86	-156.86	0	0	
1	[GPS]	0	30.999085730837734	120.996431401011800	0.00	10.97	-156.98	0	0	
1	[GPS]	0	30.999085730837734	120.996431401011800	0.00	11.10	-157.11	0	0	
1	[GPS]	0	30.999085730837734	120.996431401011800	0.00	11.22	-157.23	0	0	
1	[GPS]	0	30.999085730837734	120.996431401011800	0.00	11.34	-157.35	0	0	
1	[GPS]	0	30.999085730837734	120.996431401011800	0.00	11.46	-157.47	0	0	
1	[GPS]	0	30.999085730837734	120.996431401011800	0.00	11.58	-157.59	0	0	
1	[GPS]	0	30.999085730837734	120.996431401011800	0.00	11.71	-157.71	0	0	
1	[GPS]	0	30.999085730837734	120.996431401011800	0.00	11.83	-157.82	0	0	
1	[GPS]	0	30.999085730837734	120.996431401011800	0.00	11.96	-157.94	0	0	
1	[GPS]	0	30.999085730837734	120.996431401011800	0.00	12.09	-158.06	0	0	
1	[GPS]	0	30.999085730837734	120.996431401011800	0.00	12.21	-158.17	0	0	
1	[GPS]	0	30.999085730837734	120.996431401011800	0.00	12.34	-158.28	0	0	
1	[GPS]	0	30.999085730837734	120.996431401011800	0.00	12.47	-158.40	0	0	
1	[GPS]	0	30.999085730837734	120.996431401011800	0.00	12.60	-158.51	0	0	
1	[GPS]	0	30.999085730837734	120.996431401011800	0.00	12.73	-158.62	0	0	
1	[GPS]	0	30.999085730837734	120.996431401011800	0.00	12.86	-158.73	0	0	
1	[GPS]	0	30.999085730837734	120.996431401011800	0.00	13.00	-158.84	0	0	
1	[GPS]	0	30.999085730837734	120.996431401011800	0.00	13.13	-158.95	0	0	
1	[GPS]	0	30.999085730837734	120.996431401011800	0.00	13.26	-159.05	0	0	
1	[GPS]	0	30.999085730837734	120.996431401011800	0.00	13.40	-159.16	0	0	
1	[GPS]	0	30.999085730837734	120.996431401011800	0.00	13.54	-159.26	0	0	
1	[GPS]	0	30.999085730837734	120.996431401011800	0.00	13.67	-159.37	0	0	
1	[GPS]	0	30.999085730837734	120.996431401011800	0.00	13.81	-159.47	0	0	
1	[GPS]	0	30.999085730837734	120.996431401011800	0.00	13.95	-159.57	0	0	
1	[GPS]	0	30.999085730837734	120.996431401011800	0.00	14.09	-159.67	0	0	
1	[GPS]	0	30.999085730837734	120.996431401011800	0.00	14.23	-159.77	0	0	
1	[GPS]	0	30.999085730837734	120.996431401011800	0.00	14.37	-159.87	0	0	
1	[GPS]	0	30.999085730837734	120.996431401011800	0.00	14.52	-159.97	0	0	
1	[GPS]	0	30.999085730837734	120.996431401011800	0.00	14.66	-160.07	0	0	
1	[GPS]	0	30.999085730837734	120.996431401011800	0.00	14.81	-160.16	0	0	
1	[GPS]	0	30.999085730837734	120.996431401011800	0.00	14.95	-160.25	0	0	
1	[GPS]	0	30.999085730837734	120.996431401011800	0.00	15.10	-160.35	0	0	
1	[GPS]	0	30.999085730837734	120.996431401011800	0.00	15.25	-160.44	0	0	
1	[GPS]	0	30.999085730837734	120.996431401011800	0.00	15.40	-160.53	0	0	
1	[GPS]	0	30.999085730837734	120.996431401011800	0.00	15.55	-160.62	0	0	
1	[GPS]	0	30.999085730837734	120.996431401011800	0.00	15.70	-160.71	0	0	
1	[GPS]	0	30.999085730837734	120.996431401011800	0.00	15.85	-160.79	0	0	
1	[GPS]	0	30.999085730837734	120.996431401011800	0.00	16.00	-160.88	0	0	
1	[GPS]	0	30.999085730837734	120.996431401011800	0.00	16.16	-160.96	0	0	
1	[GPS]	0	30.999085730837734	120.996431401011800	0.00	16.31	-161.05	0	0	
1	[GPS]	0	30.999085730837734	120.996431401011800	0.00	16.47	-161.13	0	0	
1	[GPS]	0	30.999085730837734	120.996431401011800	0.00	16.63	-161.21	0	0	
1	[GPS]	0	30.999085730837734	120.996431401011800	0.00	16.79	-161.29	0	0	
1	[GPS]	0	30.999085730837734	120.996431401011800	0.00	16.95	-161.37	0	0	
1	[GPS]	0	30.999085730837734	120.996431401011800	0.00	17.11	-161.44	0	0	
1	[GPS]	0	30.999085730837734	120.996431401011800	0.00	17.27	-161.52	0	0	
1	[GPS]	0	30.999085730837734	120.996431401011800	0.00	17.43	-161.59	0	0	
1	[GPS]	0	30.999085730837734	120.996431401011800	0.00	17.60	-161.67	0	0	
1	[GPS]	0	30.999085730837734	120.996431401011800	0.00	17.77	-161.74	0	0	
1	[GPS]	0	30.999085730837734	120.996431401011800	0.00	17.93	-161.81	0	0	
1	[GPS]	0	30.999085730837734	120.996431401011800	0.00	18.10	-161.88	0	0	
1	[GPS]	0	30.999085730837734	120.996431401011800	0.00	18.27	-161.94	0	0	
1	[GPS]	0	30.999085730837734	120.996431401011800	0.00	18.44	-162.01	0	0	
1	[GPS]	0	30.999085730837734	120.996431401011800	0.00	18.61	-162.07	0	0	
1	[GPS]	0	30.999085730837734	120.996431401011800	0.00	18.79	-162.14	0	0	
1	[GPS]	0	30.999085730837734	120.996431401011800	0.00	18.96	-162.20	0	0	
1	[GPS]	0	30.999085730837734	120.996431401011800	0.00	19.14	-162.26	0	0	
1	[GPS]	0	30.999085730837734	120.996431401011800	0.00	19.32	-162.32	0	0	
1	[GPS]	0	30.999085730837734	120.996431401011800	0.00	19.49	-162.37	0	0	
1	[GPS]	0	30.999085730837734	120.996431401011800	0.00	19.67	-162.43	0	0	
1	[GPS]	0	30.999085730837734	120.996431401011800	0.00	19.85	-162.48	0	0	
1	[GPS]	0	30.999085730837734	120.996431401011800	0.00	20.02	-162.54	0	0	
1	[GPS]	0	30.999085730837734	120.996431401011800	0.00	20.19	-162.59	0	0	
1	[GPS]	0	30.999085730837734	120.996431401011800	0.00	20.36	-162.63	0	0	
1	[GPS]	0	30.999085730837734	120.996431401011800	0.00	20.53	-162.68	0	0	
1	[GPS]	0	30.999085730837734	120.996431401011800	0.00	20.69	-162.73	0	0	
1	[GPS]	0	30.999085730837734	120.996431401011800	0.00	20.86	-162.77	0	0	
1	[GPS]	0	30.999085730837734	120.996431401011800	0.00	21.02	-162.81	0	0	
1	[GPS]	0	30.999085730837734	120.996431401011800	0.00	21.18	-162.85	0	0	
1	[GPS]	0	30.999085730837734	120.996431401011800	0.00	21.34	-162.89	0	0	
1	[GPS]	0	30.999085730837734	120.996431401011800	0.00	21.50	-162.93	0	0	
1	[GPS]	0	30.999085730837734	120.996431401011800	0.00	21.66	-162.97	0	0	
1	[GPS]	0	30.999085730837734	120.996431401011800	0.00	21.82	-163.00	0	0	
1	[GPS]	0	30.999085730837734	120.996431401011800	0.00	21.98	-163.04	0	0	
1	[GPS]	0	30.999085730837734	120.996431401011800	0.00	22.14	-163.07	0	0	
1	[GPS]	0	30.999085730837734	120.996431401011800	0.00	22.30	-163.10	0	0	
1	[GPS]	0	30.999085730837734	120.996431401011800	0.00	22.47	-163.13	0	0	
1	[GPS]	0	30.999085730837734	120.996431401011800	0.00	22.63	-163.16	0	0	
1	[GPS]	0	30.999085730837734	120.996431401011800	0.00	22.79	-163.18	0	0	
1	[GPS]	0	30.999085730837734	120.996431401011800	0.00	22.95	-163.21	0	0	
1	[GPS]	0	30.999085730837734	120.996431401011800	0.00	23.12	-163.23	0	0	
1	[GPS]	0	30.999085730837734	120.996431401011800	0.00	23.28	-163.26	0	0	
1	[GPS]	0	30.999085730837734	120.996431401011800	0.00	23.45	-163.28	0	0	
1	[GPS]	0	30.999085730837734	120.996431401011800	0.00	23.62	-163.30	0	0	
1	[GPS]	0	30.999085730837734	120.996431401011800	0.00	23.79	-163.32	0	0	
1	[GPS]	0	30.999085730837734	120.996431401011800	0.00	23.97	-163.34	0	0	
1	[GPS]	0	30.999085730837734	120.996431401011800	0.00	24.15	-163.36	0	0	
1	[GPS]	0	30.999085730837734	120.996431401011800	0.00	24.33	-163.37	0	0	
1	[GPS]	0	30.999085730837734	120.996431401011800	0.00	24.51	-163.39	0	0	
1	[GPS]	0	30.999085730837734	120.996431401011800	0.00	24.69	-163.40	0	0	
1	[GPS]	0	30.999085730837734	120.996431401011800	0.00	24.88	-163.42	0	0	
1	[GPS]	0	30.999085730837734	120.996431401011800	0.00	25.07	-163.43	0	0	
1	[GPS]	0	30.999085730837734	120.996431401011800	0.00	25.27	-163.44	0	0	
1	[GPS]	0	30.999085730837734	120.996431401011800	0.00	25.47	-163.45	0	0	
1	[GPS]	0	30.999085730837734	120.996431401011800	0.00	25.67	-163.46	0	0	
1	[GPS]	0	30.999085730837734	120.996431401011800	0.00	25.88	-163.47	0	0	
1	[GPS]	0	30.999085730837734	120.996431401011800	0.00	26.09	-163.48	0	0	
1	[GPS]	0	30.999085730837734	120.996431401011800	0.00	26.31	-163.49	0	0	
1	[GPS]	0	30.999085730837734	120.996431401011800	0.00	26.53	-163.49	0	0	
1	[GPS]	0	30.999085730837734	120.996431401011800	0.00	26.75	-163.50	0	0	
1	[GPS]	0	30.999085730837734	120.996431401011800	0.00	26.99	-163.50	0	0	
1	[GPS]	0	30.999085730837734	120.996431401011800	0.00	27.22	-163.51	0	0	
1	[GPS]	0	30.999085730837734	120.996431401011800	0.00	27.46	-163.51	0	0	
1	[GPS]	0	30.999085730837734	120.996431401011800	0.00	27.71	-163.51	0	0	
1	[GPS]	0	30.999085730837734	120.996431401011800	0.00	27.97	-163.52	0	0	
1	[GPS]	0	30.999085730837734	120.996431401011800	0.00	28.22	-163.52	0	0	
1	[GPS]	0	30.999085730837734	120.996431401011800	0.00	28.49	-163.52	0	0	
1	[GPS]	0	30.999085730837734	120.996431401011800	0.00	28.76	-163.52	0	0	
1	[GPS]	0	30.999085730837734	120.996431401011800	0.00	29.04	-163.52	0	0	
1	[GPS]	0	30.999085730837734	120.996431401011800	0.00	29.33	-163.52	0	0	
1	[GPS]	0	30.999085730837734	120.996431401011800	0.00	29.62	-163.52	0	0	
1	[GPS]	0	30.999085730837734	120.996431401011800	0.00	29.92	-163.52	0	0	
1	[GPS]	0	30.999085730837734	120.996431401011800	0.00	30.23	-163.52	0	0	
1	[GPS]	0	30.999085730837734	120.996431401011800	0.00	30.54	-163.52	0	0	
1	[GPS]	0	30.999085730837734	120.996431401011800	0.00	30.87	-163.51	0	0	
1	[GPS]	0	30.999085730837734	120.996431401011800	0.00	31.20	-163.51	0	0	
1	[GPS]	0	30.999085730837734	120.996431401011800	0.00	31.54	-163.51	0	0	
1	[GPS]	0	30.999085730837734	120.996431401011800	0.00	31.89	-163.51	0	0	
1	[GPS]	0	30.999085730837734	120.996431401011800	0.00	32.24	-163.50	0	0	
1	[GPS]	0	30.999085730837734	120.996431401011800	0.00	32.61	-163.50	0	0	
1	[GPS]	0	30.999085730837734	120.996431401011800	0.00	32.98	-163.49	0	0	
1	[GPS]	0	30.999085730837734	120.996431401011800	0.00	33.37	-163.48	0	0	
1	[GPS]	0	30.999085730837734	120.996431401011800	0.00	33.76	-163.48	0	0	
1	[GPS]	0	30.999085730837734	120.996431401011800	0.00	34.16	-163.47	0	0	
1	[GPS]	0	30.999085730837734	120.996431401011800	0.00	34.57	-163.46	0	0	
1	[GPS]	0	30.999085730837734	120.996431401011800	0.00	34.99	-163.44	0	0	
1	[GPS]	0	30.999085730837734	120.996431401011800	0.00	35.42	-163.43	0	0	
1	[GPS]	0	30.999085730837734	120.996431401011800	0.00	35.85	-163.42	0	0	
1	[GPS]	0	30.999085730837734	120.996431401011800	0.00	36.30	-163.40	0	0	
1	[GPS]	0	30.999085730837734	120.996431401011800	0.00	36.75	-163.39	0	0	
1	[GPS]	0	30.999085730837734	120.996431401011800	0.00	37.20	-163.37	0	0	
1	[GPS]	0	30.999085730837734	120.996431401011800	0.00	37.67	-163.35	0	0	
1	[GPS]	0	30.999085730837734	120.996431401011800	0.00	38.14	-163.33	0	0	
1	[GPS]	0	30.999085730837734	120.996431401011800	0.00	38.61	-163.31	0	0	
1	[GPS]	0	30.999085730837734	120.996431401011800	0.00	39.10	-163.29	0	0	
1	[GPS]	0	30.999085730837734	120.996431401011800	0.00	39.59	-163.27	0	0	
1	[GPS]	0	30.999085730837734	120.996431401011800	0.00	40.08	-163.24	0	0	
1	[GPS]	0	30.999085730837734	120.996431401011800	0.00	40.58	-163.22	0	0	
1	[GPS]	0	30.999085730837734	120.996431401011800	0.00	41.09	-163.20	0	0	
1	[GPS]	0	30.999085730837734	120.996431401011800	0.00	41.60	-163.17	0	0	
1	[GPS]	0	30.999085730837734	120.996431401011800	0.00	42.11	-163.15	0	0	
1	[GPS]	0	30.999085730837734	120.996431401011800	0.00	42.63	-163.12	0	0	
1	[GPS]	0	30.999085730837734	120.996431401011800	0.00	43.15	-163.09	0	0	
1	[GPS]	0	30.999085730837734	120.996431401011800	0.00	43.68	-163.06	0	0	
1	[GPS]	0	30.999085730837734	120.996431401011800	0.00	44.21	-163.04	0	0	
1	[GPS]	0	30.999085730837734	120.996431401011800	0.00	44.75	-163.01	0	0	
1	[GPS]	0	30.999085730837734	120.996431401011800	0.00	45.29	-162.98	0	0	
1	[GPS]	0	30.999085730837734	120.996431401011800	0.00	45.83	-162.95	0	0	
1	[GPS]	0	30.999085730837734	120.996431401011800	0.00	46.37	-162.92	0	0	
1	[GPS]	0	30.999085730837734	120.996431401011800	0.00	46.92	-162.89	0	0	
1	[GPS]	0	30.999085730837734	120.996431401011800	0.00	47.47	-162.85	0	0	
1	[GPS]	0	30.999085730837734	120.996431401011800	0.00	48.02	-162.82	0	0	
1	[GPS]	0	30.999085730837734	120.996431401011800	0.00	48.57	-162.79	0	0	
1	[GPS]	0	30.999085730837734	120.996431401011800	0.00	49.12	-162.76	0	0	
1	[GPS]	0	30.999085730837734	120.996431401011800	0.00	49.68	-162.73	0	0	
1	[GPS]	0	30.999085730837734	120.996431401011800	0.00	50.23	-162.69	0	0	
1	[GPS]	0	30.999085730837734	120.996431401011800	0.00	50.79	-162.66	0	0	
1	[GPS]	0	30.999085730837734	120.996431401011800	0.00	51.35	-162.63	0	0	
1	[GPS]	0	30.999085730837734	120.996431401011800	0.00	51.91	-162.59	0	0	
1	[GPS]	0	30.999085730837734	120.996431401011800	0.00	52.47	-162.56	0	0	
1	[GPS]	0	30.999085730837734	120.996431401011800	0.00	53.02	-162.53	0	0	
1	[GPS]	0	30.999085730837734	120.996431401011800	0.00	53.58	-162.49	0	0	
1	[GPS]	0	30.999085730837734	120.996431401011800	0.00	54.14	-162.46	0	0	
1	[GPS]	0	30.999085730837734	120.996431401011800	0.00	54.69	-162.42	0	0	
1	[GPS]	0	30.999085730837734	120.996431401011800	0.00	55.25	-162.39	0	0	
1	[GPS]	0	30.999085730837734	120.996431401011800	0.00	55.80	-162.36	0	0	
1	[GPS]	0	30.999085730837734	120.996431401011800	0.00	56.35	-162.32	0	0	
1	[GPS]	0	30.999085730837734	120.996431401011800	0.00	56.90	-162.29	0	0	
1	[GPS]	0	30.999085730837734	120.996431401011800	0.00	57.45	-162.26	0	0	
1	[GPS]	0	30.999085730837734	120.996431401011800	0.00	58.00	-162.22	0	0	
1	[GPS]	0	30.999085730837734	120.996431401011800	0.00	58.54	-162.19	0	0	
1	[GPS]	0	30.999085730837734	120.996431401011800	0.00	59.08	-162.16	0	0	
1	[GPS]	0	30.999085730837734	120.996431401011800	0.00	59.62	-162.13	0	0	
1	[GPS]	0	30.999085730837734	120.996431401011800	0.00	60.15	-162.09	0	0	
1	[GPS]	0	30.999085730837734	120.996431401011800	0.00	60.68	-162.06	0	0	
1	[GPS]	0	30.999085730837734	120.996431401011800	0.00	61.21	-162.03	0	0	
1	[GPS]	0	30.999085730837734	120.996431401011800	0.00	61.73	-162.00	0	0	
1	[GPS]	0	30.999085730837734	120.996431401011800	0.00	62.25	-161.97	0	0	
1	[GPS]	0	30.999085730837734	120.996431401011800	0.00	62.77	-161.94	0	0	
1	[GPS]	0	30.999085730837734	120.996431401011800	0.00	63.25	-161.91	0	0	
1	[GPS]	0	30.999085730837734	120.996431401011800	0.00	63.73	-161.88	0	0	
1	[GPS]	0	30.999085730837734	120.996431401011800	0.00	64.21	-161.86	0	0	
1	[GPS]	0	30.999085730837734	120.996431401011800	0.00	64.69	-161.83	0	0	
1	[GPS]	0	30.999085730837734	120.996431401011800	0.00	65.17	-161.80	0	0	
1	[GPS]	0	30.999085730837734	120.996431401011800	0.00	65.65	-161.77	0	0	
1	[GPS]	0	30.999085730837734	120.996431401011800	0.00	66.13	-161.74	0	0	
1	[GPS]	0	30.999085730837734	120.996431401011800	0.00	66.61	-161.71	0	0	
1	[GPS]	0	30.999085730837734	120.996431401011800	0.00	67.09	-161.68	0	0	
1	[GPS]	0	30.999085730837734	120.996431401011800	0.00	67.57	-161.65	0	0	
1	[GPS]	0	30.999085730837734	120.996431401011800	0.00	68.05	-161.62	0	0	
1	[GPS]	0	30.999085730837734	120.996431401011800	0.00	68.53	-161.59	0	0	
1	[GPS]	0	30.999085730837734	120.996431401011800	0.00	69.01	-161.56	0	0	
1	[GPS]	0	30.999085730837734	120.996431401011800	0.00	69.50	-161.53	0	0	
1	[GPS]	0	30.999085730837734	120.996431401011800	0.00	69.98	-161.50	0	0	
1	[GPS]	0	30.999085730837734	120.996431401011800	0.00	70.46	-161.47	0	0	
1	[GPS]	0	30.999085730837734	120.996431401011800	0.00	70.94	-161.44	0	0	
1	[GPS]	0	30.999085730837734	120.996431401011800	0.00	71.42	-161.41	0	0	
1	[GPS]	0	30.999085730837734	120.996431401011800	0.00	71.90	-161.38	0	0	
1	[GPS]	0	30.999085730837734	120.996431401011800	0.00	72.39	-161.35	0	0	
1	[GPS]	0	30.999085730837734	120.996431401011800	0.00	72.87	-161.32	0	0	
1	[GPS]	0	30.999085730837734	120.996431401011800	0.00	73.35	-161.29	0	0	
1	[GPS]	0	30.999085730837734	120.996431401011800	0.00	73.83	-161.26	0	0	
1	[GPS]	0	30.999085730837734	120.996431401011800	0.00	74.32	-161.22	0	0	
1	[GPS]	0	30.999085730837734	120.996431401011800	0.00	74.80	-161.19	0	0	
1	[GPS]	0	30.999085730837734	120.996431401011800	0.00	75.28	-161.16	0	0	
1	[GPS]	0	30.999085730837734	120.996431401011800	0.00	75.76	-161.13	0	0	
1	[GPS]	0	30.999085730837734	120.996431401011800	0.00	76.25	-161.10	0	0	
1	[GPS]	0	30.999085730837734	120.996431401011800	0.00	76.73	-161.07	0	0	
1	[GPS]	0	30.999085730837734	120.996431401011800	0.00	77.21	-161.03	0	0	
1	[GPS]	0	30.999085730837734	120.996431401011800	0.00	77.70	-161.00	0	0	
1	[GPS]	0	30.999085730837734	120.996431401011800	0.00	78.18	-160.97	0	0	
1	[GPS]	0	30.999085730837734	120.996431401011800	0.00	78.66	-160.94	0	0	
1	[GPS]	0	30.999085730837734	120.996431401011800	0.00	79.15	-160.91	0	0	
1	[GPS]	0	30.999085730837734	120.996431401011800	0.00	79.63	-160.87	0	0	
1	[GPS]	0	30.999085730837734	120.996431401011800	0.00	80.11	-160.84	0	0	
1	[GPS]	0	30.999085730837734	120.996431401011800	0.00	80.59	-160.81	0	0	
1	[GPS]	0	30.999085730837734	120.996431401011800	0.00	81.08	-160.78	0	0	
1	[GPS]	0	30.999085730837734	120.996431401011800	0.00	81.56	-160.75	0	0	
1	[GPS]	0	30.999085730837734	120.996431401011800	0.00	82.04	-160.71	0	0	
1	[GPS]	0	30.999085730837734	120.996431401011800	0.00	82.53	-160.68	0	0	
1	[GPS]	0	30.999085730837734	120.996431401011800	0.00	83.01	-160.65	0	0	
1	[GPS]	0	30.999085730837734	120.996431401011800	0.00	83.49	-160.62	0	0	
1	[GPS]	0	30.999085730837734	120.996431401011800	0.00	83.98	-160.58	0	0	
1	[GPS]	0	30.999085730837734	120.996431401011800	0.00	84.46	-160.55	0	0	
1	[GPS]	0	30.999085730837734	120.996431401011800	0.00	84.94	-160.52	0	0	
1	[GPS]	0	30.999085730837734	120.996431401011800	0.00	85.43	-160.49	0	0	
1	[GPS]	0	30.999085730837734	120.996431401011800	0.00	85.91	-160.46	0	0	
1	[GPS]	0	30.999085730837734	120.996431401011800	0.00	86.39	-160.42	0	0	
1	[GPS]	0	30.999085730837734	120.996431401011800	0.00	86.88	-160.39	0	0	
1	[GPS]	0	30.999085730837734	120.996431401011800	0.00	87.36	-160.36	0	0	
1	[GPS]	0	30.999085730837734	120.996431401011800	0.00	87.84	-160.33	0	0	
1	[GPS]	0	30.999085730837734	120.996431401011800	0.00	88.33	-160.29	0	0	
1	[GPS]	0	30.999085730837734	120.996431401011800	0.00	88.81	-160.26	0	0	
1	[GPS]	0	30.999085730837734	120.996431401011800	0.00	89.29	-160.23	0	0	
1	[GPS]	0	30.999085730837734	120.996431401011800	0.00	89.78	-160.20	0	0	
1	[GPS]	0	30.999085730837734	120.996431401011800	0.00	90.26	-160.17	0	0	
1	[GPS]	0	30.999085730837734	120.996431401011800	0.00	90.74	-160.14	0	0	
1	[GPS]	0	30.999085730837734	120.996431401011800	0.00	91.22	-160.10	0	0	
1	[GPS]	0	30.999085730837734	120.996431401011800	0.00	91.71	-160.07	0	0	
1	[GPS]	0	30.999085730837734	120.996431401011800	0.00	92.19	-160.04	0	0	
1	[GPS]	0	30.999085730837734	120.996431401011800	0.00	92.67	-160.01	0	0	
1	[GPS]	0	30.999085730837734	120.996431401011800	0.00	93.15	-159.98	0	0	
1	[GPS]	0	30.999085730837734	120.996431401011800	0.00	93.64	-159.95	0	0	
