1	[GPS]	0	31.592013572519836	120.772607412503390	65.158191043573183	0	0	0	0	
1	[GPS]	0	31.592013898403053	120.772608143018490	65.132980901288974	0	0	0	0	
1	[GPS]	0	31.592014227414840	120.772608884796910	65.119860168145578	0	0	0	0	
1	[GPS]	0	31.592014559921598	120.772609637944400	65.109718815453974	0	0	0	0	
1	[GPS]	0	31.592015006979533	120.772610660875910	65.091269574964159	0	0	0	0	
1	[GPS]	0	31.592015346265363	120.772611438637540	65.073221404919778	0	0	0	0	
1	[GPS]	0	31.592015689259597	120.772612226041500	65.057063995546713	0	0	0	0	
1	[GPS]	0	31.592016036304518	120.772613022484520	65.040276332616529	0	0	0	0	
1	[GPS]	0	31.592016387887547	120.772613826917730	65.023889740131793	0	0	0	0	
1	[GPS]	0	31.592016744268641	120.772614638310740	65.010654415432583	0	0	0	0	
1	[GPS]	0	31.592017105602089	120.772615455485890	64.997247203399610	0	0	0	0	
1	[GPS]	0	31.592017475760759	120.772616277875290	64.980001174246070	0	0	0	0	
1	[GPS]	0	31.592017973005039	120.772617380922910	64.936857453473309	0	0	0	0	
1	[GPS]	0	31.592018347894331	120.772618214115000	64.898411986489904	0	0	0	0	
1	[GPS]	0	31.592018721623891	120.772619052714220	64.875379083766575	0	0	0	0	
1	[GPS]	0	31.592019094265307	120.772619896166300	64.851715927486154	0	0	0	0	
1	[GPS]	0	31.592019465861316	120.772620744151270	64.846215532805957	0	0	0	0	
1	[GPS]	0	31.592019838249726	120.772621595964980	64.854638012159995	0	0	0	0	
1	[GPS]	0	31.592020211400790	120.772622455136410	64.855325561495036	0	0	0	0	
1	[GPS]	0	31.592020589623090	120.772623317903650	64.863175083069891	0	0	0	0	
1	[GPS]	0	31.592021104907914	120.772624478490410	64.859680040616851	0	0	0	0	
1	[GPS]	0	31.592021497574486	120.772625352865280	64.827995475427812	0	0	0	0	
1	[GPS]	0	31.592021894412280	120.772626233629640	64.796196318682959	0	0	0	0	
1	[GPS]	0	31.592022290545106	120.772627123340000	64.781700486869525	0	0	0	0	
1	[GPS]	0	31.592022688986596	120.772628021982060	64.760443753261697	0	0	0	0	
1	[GPS]	0	31.592023087029169	120.772628928765170	64.742109104327710	0	0	0	0	
1	[GPS]	0	31.592023484632335	120.772629841794480	64.751677499240131	0	0	0	0	
1	[GPS]	0	31.592023884384304	120.772630758996190	64.755573612138605	0	0	0	0	
1	[GPS]	0	31.592024288618457	120.772631682157500	64.748411639898762	0	0	0	0	
1	[GPS]	0	31.592024832741757	120.772632917745170	64.743369611441921	0	0	0	0	
1	[GPS]	0	31.592025241981904	120.772633849303250	64.718331356491461	0	0	0	0	
1	[GPS]	0	31.592025654571490	120.772634784450030	64.710367243360764	0	0	0	0	
1	[GPS]	0	31.592026071242778	120.772635723834300	64.696329777770686	0	0	0	0	
1	[GPS]	0	31.592026490109312	120.772636670639700	64.676849213278331	0	0	0	0	
1	[GPS]	0	31.592026915045860	120.772637628751160	64.684412255963608	0	0	0	0	
1	[GPS]	0	31.592027343599824	120.772638594467650	64.676677325944581	0	0	0	0	
1	[GPS]	0	31.592027775770141	120.772639567035090	64.684469551741515	0	0	0	0	
1	[GPS]	0	31.592028358715982	120.772640870596460	64.677192987945830	0	0	0	0	
1	[GPS]	0	31.592028802162609	120.772641859179810	64.660577212349423	0	0	0	0	
1	[GPS]	0	31.592029248914667	120.772642854220860	64.644305211420530	0	0	0	0	
1	[GPS]	0	31.592029697474363	120.772643854669980	64.622532815811425	0	0	0	0	
1	[GPS]	0	31.592030146420061	120.772644861101850	64.615198956237847	0	0	0	0	
1	[GPS]	0	31.592030595747520	120.772645873279970	64.608724533333032	0	0	0	0	
1	[GPS]	0	31.592031046246966	120.772646891566320	64.606661885327938	0	0	0	0	
1	[GPS]	0	31.592031500246655	120.772647915201830	64.611188251783531	0	0	0	0	
1	[GPS]	0	31.592032113775783	120.772649294178050	64.612448758897742	0	0	0	0	
1	[GPS]	0	31.592032578504000	120.772650334549920	64.614855181570320	0	0	0	0	
1	[GPS]	0	31.592033048056397	120.772651382291770	64.608896420666781	0	0	0	0	
1	[GPS]	0	31.592033521534397	120.772652435900140	64.605917040215004	0	0	0	0	
1	[GPS]	0	31.592033998599302	120.772653495653370	64.601104194869848	0	0	0	0	
1	[GPS]	0	31.592034479545990	120.772654560174520	64.588155349060202	0	0	0	0	
1	[GPS]	0	31.592034961998216	120.772655630974950	64.583858165716293	0	0	0	0	
1	[GPS]	0	31.592035605889787	120.772657068402680	64.584259236161742	0	0	0	0	
1	[GPS]	0	31.592036091770339	120.772658153648380	64.583227912159217	0	0	0	0	
1	[GPS]	0	31.592036580390918	120.772659244925490	64.584316531939663	0	0	0	0	
1	[GPS]	0	31.592037079182180	120.772660345730100	64.581738221933335	0	0	0	0	
1	[GPS]	0	31.592037582034035	120.772661451809410	64.583170616381295	0	0	0	0	
1	[GPS]	0	31.592038088690384	120.772662562547540	64.580649602152860	0	0	0	0	
1	[GPS]	0	31.592038598781095	120.772663680237490	64.567414277453651	0	0	0	0	
1	[GPS]	0	31.592039111229951	120.772664803053420	64.558304248764571	0	0	0	0	
1	[GPS]	0	31.592039793954189	120.772666308415510	64.552631966750624	0	0	0	0	
1	[GPS]	0	31.592040310521661	120.772667448840280	64.545240811399111	0	0	0	0	
1	[GPS]	0	31.592040828020110	120.772668594849790	64.544037600062836	0	0	0	0	
1	[GPS]	0	31.592041348618000	120.772669743489620	64.547418050960033	0	0	0	0	
1	[GPS]	0	31.592041872201573	120.772670896021030	64.553319516085651	0	0	0	0	
1	[GPS]	0	31.592042399385548	120.772672053246200	64.543521938061559	0	0	0	0	
1	[GPS]	0	31.592042929210027	120.772673214825190	64.538594501160546	0	0	0	0	
1	[GPS]	0	31.592043461463572	120.772674381290330	64.521119288895363	0	0	0	0	
1	[GPS]	0	31.592044170382589	120.772675953536390	64.508113147307810	0	0	0	0	
1	[GPS]	0	31.592044697462786	120.772677136554950	64.501982499070522	0	0	0	0	
1	[GPS]	0	31.592045226709185	120.772678325503970	64.495393484609878	0	0	0	0	
1	[GPS]	0	31.592045758363657	120.772679518816450	64.499576076397943	0	0	0	0	
1	[GPS]	0	31.592046293363602	120.772680716827040	64.497341541059100	0	0	0	0	
1	[GPS]	0	31.592046831390913	120.772681919597900	64.487945033480429	0	0	0	0	
1	[GPS]	0	31.592047371026201	120.772683127165990	64.478032863900509	0	0	0	0	
1	[GPS]	0	31.592047909651320	120.772684342076520	64.473678384778680	0	0	0	0	
1	[GPS]	0	31.592048631683038	120.772685971116160	64.469266609878943	0	0	0	0	
1	[GPS]	0	31.592049175493020	120.772687200000490	64.475683737005824	0	0	0	0	
1	[GPS]	0	31.592049721618736	120.772688434652140	64.482272751466496	0	0	0	0	
1	[GPS]	0	31.592050272416301	120.772689674864550	64.489721202595916	0	0	0	0	
1	[GPS]	0	31.592050828003163	120.772690918939120	64.492471399936022	0	0	0	0	
1	[GPS]	0	31.592051387888993	120.772692168516310	64.479522554126390	0	0	0	0	
1	[GPS]	0	31.592051949891232	120.772693424382040	64.471902215663206	0	0	0	0	
1	[GPS]	0	31.592052514397736	120.772694686166630	64.454885369621365	0	0	0	0	
1	[GPS]	0	31.592053270611125	120.772696373244910	64.451046552500813	0	0	0	0	
1	[GPS]	0	31.592053839472047	120.772697647881370	64.448353650938628	0	0	0	0	
1	[GPS]	0	31.592054411114354	120.772698928050500	64.450187115832023	0	0	0	0	
1	[GPS]	0	31.592054985355190	120.772700214488580	64.450645482055378	0	0	0	0	
1	[GPS]	0	31.592055565316322	120.772701515102910	64.444285650706405	0	0	0	0	
1	[GPS]	0	31.592056147941740	120.772702822052880	64.442910552036366	0	0	0	0	
1	[GPS]	0	31.592056729754287	120.772704137198150	64.435748579796524	0	0	0	0	
1	[GPS]	0	31.592057314135506	120.772705457923100	64.431222213340945	0	0	0	0	
1	[GPS]	0	31.592058098901294	120.772707234632750	64.424002945323195	0	0	0	0	
1	[GPS]	0	31.592058691971541	120.772708565316290	64.421023564871419	0	0	0	0	
1	[GPS]	0	31.592059282306838	120.772709895941870	64.422685142431064	0	0	0	0	
1	[GPS]	0	31.592059875278856	120.772711232370380	64.417070156195038	0	0	0	0	
1	[GPS]	0	31.592060470463529	120.772712576118640	64.408074719061801	0	0	0	0	
1	[GPS]	0	31.592061068237328	120.772713926219340	64.410022775511038	0	0	0	0	
1	[GPS]	0	31.592061669856044	120.772715281147340	64.418789029532576	0	0	0	0	
1	[GPS]	0	31.592062275596049	120.772716642411680	64.415637761747050	0	0	0	0	
1	[GPS]	0	31.592063090868624	120.772718466924740	64.416325311082090	0	0	0	0	
1	[GPS]	0	31.592063699433972	120.772719854901990	64.415866944858735	0	0	0	0	
1	[GPS]	0	31.592064310575470	120.772721249578440	64.416153423748327	0	0	0	0	
1	[GPS]	0	31.592064924221244	120.772722650919550	64.418731733754669	0	0	0	0	
1	[GPS]	0	31.592065540869715	120.772724057495070	64.423888353767367	0	0	0	0	
1	[GPS]	0	31.592066161147400	120.772725470567990	64.435748579796524	0	0	0	0	
1	[GPS]	0	31.592066786071456	120.772726889479220	64.445145087375195	0	0	0	0	
1	[GPS]	0	31.592067417374913	120.772728316428780	64.447322326936089	0	0	0	0	
1	[GPS]	0	31.592068265666729	120.772730222509040	64.448525538272378	0	0	0	0	
1	[GPS]	0	31.592068908796154	120.772731663112640	64.451103848278720	0	0	0	0	
1	[GPS]	0	31.592069554245683	120.772733110790750	64.459927398078221	0	0	0	0	
1	[GPS]	0	31.592070201430726	120.772734563821420	64.470527116993168	0	0	0	0	
1	[GPS]	0	31.592070848020072	120.772736024318310	64.477975568122616	0	0	0	0	
1	[GPS]	0	31.592071494991021	120.772737491979480	64.489778498373838	0	0	0	0	
1	[GPS]	0	31.592072145619188	120.772738963593580	64.495737259277405	0	0	0	0	
1	[GPS]	0	31.592072798029907	120.772740442267110	64.498602048173311	0	0	0	0	
1	[GPS]	0	31.592073670849242	120.772742429376830	64.519285824001955	0	0	0	0	
1	[GPS]	0	31.592074330110545	120.772743921216190	64.529484472471481	0	0	0	0	
1	[GPS]	0	31.592074992569909	120.772745418139680	64.538308022270954	0	0	0	0	
1	[GPS]	0	31.592075656121064	120.772746915552630	64.549824473632626	0	0	0	0	
1	[GPS]	0	31.592076323045234	120.772748417499070	64.545068924065347	0	0	0	0	
1	[GPS]	0	31.592076992250810	120.772749924419340	64.556413488093256	0	0	0	0	
1	[GPS]	0	31.592077664062369	120.772751435639560	64.562372248996809	0	0	0	0	
1	[GPS]	0	31.592078337235399	120.772752952219720	64.562773319442229	0	0	0	0	
1	[GPS]	0	31.592079241696350	120.772754980539630	64.577326447033585	0	0	0	0	
1	[GPS]	0	31.592079919673147	120.772756509251720	64.575607573696033	0	0	0	0	
1	[GPS]	0	31.592080598965897	120.772758043130120	64.589072081506941	0	0	0	0	
1	[GPS]	0	31.592081280884443	120.772759585317890	64.600703124424413	0	0	0	0	
1	[GPS]	0	31.592081963252561	120.772761133748870	64.603166842874899	0	0	0	0	
1	[GPS]	0	31.592082647725039	120.772762683326620	64.628205097825372	0	0	0	0	
1	[GPS]	0	31.592083334212838	120.772764237903910	64.630095858496702	0	0	0	0	
1	[GPS]	0	31.592084022157657	120.772765795993890	64.635653548954821	0	0	0	0	
1	[GPS]	0	31.592084945446366	120.772767881316060	64.645451126978898	0	0	0	0	
1	[GPS]	0	31.592085641546053	120.772769451975610	64.649862901878635	0	0	0	0	
1	[GPS]	0	31.592086339291512	120.772771025425430	64.657769719231425	0	0	0	0	
1	[GPS]	0	31.592087036884227	120.772772603938420	64.679828593730107	0	0	0	0	
1	[GPS]	0	31.592087736450257	120.772774185857760	64.675474114608292	0	0	0	0	
1	[GPS]	0	31.592088436392139	120.772775771372210	64.677651354169186	0	0	0	0	
1	[GPS]	0	31.592089136760933	120.772777361820270	64.691345045091765	0	0	0	0	
1	[GPS]	0	31.592089837747505	120.772778954392510	64.685730058855725	0	0	0	0	
1	[GPS]	0	31.592090776713373	120.772781085900630	64.705325214903937	0	0	0	0	
1	[GPS]	0	31.592091482256933	120.772782685386590	64.710023468693251	0	0	0	0	
1	[GPS]	0	31.592092188831870	120.772784288856430	64.720164821384856	0	0	0	0	
1	[GPS]	0	31.592092895944845	120.772785895533840	64.726581948511750	0	0	0	0	
1	[GPS]	0	31.592093603718851	120.772787504936520	64.741249667658934	0	0	0	0	
1	[GPS]	0	31.592094312195034	120.772789117416140	64.758896767257895	0	0	0	0	
1	[GPS]	0	31.592095021319583	120.772790732716430	64.768350570614459	0	0	0	0	
1	[GPS]	0	31.592095731285252	120.772792351824190	64.785424712434235	0	0	0	0	
1	[GPS]	0	31.592096679562545	120.772794513950270	64.800035135803498	0	0	0	0	
1	[GPS]	0	31.592097391970110	120.772796138853550	64.815734178953221	0	0	0	0	
1	[GPS]	0	31.592098107005306	120.772797765023060	64.829198686764101	0	0	0	0	
1	[GPS]	0	31.592098818161041	120.772799394008630	64.842720490352903	0	0	0	0	
1	[GPS]	0	31.592099530973133	120.772801028610570	64.863633449293246	0	0	0	0	
1	[GPS]	0	31.592100243474544	120.772802668410340	64.887583084463273	0	0	0	0	
1	[GPS]	0	31.592100957025217	120.772804316684610	64.892682408698022	0	0	0	0	
1	[GPS]	0	31.592101672442315	120.772805971384030	64.921731368102783	0	0	0	0	
1	[GPS]	0	31.592102635353356	120.772808182651740	64.949290637281663	0	0	0	0	
1	[GPS]	0	31.592103361678166	120.772809845931010	64.955421285518952	0	0	0	0	
1	[GPS]	0	31.592104088189345	120.772811511270110	64.972667314672492	0	0	0	0	
1	[GPS]	0	31.592104816076844	120.772813177585790	64.974729962677586	0	0	0	0	
1	[GPS]	0	31.592105544777080	120.772814845914210	64.986590188706728	0	0	0	0	
1	[GPS]	0	31.592106275069380	120.772816519022060	64.997419090733359	0	0	0	0	
1	[GPS]	0	31.592107005487541	120.772818195580530	64.996445062508741	0	0	0	0	
1	[GPS]	0	31.592107733834872	120.772819878272060	65.030765233482043	0	0	0	0	
1	[GPS]	0	31.592108706178049	120.772822129450630	65.042568163733293	0	0	0	0	
1	[GPS]	0	31.592109433841312	120.772823816549210	65.059241235107621	0	0	0	0	
1	[GPS]	0	31.592110161618901	120.772825508870340	65.058267206882988	0	0	0	0	
1	[GPS]	0	31.592110888730950	120.772827206796990	65.053397065759924	0	0	0	0	
1	[GPS]	0	31.592111616422287	120.772828910626770	65.096598082310607	0	0	0	0	
1	[GPS]	0	31.592112348011785	120.772830619179390	65.098374251426080	0	0	0	0	
1	[GPS]	0	31.592113080938663	120.772832330565890	65.113328449462870	0	0	0	0	
1	[GPS]	0	31.592113821593482	120.772834045936430	65.165066536923433	0	0	0	0	
1	[GPS]	0	31.592114812485097	120.772836334101740	65.156128395568103	0	0	0	0	
1	[GPS]	0	31.592115561724018	120.772838052528930	65.183000115411957	0	0	0	0	
1	[GPS]	0	31.592116315680368	120.772839773577160	65.211361525481720	0	0	0	0	
1	[GPS]	0	31.592117067756352	120.772841500027450	65.190104791873893	0	0	0	0	
1	[GPS]	0	31.592117820630726	120.772843233164890	65.218065131498207	0	0	0	0	
1	[GPS]	0	31.592118573136808	120.772844969180140	65.253187443362350	0	0	0	0	
1	[GPS]	0	31.592119328611300	120.772846717789680	65.251010203801457	0	0	0	0	
1	[GPS]	0	31.592120085355553	120.772848468241350	65.274501472748099	0	0	0	0	
1	[GPS]	0	31.592121090405207	120.772850810371490	65.279314318093299	0	0	0	0	
1	[GPS]	0	31.592121849791120	120.772852569962580	65.292606938570415	0	0	0	0	
1	[GPS]	0	31.592122609895956	120.772854333704190	65.289054600339455	0	0	0	0	
1	[GPS]	0	31.592123372496179	120.772856101168880	65.282179106989204	0	0	0	0	
1	[GPS]	0	31.592124149889173	120.772857868056430	65.261667218494324	0	0	0	0	
1	[GPS]	0	31.592124926161709	120.772859637089200	65.263271500276048	0	0	0	0	
1	[GPS]	0	31.592125704283120	120.772861408833720	65.258630542264626	0	0	0	0	
1	[GPS]	0	31.592126482779847	120.772863184185950	65.248431893795114	0	0	0	0	
1	[GPS]	0	31.592127531196581	120.772865554451060	65.248317302239286	0	0	0	0	
1	[GPS]	0	31.592128312885521	120.772867336280510	65.235024681762141	0	0	0	0	
1	[GPS]	0	31.592129090169504	120.772869122060360	65.237717583324311	0	0	0	0	
1	[GPS]	0	31.592129868239443	120.772870910190700	65.232618259089548	0	0	0	0	
1	[GPS]	0	31.592130647519323	120.772872700254150	65.221903948618760	0	0	0	0	
1	[GPS]	0	31.592131427989862	120.772874492323820	65.234451723982957	0	0	0	0	
1	[GPS]	0	31.592132210567016	120.772876286107210	65.219898596391602	0	0	0	0	
1	[GPS]	0	31.592132993439922	120.772878081252440	65.213596060820549	0	0	0	0	
1	[GPS]	0	31.592134035044612	120.772880474751330	65.219898596391602	0	0	0	0	
1	[GPS]	0	31.592134818418266	120.772882272548810	65.192167439878958	0	0	0	0	
1	[GPS]	0	31.592135602300047	120.772884073521210	65.193485242771089	0	0	0	0	
1	[GPS]	0	31.592136385720082	120.772885877904020	65.177041354508432	0	0	0	0	
1	[GPS]	0	31.592137169360527	120.772887685211740	65.162373635361249	0	0	0	0	
1	[GPS]	0	31.592137953513554	120.772889494285470	65.155956508234354	0	0	0	0	
1	[GPS]	0	31.592138738551270	120.772891307700960	65.133783042179815	0	0	0	0	
1	[GPS]	0	31.592139528815579	120.772893124425790	65.123698985266131	0	0	0	0	
1	[GPS]	0	31.592140581886945	120.772895549391920	65.090811208740817	0	0	0	0	
1	[GPS]	0	31.592141376925792	120.772897369087730	65.073221404919778	0	0	0	0	
1	[GPS]	0	31.592142175716031	120.772899189218050	65.063423826895686	0	0	0	0	
1	[GPS]	0	31.592142976084489	120.772901011956920	65.037526135276437	0	0	0	0	
1	[GPS]	0	31.592143777099555	120.772902837548670	65.015467260777754	0	0	0	0	
1	[GPS]	0	31.592144577658914	120.772904665760190	65.007216668757465	0	0	0	0	
1	[GPS]	0	31.592145384807321	120.772906497707250	64.992319766498582	0	0	0	0	
1	[GPS]	0	31.592146192891075	120.772908331959370	64.979313624911057	0	0	0	0	
1	[GPS]	0	31.592147282488476	120.772910782542160	64.958171482859058	0	0	0	0	
1	[GPS]	0	31.592148090921938	120.772912623595730	64.938347143699204	0	0	0	0	
1	[GPS]	0	31.592148900175602	120.772914466860140	64.922418917437810	0	0	0	0	
1	[GPS]	0	31.592149710580859	120.772916310716670	64.918580100317243	0	0	0	0	
1	[GPS]	0	31.592150521790341	120.772918157411620	64.906318803842652	0	0	0	0	
1	[GPS]	0	31.592151334104205	120.772920005780070	64.899042240046981	0	0	0	0	
1	[GPS]	0	31.592152147920995	120.772921855749400	64.890447873359179	0	0	0	0	
1	[GPS]	0	31.592152962985249	120.772923707376260	64.892281338252559	0	0	0	0	
1	[GPS]	0	31.592154052222270	120.772926179176860	64.881108661558443	0	0	0	0	
1	[GPS]	0	31.592154874779368	120.772928035901660	64.879848154444218	0	0	0	0	
1	[GPS]	0	31.592155699260971	120.772929894837730	64.878530351552101	0	0	0	0	
1	[GPS]	0	31.592156521283378	120.772931760600760	64.872800773760233	0	0	0	0	
1	[GPS]	0	31.592157343661256	120.772933629748100	64.867013900190443	0	0	0	0	
1	[GPS]	0	31.592158164707751	120.772935504486100	64.867529562191706	0	0	0	0	
1	[GPS]	0	31.592158985715137	120.772937383264020	64.854351533270403	0	0	0	0	
1	[GPS]	0	31.592159806633848	120.772939266609500	64.855382857272957	0	0	0	0	
1	[GPS]	0	31.592160902992262	120.772941780355880	64.865352322630798	0	0	0	0	
1	[GPS]	0	31.592161728293355	120.772943670082300	64.869363027085114	0	0	0	0	
1	[GPS]	0	31.592162555088954	120.772945564304010	64.871368379312258	0	0	0	0	
1	[GPS]	0	31.592163383096668	120.772947462473340	64.878530351552101	0	0	0	0	
1	[GPS]	0	31.592164211686601	120.772949361790140	64.879618971332548	0	0	0	0	
1	[GPS]	0	31.592165042147140	120.772951262804750	64.894630465147259	0	0	0	0	
1	[GPS]	0	31.592165875198511	120.772953166476670	64.899615197826179	0	0	0	0	
1	[GPS]	0	31.592166717590587	120.772955073643130	64.900474634494955	0	0	0	0	
1	[GPS]	0	31.592167857118056	120.772957619175610	64.904829113616771	0	0	0	0	
1	[GPS]	0	31.592168705093574	120.772959530617670	64.901677845831244	0	0	0	0	
1	[GPS]	0	31.592169552367118	120.772961445512310	64.909011705404836	0	0	0	0	
1	[GPS]	0	31.592170399838242	120.772963364015880	64.908266860291889	0	0	0	0	
1	[GPS]	0	31.592171246667014	120.772965286388470	64.904829113616771	0	0	0	0	
1	[GPS]	0	31.592172092692316	120.772967211926540	64.915371536753810	0	0	0	0	
1	[GPS]	0	31.592172941736422	120.772969146075920	64.912793226747482	0	0	0	0	
1	[GPS]	0	31.592173789677165	120.772971084296440	64.919496832763954	0	0	0	0	
1	[GPS]	0	31.592174914499974	120.772973673379370	64.931357058793125	0	0	0	0	
1	[GPS]	0	31.592175761989193	120.772975620437170	64.933992664577374	0	0	0	0	
1	[GPS]	0	31.592176610252206	120.772977570208350	64.955994243298150	0	0	0	0	
1	[GPS]	0	31.592177459358368	120.772979518102550	64.962010299979610	0	0	0	0	
1	[GPS]	0	31.592178310304732	120.772981467505100	64.960635201309572	0	0	0	0	
1	[GPS]	0	31.592179163924712	120.772983417431380	64.981147089804452	0	0	0	0	
1	[GPS]	0	31.592180017265854	120.772985369115250	64.970375483555756	0	0	0	0	
1	[GPS]	0	31.592180870153214	120.772987325002940	64.969917117332386	0	0	0	0	
1	[GPS]	0	31.592182006431099	120.772989936054810	64.979657399578585	0	0	0	0	
1	[GPS]	0	31.592182860177239	120.772991900260100	64.976620723348873	0	0	0	0	
1	[GPS]	0	31.592183713893416	120.772993868341840	65.005383203864042	0	0	0	0	
1	[GPS]	0	31.592184569998608	120.772995837526990	65.003721626304426	0	0	0	0	
1	[GPS]	0	31.592185426640608	120.772997809112550	65.014378640997293	0	0	0	0	
1	[GPS]	0	31.592186284843820	120.772999783235410	65.018733120119109	0	0	0	0	
1	[GPS]	0	31.592187143384816	120.773001758953370	65.007675034980821	0	0	0	0	
1	[GPS]	0	31.592187999945100	120.773003738357430	65.027900444586109	0	0	0	0	
1	[GPS]	0	31.592189146580623	120.773006383801440	65.021884387904635	0	0	0	0	
1	[GPS]	0	31.592190000858604	120.773008372462850	65.029275543256162	0	0	0	0	
1	[GPS]	0	31.592190855204301	120.773010364761120	65.054313798206621	0	0	0	0	
1	[GPS]	0	31.592191711544562	120.773012358592670	65.054714868652042	0	0	0	0	
1	[GPS]	0	31.592192568436491	120.773014354133390	65.083878419612645	0	0	0	0	
1	[GPS]	0	31.592193427455779	120.773016351829200	65.092587377856290	0	0	0	0	
1	[GPS]	0	31.592194288697343	120.773018351197680	65.095452166752224	0	0	0	0	
1	[GPS]	0	31.592195151393163	120.773020348464830	65.098889913427342	0	0	0	0	
1	[GPS]	0	31.592196301911855	120.773023019198330	65.117682928584685	0	0	0	0	
1	[GPS]	0	31.592197170192694	120.773025027401810	65.126506478384158	0	0	0	0	
1	[GPS]	0	31.592198039654871	120.773027041161580	65.129543154613827	0	0	0	0	
1	[GPS]	0	31.592198908957283	120.773029061045750	65.135902985962829	0	0	0	0	
1	[GPS]	0	31.592199780893932	120.773031087620500	65.160253691578262	0	0	0	0	
1	[GPS]	0	31.592200660435335	120.773033121430370	65.166670818705143	0	0	0	0	
1	[GPS]	0	31.592201540631233	120.773035163387040	65.168790762488143	0	0	0	0	
1	[GPS]	0	31.592202423116433	120.773037208435450	65.179619664514775	0	0	0	0	
1	[GPS]	0	31.592203596627012	120.773039943666620	65.180479101183550	0	0	0	0	
1	[GPS]	0	31.592204479709324	120.773042001501540	65.198756454339616	0	0	0	0	
1	[GPS]	0	31.592205363003853	120.773044061815270	65.191938256767273	0	0	0	0	
1	[GPS]	0	31.592206245325208	120.773046123738810	65.200990989678445	0	0	0	0	
1	[GPS]	0	31.592207134516503	120.773048184942410	65.217262990607352	0	0	0	0	
1	[GPS]	0	31.592208024908189	120.773050246554150	65.221388286617483	0	0	0	0	
1	[GPS]	0	31.592208915033567	120.773052312654120	65.237087329767220	0	0	0	0	
1	[GPS]	0	31.592209807053923	120.773054381342040	65.238118653769732	0	0	0	0	
1	[GPS]	0	31.592211005194756	120.773057140107080	65.228951329302745	0	0	0	0	
1	[GPS]	0	31.592211898155050	120.773059210115450	65.233133921090825	0	0	0	0	
1	[GPS]	0	31.592212797692856	120.773061276412950	65.224997920626365	0	0	0	0	
1	[GPS]	0	31.592213694660991	120.773063342900140	65.223221751510877	0	0	0	0	
1	[GPS]	0	31.592214882072376	120.773066100077680	65.241957470890284	0	0	0	0	
1	[GPS]	0	31.592215774652519	120.773068166103270	65.245051442897903	0	0	0	0	
1	[GPS]	0	31.592216667544260	120.773070232476390	65.257198147816666	0	0	0	0	
1	[GPS]	0	31.592217558477724	120.773072297362300	65.264990373613614	0	0	0	0	
1	[GPS]	0	31.592218448396810	120.773074352734700	65.243332569560337	0	0	0	0	
1	[GPS]	0	31.592219338897639	120.773076408317990	65.261036964937219	0	0	0	0	
1	[GPS]	0	31.592220228028346	120.773078461484060	65.261609922716403	0	0	0	0	
1	[GPS]	0	31.592221115055899	120.773080516397530	65.254161471586983	0	0	0	0	
1	[GPS]	0	31.592222292084045	120.773083257978660	65.274444176970192	0	0	0	0	
1	[GPS]	0	31.592223176520733	120.773085306845770	65.251926936248140	0	0	0	0	
2	[GPS]	0	31.592224057346019	120.773087351850050	65.234623611316707	0	0	0	0	
2	[GPS]	0	31.592224933051121	120.773089394429480	65.245337921787495	0	0	0	0	
2	[GPS]	0	31.592225806668402	120.773091435374000	65.264360120056494	0	0	0	0	
2	[GPS]	0	31.592226677368014	120.773093475340100	65.288481642560257	0	0	0	0	
2	[GPS]	0	31.592227549387086	120.773095516519730	65.292205868124981	0	0	0	0	
2	[GPS]	0	31.592228419389375	120.773097556158820	65.280288346317889	0	0	0	0	
2	[GPS]	0	31.592229583043100	120.773100265155430	65.260120232490507	0	0	0	0	
2	[GPS]	0	31.592230456020872	120.773102297820320	65.243561752672022	0	0	0	0	
2	[GPS]	0	31.592231327725166	120.773104325958440	65.259146204265917	0	0	0	0	
2	[GPS]	0	31.592232198254656	120.773106349933780	65.269516740069193	0	0	0	0	
2	[GPS]	0	31.592233066888280	120.773108370312190	65.288940008783612	0	0	0	0	
2	[GPS]	0	31.592233933714684	120.773110388171520	65.299195953031045	0	0	0	0	
2	[GPS]	0	31.592234797394109	120.773112403875970	65.298221924806441	0	0	0	0	
2	[GPS]	0	31.592235658344954	120.773114416567470	65.280231050539967	0	0	0	0	
2	[GPS]	0	31.592236795859243	120.773117096415790	65.263959049611046	0	0	0	0	
2	[GPS]	0	31.592237647667048	120.773119100704970	65.265334148281113	0	0	0	0	
2	[GPS]	0	31.592238497104702	120.773121100760720	65.284470938105954	0	0	0	0	
2	[GPS]	0	31.592239346553736	120.773123096508630	65.303435840597047	0	0	0	0	
2	[GPS]	0	31.592240196282326	120.773125088644320	65.318504630189651	0	0	0	0	
2	[GPS]	0	31.592241044941101	120.773127077762110	65.333974490227703	0	0	0	0	
2	[GPS]	0	31.592241892059214	120.773129066971590	65.320223503527203	0	0	0	0	
2	[GPS]	0	31.592242735064637	120.773131054288330	65.297820854361021	0	0	0	0	
2	[GPS]	0	31.592243853055766	120.773133699889440	65.286533586111034	0	0	0	0	
2	[GPS]	0	31.592244687944373	120.773135678126470	65.292893417460007	0	0	0	0	
2	[GPS]	0	31.592245520168856	120.773137651342580	65.295013361242994	0	0	0	0	
2	[GPS]	0	31.592246351325695	120.773139620199340	65.304696347711257	0	0	0	0	
2	[GPS]	0	31.592247180647924	120.773141585037730	65.313118827065310	0	0	0	0	
2	[GPS]	0	31.592248011843811	120.773143542426470	65.305727671713797	0	0	0	0	
2	[GPS]	0	31.592248841904375	120.773145495794860	65.273011782522218	0	0	0	0	
2	[GPS]	0	31.592249669234686	120.773147445753150	65.252557189805245	0	0	0	0	
2	[GPS]	0	31.592250773123890	120.773150037198760	65.216288962382720	0	0	0	0	
2	[GPS]	0	31.592251594679347	120.773151978611420	65.198871045895444	0	0	0	0	
2	[GPS]	0	31.592252415762207	120.773153916595390	65.193256059659419	0	0	0	0	
2	[GPS]	0	31.592253236650940	120.773155850229030	65.175322481170880	0	0	0	0	
2	[GPS]	0	31.592254058412443	120.773157778803170	65.163118480474168	0	0	0	0	
2	[GPS]	0	31.592254879907205	120.773159703139850	65.144898423096052	0	0	0	0	
2	[GPS]	0	31.592255699674670	120.773161624168510	65.131834985730578	0	0	0	0	
2	[GPS]	0	31.592256517455908	120.773163541576810	65.114187886131646	0	0	0	0	
2	[GPS]	0	31.592257600794184	120.773166095303180	65.096025124531437	0	0	0	0	
2	[GPS]	0	31.592258411812839	120.773168007061270	65.087717236733212	0	0	0	0	
2	[GPS]	0	31.592259223643484	120.773169911902130	65.081701180051752	0	0	0	0	
2	[GPS]	0	31.592260034171566	120.773171812856110	65.061074700001029	0	0	0	0	
2	[GPS]	0	31.592260843904768	120.773173709975820	65.043370304624162	0	0	0	0	
2	[GPS]	0	31.592261653735239	120.773175603906750	65.022973007685096	0	0	0	0	
2	[GPS]	0	31.592262462826582	120.773177492361200	65.001028724742241	0	0	0	0	
2	[GPS]	0	31.592263271213469	120.773179373627910	64.988480949378058	0	0	0	0	
2	[GPS]	0	31.592264345593414	120.773181880334770	64.982751371586190	0	0	0	0	
2	[GPS]	0	31.592265151196610	120.773183754070230	64.971693286447874	0	0	0	0	
2	[GPS]	0	31.592265953704388	120.773185625150480	64.961838412645861	0	0	0	0	
2	[GPS]	0	31.592266756134574	120.773187493724880	64.941956777708086	0	0	0	0	
2	[GPS]	0	31.592267557829974	120.773189359624570	64.917720663648481	0	0	0	0	
2	[GPS]	0	31.592268357463517	120.773191220606120	64.898240099156126	0	0	0	0	
2	[GPS]	0	31.592269158308302	120.773193079134800	64.885233957568587	0	0	0	0	
2	[GPS]	0	31.592269956844525	120.773194933122940	64.882311872894718	0	0	0	0	
2	[GPS]	0	31.592271024273323	120.773197395829830	64.879618971332548	0	0	0	0	
2	[GPS]	0	31.592271820632917	120.773199241637510	64.867586857969613	0	0	0	0	
2	[GPS]	0	31.592272615198905	120.773201084865220	64.848851138590220	0	0	0	0	
2	[GPS]	0	31.592273407529625	120.773202925269630	64.831375926325023	0	0	0	0	
2	[GPS]	0	31.592274197640357	120.773204763001050	64.809718122271761	0	0	0	0	
2	[GPS]	0	31.592274987258097	120.773206597651130	64.795394177792090	0	0	0	0	
2	[GPS]	0	31.592275773648211	120.773208429490230	64.781643191091618	0	0	0	0	
2	[GPS]	0	31.592276559442929	120.773210257708120	64.770871584842894	0	0	0	0	
2	[GPS]	0	31.592277604559733	120.773212689898770	64.759813499704578	0	0	0	0	
2	[GPS]	0	31.592278387951335	120.773214510342510	64.748984597677946	0	0	0	0	
2	[GPS]	0	31.592279170774546	120.773216327433830	64.725034962507948	0	0	0	0	
2	[GPS]	0	31.592279948590264	120.773218139352520	64.710997496917869	0	0	0	0	
2	[GPS]	0	31.592280725047534	120.773219947733540	64.693006622651396	0	0	0	0	
2	[GPS]	0	31.592281499014852	120.773221753092560	64.680286959953449	0	0	0	0	
2	[GPS]	0	31.592282271541912	120.773223554403930	64.663728480134949	0	0	0	0	
2	[GPS]	0	31.592283043248806	120.773225351332270	64.660978282794858	0	0	0	0	
2	[GPS]	0	31.592284071238819	120.773227741304810	64.645336535423056	0	0	0	0	
2	[GPS]	0	31.592284843848805	120.773229525995590	64.630210450052530	0	0	0	0	
2	[GPS]	0	31.592285620893414	120.773231296995010	64.609698561557636	0	0	0	0	
2	[GPS]	0	31.592286397985390	120.773233062895860	64.587124025057676	0	0	0	0	
2	[GPS]	0	31.592287172458757	120.773234823533460	64.566554840784875	0	0	0	0	
2	[GPS]	0	31.592287944956020	120.773236579830680	64.553491403419414	0	0	0	0	
2	[GPS]	0	31.592288714215726	120.773238333003410	64.543751121173244	0	0	0	0	
2	[GPS]	0	31.592289479917898	120.773240083771500	64.549423403187177	0	0	0	0	
2	[GPS]	0	31.592290505378479	120.773242407425360	64.556757262760783	0	0	0	0	
2	[GPS]	0	31.592291269727010	120.773244153580240	64.538193430715125	0	0	0	0	
2	[GPS]	0	31.592292032067146	120.773245898417570	64.505420245745626	0	0	0	0	
2	[GPS]	0	31.592292792533296	120.773247640816270	64.473678384778680	0	0	0	0	
2	[GPS]	0	31.592293551095512	120.773249378237180	64.442394890035089	0	0	0	0	
2	[GPS]	0	31.592294308928153	120.773251112923420	64.419934945090972	0	0	0	0	
2	[GPS]	0	31.592295071264918	120.773252845448940	64.414606437744538	0	0	0	0	
2	[GPS]	0	31.592295834177957	120.773254571964470	64.418731733754669	0	0	0	0	
2	[GPS]	0	31.592296847826191	120.773256867194080	64.412658381295287	0	0	0	0	
2	[GPS]	0	31.592297611634866	120.773258586003080	64.423716466433604	0	0	0	0	
2	[GPS]	0	31.592298375206752	120.773260303162890	64.442738664702588	0	0	0	0	
2	[GPS]	0	31.592299137761980	120.773262021689350	64.432883790900590	0	0	0	0	
2	[GPS]	0	31.592299895063164	120.773263741503980	64.417299339306709	0	0	0	0	
2	[GPS]	0	31.592300649846354	120.773265460685510	64.408017423283880	0	0	0	0	
2	[GPS]	0	31.592301402668888	120.773267181059740	64.381947844330867	0	0	0	0	
2	[GPS]	0	31.592302154486493	120.773268900318530	64.374270210089790	0	0	0	0	
2	[GPS]	0	31.592303153639612	120.773271192282610	64.357711730271262	0	0	0	0	
2	[GPS]	0	31.592303902827020	120.773272906150710	64.341611616676133	0	0	0	0	
2	[GPS]	0	31.592304651731148	120.773274617598200	64.329751390646948	0	0	0	0	
2	[GPS]	0	31.592305403207281	120.773276329650730	64.319610037955357	0	0	0	0	
2	[GPS]	0	31.592306153687435	120.773278038885110	64.326370939749765	0	0	0	0	
2	[GPS]	0	31.592306903311357	120.773279746865540	64.345049363351251	0	0	0	0	
2	[GPS]	0	31.592307654034073	120.773281455091880	64.352096744035251	0	0	0	0	
2	[GPS]	0	31.592308401999468	120.773283163960760	64.361435955835987	0	0	0	0	
2	[GPS]	0	31.592309403331249	120.773285443148950	64.345335842240843	0	0	0	0	
2	[GPS]	0	31.592310151169446	120.773287151168050	64.315026375721857	0	0	0	0	
2	[GPS]	0	31.592310898452279	120.773288857446370	64.291649698331028	0	0	0	0	
2	[GPS]	0	31.592311644026836	120.773290561213930	64.273601528286662	0	0	0	0	
2	[GPS]	0	31.592312388773372	120.773292261592120	64.269132457608990	0	0	0	0	
2	[GPS]	0	31.592313132659889	120.773293959635810	64.277784120074728	0	0	0	0	
2	[GPS]	0	31.592313876534789	120.773295655943840	64.300645135464279	0	0	0	0	
2	[GPS]	0	31.592314622788447	120.773297355462160	64.311359445935054	0	0	0	0	
2	[GPS]	0	31.592315616972311	120.773299621367370	64.301504572133055	0	0	0	0	
2	[GPS]	0	31.592316362988594	120.773301321495670	64.282195894974450	0	0	0	0	
2	[GPS]	0	31.592317109111796	120.773303021008100	64.271424288725740	0	0	0	0	
2	[GPS]	0	31.592317854525191	120.773304717339580	64.265580119378043	0	0	0	0	
2	[GPS]	0	31.592318598130333	120.773306413737570	64.272054542282831	0	0	0	0	
2	[GPS]	0	31.592319345111370	120.773308109251540	64.277841415852635	0	0	0	0	
2	[GPS]	0	31.592320085743903	120.773309809549520	64.267528175827266	0	0	0	0	
2	[GPS]	0	31.592320827514509	120.773311511692820	64.276981979183859	0	0	0	0	
2	[GPS]	0	31.592321814483306	120.773313774075040	64.258819217583635	0	0	0	0	
2	[GPS]	0	31.592322556765865	120.773315465399350	64.257616006247346	0	0	0	0	
2	[GPS]	0	31.592323298894016	120.773317156368650	64.269476232276503	0	0	0	0	
2	[GPS]	0	31.592324042091011	120.773318844108460	64.252917752458004	0	0	0	0	
2	[GPS]	0	31.592324782837125	120.773320530721610	64.266439556046819	0	0	0	0	
2	[GPS]	0	31.592325523542648	120.773322216393350	64.271309697169912	0	0	0	0	
2	[GPS]	0	31.592326262723944	120.773323898553910	64.250740512897082	0	0	0	0	
2	[GPS]	0	31.592326999080683	120.773325579843600	64.255782541353952	0	0	0	0	
2	[GPS]	0	31.592327981306678	120.773327822121260	64.251886428455478	0	0	0	0	
2	[GPS]	0	31.592328713413853	120.773329502914000	64.256126316021465	0	0	0	0	
2	[GPS]	0	31.592329446180972	120.773331181835450	64.255954428687687	0	0	0	0	
2	[GPS]	0	31.592330177499203	120.773332859246840	64.245182822438977	0	0	0	0	
2	[GPS]	0	31.592330907975452	120.773334535466430	64.263803950262542	0	0	0	0	
2	[GPS]	0	31.592331640819229	120.773336210451330	64.269132457608990	0	0	0	0	
2	[GPS]	0	31.592332374172706	120.773337883573760	64.280706204748569	0	0	0	0	
2	[GPS]	0	31.592333108514374	120.773339554796610	64.285519050093740	0	0	0	0	
2	[GPS]	0	31.592334085691803	120.773341777853970	64.266324964490977	0	0	0	0	
2	[GPS]	0	31.592334817115269	120.773343449933980	64.257157640023991	0	0	0	0	
2	[GPS]	0	31.592335545632050	120.773345119109440	64.259449471140726	0	0	0	0	
2	[GPS]	0	31.592336273018862	120.773346787128500	64.268387612496042	0	0	0	0	
2	[GPS]	0	31.592336998967170	120.773348455073760	64.285920120539160	0	0	0	0	
2	[GPS]	0	31.592337724529777	120.773350120356300	64.308781135928726	0	0	0	0	
2	[GPS]	0	31.592338449945697	120.773351786109900	64.314739896832265	0	0	0	0	
2	[GPS]	0	31.592339178853496	120.773353461701320	64.315885812390647	0	0	0	0	
2	[GPS]	0	31.592340147904515	120.773355688500270	64.306260121700291	0	0	0	0	
2	[GPS]	0	31.592340872757251	120.773357361633870	64.305687163921107	0	0	0	0	
2	[GPS]	0	31.592341596598061	120.773359034310300	64.302650487691437	0	0	0	0	
2	[GPS]	0	31.592342317558074	120.773360704242930	64.301504572133055	0	0	0	0	
2	[GPS]	0	31.592343038853638	120.773362372350900	64.315140967277685	0	0	0	0	
2	[GPS]	0	31.592343759463457	120.773364038147280	64.320412178846226	0	0	0	0	
2	[GPS]	0	31.592344481900291	120.773365692274810	64.337715503777673	0	0	0	0	
2	[GPS]	0	31.592345205188330	120.773367346970280	64.357196068270014	0	0	0	0	
2	[GPS]	0	31.592346175054473	120.773369552803020	64.363384012285223	0	0	0	0	
2	[GPS]	0	31.592346902353242	120.773371205191920	64.370660576080880	0	0	0	0	
2	[GPS]	0	31.592347628642479	120.773372856272620	64.365618547624052	0	0	0	0	
2	[GPS]	0	31.592348353376707	120.773374505536300	64.363384012285223	0	0	0	0	
2	[GPS]	0	31.592349076536873	120.773376152335870	64.382062435886724	0	0	0	0	
2	[GPS]	0	31.592349799133292	120.773377796350020	64.383380238778841	0	0	0	0	
2	[GPS]	0	31.592350520776890	120.773379439679960	64.414377254632853	0	0	0	0	
2	[GPS]	0	31.592351242155331	120.773381082402150	64.438613368692458	0	0	0	0	
2	[GPS]	0	31.592352199982159	120.773383274965600	64.437295565800326	0	0	0	0	
2	[GPS]	0	31.592352918872781	120.773384919543290	64.439014439137893	0	0	0	0	
2	[GPS]	0	31.592353633971367	120.773386567484660	64.419763057757194	0	0	0	0	
2	[GPS]	0	31.592354345687774	120.773388215328400	64.427039621552893	0	0	0	0	
2	[GPS]	0	31.592355057189696	120.773389859585090	64.466172637871338	0	0	0	0	
2	[GPS]	0	31.592355771080651	120.773391502040650	64.480783061240601	0	0	0	0	
2	[GPS]	0	31.592356486049425	120.773393144508960	64.504045147075587	0	0	0	0	
2	[GPS]	0	31.592357201676780	120.773394783877830	64.518827457778613	0	0	0	0	
2	[GPS]	0	31.592358153142655	120.773396969350960	64.504560809076864	0	0	0	0	
2	[GPS]	0	31.592358873400165	120.773398609142350	64.496768583279930	0	0	0	0	
2	[GPS]	0	31.592359590010265	120.773400246841700	64.499747963731693	0	0	0	0	
2	[GPS]	0	31.592360303597822	120.773401884346200	64.520718218449929	0	0	0	0	
2	[GPS]	0	31.592361015872914	120.773403521151990	64.540485261831861	0	0	0	0	
2	[GPS]	0	31.592361726508813	120.773405156295380	64.559736643212545	0	0	0	0	
2	[GPS]	0	31.592362437176241	120.773406790692460	64.575149207472677	0	0	0	0	
2	[GPS]	0	31.592363149309151	120.773408423569880	64.575550277918111	0	0	0	0	
2	[GPS]	0	31.592364101319923	120.773410600730300	64.582941433269610	0	0	0	0	
2	[GPS]	0	31.592364808746357	120.773412230510690	64.587582391281032	0	0	0	0	
2	[GPS]	0	31.592365515106181	120.773413859446240	64.582998729047517	0	0	0	0	
2	[GPS]	0	31.592366220325040	120.773415487416370	64.605114899324136	0	0	0	0	
2	[GPS]	0	31.592366925260031	120.773417112976320	64.610271519336834	0	0	0	0	
2	[GPS]	0	31.592367631327384	120.773418736556280	64.616516759129965	0	0	0	0	
2	[GPS]	0	31.592368338068109	120.773420359345950	64.652498507662884	0	0	0	0	
2	[GPS]	0	31.592369044142508	120.773421981350370	64.662697156132424	0	0	0	0	
2	[GPS]	0	31.592369980578312	120.773424144721490	64.674786565273237	0	0	0	0	
2	[GPS]	0	31.592370684111103	120.773425767203690	64.685615467299868	0	0	0	0	
2	[GPS]	0	31.592371395160097	120.773427386588320	64.679885889508029	0	0	0	0	
2	[GPS]	0	31.592372105279040	120.773429005366750	64.699309158222448	0	0	0	0	
2	[GPS]	0	31.592372814464511	120.773430623253110	64.706872200907725	0	0	0	0	
2	[GPS]	0	31.592373521402450	120.773432241762220	64.708018116466107	0	0	0	0	
2	[GPS]	0	31.592374225970147	120.773433858127850	64.717242736711000	0	0	0	0	
2	[GPS]	0	31.592374928648177	120.773435474052550	64.720107525606934	0	0	0	0	
2	[GPS]	0	31.592375859772169	120.773437628441330	64.741650738104354	0	0	0	0	
2	[GPS]	0	31.592376563119281	120.773439241986250	64.773048824403801	0	0	0	0	
2	[GPS]	0	31.592377267353928	120.773440853079040	64.765543077496460	0	0	0	0	
2	[GPS]	0	31.592377966645820	120.773442469709290	64.780210796643644	0	0	0	0	
2	[GPS]	0	31.592378664974014	120.773444084450280	64.781356712202012	0	0	0	0	
2	[GPS]	0	31.592379361367435	120.773445697202090	64.758381105256632	0	0	0	0	
2	[GPS]	0	31.592380056086213	120.773447307629580	64.770756993287065	0	0	0	0	
2	[GPS]	0	31.592380746874817	120.773448917491040	64.787888430884749	0	0	0	0	
2	[GPS]	0	31.592381670776245	120.773451065960160	64.822094010302195	0	0	0	0	
2	[GPS]	0	31.592382353931207	120.773452673188120	64.856471477053404	0	0	0	0	
2	[GPS]	0	31.592383037483518	120.773454279637620	64.847647927253917	0	0	0	0	
2	[GPS]	0	31.592383722504191	120.773455885476810	64.847304152586403	0	0	0	0	
2	[GPS]	0	31.592384407991062	120.773457489354060	64.858247646168877	0	0	0	0	
2	[GPS]	0	31.592385094107751	120.773459090288820	64.861055139286904	0	0	0	0	
2	[GPS]	0	31.592385780424639	120.773460690961850	64.888671704243706	0	0	0	0	
2	[GPS]	0	31.592386465899853	120.773462291258500	64.921444889213191	0	0	0	0	
2	[GPS]	0	31.592387378946523	120.773464427606470	64.918179029871823	0	0	0	0	
2	[GPS]	0	31.592388063676427	120.773466028263440	64.911704606967007	0	0	0	0	
2	[GPS]	0	31.592388745290535	120.773467629507520	64.909699254739863	0	0	0	0	
2	[GPS]	0	31.592389425503434	120.773469230564970	64.925971255668756	0	0	0	0	
2	[GPS]	0	31.592390106113854	120.773470829419910	64.935711537914941	0	0	0	0	
2	[GPS]	0	31.592390783379912	120.773472431232820	64.948946862614164	0	0	0	0	
2	[GPS]	0	31.592391459872925	120.773474033489850	64.971521399114124	0	0	0	0	
2	[GPS]	0	31.592392136481838	120.773475636381630	64.963270807093835	0	0	0	0	
2	[GPS]	0	31.592393038010560	120.773477772636640	64.980803315136953	0	0	0	0	
2	[GPS]	0	31.592393717382301	120.773479371752730	65.002231936078530	0	0	0	0	
2	[GPS]	0	31.592394399589232	120.773480967344850	64.985558864704203	0	0	0	0	
2	[GPS]	0	31.592395081436095	120.773482560588410	65.020050923011240	0	0	0	0	
2	[GPS]	0	31.592395764505348	120.773484153278990	65.023374078130530	0	0	0	0	
2	[GPS]	0	31.592396455439030	120.773485737674480	65.015753739667346	0	0	0	0	
2	[GPS]	0	31.592397141684636	120.773487324378450	65.031109008149528	0	0	0	0	
2	[GPS]	0	31.592397826413084	120.773488913313370	65.040849290395727	0	0	0	0	
2	[GPS]	0	31.592398741198060	120.773491029363400	65.045203769517542	0	0	0	0	
2	[GPS]	0	31.592399420115871	120.773492620335380	65.066575094681212	0	0	0	0	
2	[GPS]	0	31.592400097996954	120.773494210292550	65.070070137134252	0	0	0	0	
2	[GPS]	0	31.592400780841803	120.773495795422390	65.079581236268737	0	0	0	0	
2	[GPS]	0	31.592401460712065	120.773497382489450	65.100723378320737	0	0	0	0	
2	[GPS]	0	31.592402142544049	120.773498971604940	65.111093914124041	0	0	0	0	
2	[GPS]	0	31.592402824295512	120.773500562713680	65.119287210366394	0	0	0	0	
2	[GPS]	0	31.592403507508060	120.773502153943800	65.127766985498354	0	0	0	0	
2	[GPS]	0	31.592404416091391	120.773504274598840	65.139455324193776	0	0	0	0	
2	[GPS]	0	31.592405107702465	120.773505861143060	65.133725746401907	0	0	0	0	
2	[GPS]	0	31.592405797913305	120.773507446491040	65.130345295504696	0	0	0	0	
2	[GPS]	0	31.592406490368489	120.773509028304180	65.130860957505973	0	0	0	0	
2	[GPS]	0	31.592407181640482	120.773510610498560	65.141517972198841	0	0	0	0	
2	[GPS]	0	31.592407870820079	120.773512192607740	65.155784620900590	0	0	0	0	
2	[GPS]	0	31.592408560486870	120.773513776923070	65.179676960292696	0	0	0	0	
2	[GPS]	0	31.592409246072418	120.773515368743150	65.171884734495762	0	0	0	0	
2	[GPS]	0	31.592410157307178	120.773517493189830	65.175666255838379	0	0	0	0	
2	[GPS]	0	31.592410841395598	120.773519085902550	65.161857973359986	0	0	0	0	
2	[GPS]	0	31.592411524191810	120.773520678630090	65.158706705574446	0	0	0	0	
2	[GPS]	0	31.592412203980611	120.773522272884290	65.154065747563038	0	0	0	0	
2	[GPS]	0	31.592412883607736	120.773523866185970	65.139741803083368	0	0	0	0	
2	[GPS]	0	31.592413562294997	120.773525459403190	65.151945803780052	0	0	0	0	
2	[GPS]	0	31.592414241197240	120.773527056640840	65.162602818472934	0	0	0	0	
2	[GPS]	0	31.592414921029778	120.773528653191080	65.180135326516051	0	0	0	0	
2	[GPS]	0	31.592415834562068	120.773530784763950	65.199042933229208	0	0	0	0	
2	[GPS]	0	31.592416515969955	120.773532383012680	65.190563158097248	0	0	0	0	
2	[GPS]	0	31.592417197319428	120.773533982707560	65.193313355437340	0	0	0	0	
2	[GPS]	0	31.592417877880958	120.773535582417820	65.187526481867565	0	0	0	0	
2	[GPS]	0	31.592418557889193	120.773537179869350	65.187354594533787	0	0	0	0	
2	[GPS]	0	31.592419238702615	120.773538777256750	65.211991779038826	0	0	0	0	
2	[GPS]	0	31.592419921874075	120.773540373564060	65.215429525713944	0	0	0	0	
2	[GPS]	0	31.592420601574752	120.773541972134820	65.221273695061640	0	0	0	0	
2	[GPS]	0	31.592421510713702	120.773544105038080	65.234738202872549	0	0	0	0	
2	[GPS]	0	31.592422190933313	120.773545707995030	65.202652567238076	0	0	0	0	
2	[GPS]	0	31.592422871531028	120.773547312803470	65.211762595927141	0	0	0	0	
2	[GPS]	0	31.592423551503181	120.773548918564130	65.217664061052773	0	0	0	0	
2	[GPS]	0	31.592424225802571	120.773550527015170	65.220242371059115	0	0	0	0	
2	[GPS]	0	31.592424902700607	120.773552134142310	65.247515161348417	0	0	0	0	
2	[GPS]	0	31.592425577850840	120.773553741318300	65.253473922251942	0	0	0	0	
2	[GPS]	0	31.592426253678756	120.773555349306150	65.250437246022244	0	0	0	0	
2	[GPS]	0	31.592427155538807	120.773557491174880	65.262526655163100	0	0	0	0	
2	[GPS]	0	31.592427826698344	120.773559098284690	65.252328006693574	0	0	0	0	
2	[GPS]	0	31.592428498869431	120.773560707903770	65.263959049611046	0	0	0	0	
2	[GPS]	0	31.592429172604490	120.773562318868060	65.250723724911865	0	0	0	0	
2	[GPS]	0	31.592429846841956	120.773563929392570	65.237602991768455	0	0	0	0	
2	[GPS]	0	31.592430521202523	120.773565540440160	65.241040738443601	0	0	0	0	
2	[GPS]	0	31.592431195991736	120.773567151057040	65.231758822420758	0	0	0	0	
2	[GPS]	0	31.592431871457013	120.773568762772630	65.228034596856048	0	0	0	0	
2	[GPS]	0	31.592432773029454	120.773570900479290	65.213023103041365	0	0	0	0	
2	[GPS]	0	31.592433451266782	120.773572507756090	65.192282031434800	0	0	0	0	
2	[GPS]	0	31.592434131037709	120.773574114200030	65.174577636057933	0	0	0	0	
2	[GPS]	0	31.592434811396515	120.773575719503140	65.169134537155642	0	0	0	0	
2	[GPS]	0	31.592435492359460	120.773577323242040	65.149482085329538	0	0	0	0	
2	[GPS]	0	31.592436175967411	120.773578926893350	65.147648620436144	0	0	0	0	
2	[GPS]	0	31.592436856027636	120.773580528935410	65.139455324193776	0	0	0	0	
2	[GPS]	0	31.592437536585962	120.773582133736880	65.117052675027551	0	0	0	0	
2	[GPS]	0	31.592438445028559	120.773584279854380	65.101181744544093	0	0	0	0	
2	[GPS]	0	31.592439124318020	120.773585888542940	65.087946419844869	0	0	0	0	
2	[GPS]	0	31.592439804656511	120.773587497425380	65.083133574499712	0	0	0	0	
2	[GPS]	0	31.592440484418251	120.773589104914900	65.070299320245923	0	0	0	0	
2	[GPS]	0	31.592441163517329	120.773590720048770	65.047323713300528	0	0	0	0	
2	[GPS]	0	31.592441844556344	120.773592333499760	65.031739261706662	0	0	0	0	
2	[GPS]	0	31.592442528121300	120.773593945768370	65.011112781655939	0	0	0	0	
2	[GPS]	0	31.592443213558703	120.773595557869210	65.000054696517623	0	0	0	0	
2	[GPS]	0	31.592444131468781	120.773597706165180	64.981147089804452	0	0	0	0	
2	[GPS]	0	31.592444821391993	120.773599317910320	64.954905623517703	0	0	0	0	
2	[GPS]	0	31.592445511583325	120.773600930755560	64.931987312350216	0	0	0	0	
2	[GPS]	0	31.592446204940586	120.773602550981310	64.903797789614245	0	0	0	0	
2	[GPS]	0	31.592446895825745	120.773604171398350	64.889531140912467	0	0	0	0	
2	[GPS]	0	31.592447584857741	120.773605792668500	64.885176661790680	0	0	0	0	
2	[GPS]	0	31.592448275584715	120.773607413944840	64.872686182204376	0	0	0	0	
2	[GPS]	0	31.592448965104051	120.773609037377060	64.867472266413785	0	0	0	0	
2	[GPS]	0	31.592449886018048	120.773611208146290	64.845012321469682	0	0	0	0	
2	[GPS]	0	31.592450577889029	120.773612833105870	64.835042856111812	0	0	0	0	
2	[GPS]	0	31.592451269022177	120.773614458780800	64.825073390753971	0	0	0	0	
2	[GPS]	0	31.592451960701069	120.773616084901780	64.827479813426564	0	0	0	0	
2	[GPS]	0	31.592452654498533	120.773617711029050	64.827995475427812	0	0	0	0	
2	[GPS]	0	31.592453351796319	120.773619335829890	64.834928264555970	0	0	0	0	
2	[GPS]	0	31.592454052853558	120.773620958931350	64.842262124129576	0	0	0	0	
2	[GPS]	0	31.592454759795199	120.773622581231810	64.847762518809773	0	0	0	0	
2	[GPS]	0	31.592455707021898	120.773624742063930	64.833610461663866	0	0	0	0	
2	[GPS]	0	31.592456420472331	120.773626364359260	64.816593615621997	0	0	0	0	
2	[GPS]	0	31.592457133810253	120.773627988031360	64.794362853789551	0	0	0	0	
2	[GPS]	0	31.592457844739510	120.773629613053900	64.770699697509130	0	0	0	0	
2	[GPS]	0	31.592458554198004	120.773631240170030	64.761360485708380	0	0	0	0	
2	[GPS]	0	31.592459260146182	120.773632870643650	64.762449105488855	0	0	0	0	
2	[GPS]	0	31.592459957153881	120.773634505100250	64.772533162402539	0	0	0	0	
2	[GPS]	0	31.592460653058321	120.773636142859200	64.778148148638564	0	0	0	0	
2	[GPS]	0	31.592461579522553	120.773638327046970	64.787487360439314	0	0	0	0	
2	[GPS]	0	31.592462275414164	120.773639966775210	64.789034346443117	0	0	0	0	
2	[GPS]	0	31.592462973014765	120.773641606559240	64.799347586468471	0	0	0	0	
2	[GPS]	0	31.592463673315326	120.773643246238900	64.807941953156288	0	0	0	0	
2	[GPS]	0	31.592464377494327	120.773644885913360	64.809603530715933	0	0	0	0	
2	[GPS]	0	31.592465089735974	120.773646523034170	64.827365221870721	0	0	0	0	
2	[GPS]	0	31.592465803470446	120.773648162595450	64.833954236331365	0	0	0	0	
2	[GPS]	0	31.592466519213367	120.773649805301690	64.838480602786930	0	0	0	0	
2	[GPS]	0	31.592467475966096	120.773652001242970	64.844611251024233	0	0	0	0	
2	[GPS]	0	31.592468191376895	120.773653651574070	64.850111645704416	0	0	0	0	
2	[GPS]	0	31.592468909485898	120.773655301033630	64.856929843276760	0	0	0	0	
2	[GPS]	0	31.592469627578101	120.773656953409390	64.885119366012745	0	0	0	0	
2	[GPS]	0	31.592470347289844	120.773658608044870	64.896349338484811	0	0	0	0	
2	[GPS]	0	31.592471070061819	120.773660265332340	64.890275986025415	0	0	0	0	
2	[GPS]	0	31.592471791853789	120.773661926376870	64.900818409162454	0	0	0	0	
2	[GPS]	0	31.592472513227808	120.773663589827690	64.910157620963219	0	0	0	0	
2	[GPS]	0	31.592473473184352	120.773665815342810	64.925856664112928	0	0	0	0	
2	[GPS]	0	31.592474195417740	120.773667486803190	64.949691707727112	0	0	0	0	
2	[GPS]	0	31.592474914496293	120.773669168576090	64.953244045958058	0	0	0	0	
2	[GPS]	0	31.592475633783931	120.773670852234260	64.962182187313374	0	0	0	0	
2	[GPS]	0	31.592476354741382	120.773672537645620	64.975188328900899	0	0	0	0	
2	[GPS]	0	31.592477076221314	120.773674224232910	64.982235709584913	0	0	0	0	
2	[GPS]	0	31.592477798697320	120.773675911682790	64.998335823180057	0	0	0	0	
2	[GPS]	0	31.592478526564424	120.773677602237040	65.012831654993477	0	0	0	0	
2	[GPS]	0	31.592479495107703	120.773679855322160	65.024004331687635	0	0	0	0	
3	[GPS]	0	31.592480224130334	120.773681547498870	65.033228951932543	0	0	0	0	
3	[GPS]	0	31.592480952944541	120.773683240146200	65.039187712836082	0	0	0	0	
3	[GPS]	0	31.592481679634233	120.773684934206640	65.053339769982003	0	0	0	0	
3	[GPS]	0	31.592482406382526	120.773686628637720	65.057636953325911	0	0	0	0	
3	[GPS]	0	31.592483131683220	120.773688325131590	65.067090756682461	0	0	0	0	
3	[GPS]	0	31.592483857813878	120.773690032325970	65.077976954487056	0	0	0	0	
3	[GPS]	0	31.592484584136542	120.773691739272320	65.088519377624067	0	0	0	0	
3	[GPS]	0	31.592485558755687	120.773694022308310	65.099806645874068	0	0	0	0	
3	[GPS]	0	31.592486287120821	120.773695728447680	65.097686702091039	0	0	0	0	
3	[GPS]	0	31.592487016520924	120.773697435009440	65.091842532743343	0	0	0	0	
3	[GPS]	0	31.592487746612949	120.773699141411470	65.080096898270014	0	0	0	0	
3	[GPS]	0	31.592488479219753	120.773700846527300	65.065543770678673	0	0	0	0	
3	[GPS]	0	31.592489211882864	120.773702551453940	65.063423826895686	0	0	0	0	
3	[GPS]	0	31.592489944576336	120.773704256034990	65.052079262867778	0	0	0	0	
3	[GPS]	0	31.592490677931597	120.773705961183280	65.042969234178713	0	0	0	0	
3	[GPS]	0	31.592491653905963	120.773708231345140	65.021426021681279	0	0	0	0	
3	[GPS]	0	31.592492387446857	120.773709935908870	65.006872894089952	0	0	0	0	
3	[GPS]	0	31.592493121163148	120.773711639180330	65.007388556091229	0	0	0	0	
3	[GPS]	0	31.592493846651191	120.773713346378400	64.998393118957978	0	0	0	0	
3	[GPS]	0	31.592494571631065	120.773715053036010	64.985100498480861	0	0	0	0	
3	[GPS]	0	31.592495298869476	120.773716757998460	64.973641342897110	0	0	0	0	
3	[GPS]	0	31.592496024757484	120.773718462572930	64.958572553304478	0	0	0	0	
3	[GPS]	0	31.592496749199693	120.773720166368580	64.944535087714414	0	0	0	0	
3	[GPS]	0	31.592497712705757	120.773722435328070	64.945050749715691	0	0	0	0	
3	[GPS]	0	31.592498436518284	120.773724134578640	64.941269228373059	0	0	0	0	
3	[GPS]	0	31.592499160414743	120.773725833850550	64.932044608128152	0	0	0	0	
3	[GPS]	0	31.592499884662590	120.773727532250080	64.933820777243611	0	0	0	0	
3	[GPS]	0	31.592500611204226	120.773729229002950	64.927690129006322	0	0	0	0	
3	[GPS]	0	31.592501339916897	120.773730924460760	64.927346354338809	0	0	0	0	
3	[GPS]	0	31.592502071265361	120.773732618010840	64.929810072789323	0	0	0	0	
3	[GPS]	0	31.592502805054078	120.773734309959480	64.918350917205572	0	0	0	0	
3	[GPS]	0	31.592503784423887	120.773736564503660	64.900474634494955	0	0	0	0	
3	[GPS]	0	31.592504517059442	120.773738255031590	64.887468492907431	0	0	0	0	
3	[GPS]	0	31.592505246979801	120.773739947397690	64.872915365316061	0	0	0	0	
3	[GPS]	0	31.592505973149564	120.773741641815650	64.861971871733601	0	0	0	0	
3	[GPS]	0	31.592506697453466	120.773743336873480	64.863232378847826	0	0	0	0	
3	[GPS]	0	31.592507420404637	120.773745032068220	64.860825956175219	0	0	0	0	
3	[GPS]	0	31.592508147164516	120.773746721811510	64.862602125290707	0	0	0	0	
3	[GPS]	0	31.592508874695131	120.773748409986600	64.872858069538140	0	0	0	0	
3	[GPS]	0	31.592509846221709	120.773750657315550	64.852689955710787	0	0	0	0	
3	[GPS]	0	31.592510578128188	120.773752340344100	64.841402687460814	0	0	0	0	
3	[GPS]	0	31.592511310533556	120.773754021980070	64.831089447435431	0	0	0	0	
3	[GPS]	0	31.592512041095567	120.773755704205020	64.817109277623274	0	0	0	0	
3	[GPS]	0	31.592512772457010	120.773757386519010	64.826219306312368	0	0	0	0	
3	[GPS]	0	31.592513493847331	120.773759072612890	64.816077953620734	0	0	0	0	
3	[GPS]	0	31.592514214543765	120.773760759644160	64.800321614693090	0	0	0	0	
3	[GPS]	0	31.592514934727891	120.773762445046020	64.795222290458327	0	0	0	0	
3	[GPS]	0	31.592515895493836	120.773764690085570	64.787143585771801	0	0	0	0	
3	[GPS]	0	31.592516615652460	120.773766373222290	64.804790685370762	0	0	0	0	
3	[GPS]	0	31.592517337280693	120.773768055577210	64.808457615157565	0	0	0	0	
3	[GPS]	0	31.592518060978875	120.773769739618490	64.797342234241313	0	0	0	0	
3	[GPS]	0	31.592518785542126	120.773771425426720	64.788518684441840	0	0	0	0	
3	[GPS]	0	31.592519510275206	120.773773111362030	64.772189387735011	0	0	0	0	
3	[GPS]	0	31.592520236208742	120.773774795802350	64.748984597677946	0	0	0	0	
3	[GPS]	0	31.592520961254476	120.773776481184060	64.751448316128460	0	0	0	0	
3	[GPS]	0	31.592521927516486	120.773778729269280	64.750932654127197	0	0	0	0	
3	[GPS]	0	31.592522651131230	120.773780410715190	64.738843244986356	0	0	0	0	
3	[GPS]	0	31.592523375427554	120.773782091095820	64.724748483618370	0	0	0	0	
3	[GPS]	0	31.592524100521576	120.773783770020370	64.719419976271922	0	0	0	0	
3	[GPS]	0	31.592524826799615	120.773785447628500	64.718445948047318	0	0	0	0	
3	[GPS]	0	31.592525554150384	120.773787124038890	64.703033383787172	0	0	0	0	
3	[GPS]	0	31.592526282337278	120.773788800300420	64.698908087777028	0	0	0	0	
3	[GPS]	0	31.592527010273130	120.773790476781000	64.684870622186949	0	0	0	0	
3	[GPS]	0	31.592527973737827	120.773792711667260	64.643961436753003	0	0	0	0	
3	[GPS]	0	31.592528694023770	120.773794388590060	64.644076028308859	0	0	0	0	
3	[GPS]	0	31.592529414047608	120.773796064855940	64.636455689845661	0	0	0	0	
3	[GPS]	0	31.592530132123731	120.773797741505520	64.626085154042386	0	0	0	0	
3	[GPS]	0	31.592530854410114	120.773799418492640	64.649691014544871	0	0	0	0	
3	[GPS]	0	31.592531578564426	120.773801094556630	64.633877379839319	0	0	0	0	
3	[GPS]	0	31.592532301441878	120.773802770024390	64.593311969072900	0	0	0	0	
3	[GPS]	0	31.592533030073195	120.773804439996410	64.598755067975176	0	0	0	0	
3	[GPS]	0	31.592534002414386	120.773806665066660	64.582540362824190	0	0	0	0	
3	[GPS]	0	31.592534734552313	120.773808330472560	64.586264588388900	0	0	0	0	
3	[GPS]	0	31.592535466113191	120.773809997081030	64.593884926852084	0	0	0	0	
3	[GPS]	0	31.592536199480652	120.773811663756320	64.571883348131308	0	0	0	0	
3	[GPS]	0	31.592536932375491	120.773813333250470	64.567872643677006	0	0	0	0	
3	[GPS]	0	31.592537663060675	120.773814999291420	64.553204924529823	0	0	0	0	
3	[GPS]	0	31.592538392616703	120.773816663086150	64.526562387797625	0	0	0	0	
3	[GPS]	0	31.592539120413736	120.773818327640830	64.530000134472743	0	0	0	0	
3	[GPS]	0	31.592540096159663	120.773820540137560	64.515676189993087	0	0	0	0	
3	[GPS]	0	31.592540827229968	120.773822202951370	64.500836583512140	0	0	0	0	
3	[GPS]	0	31.592541558417686	120.773823865426550	64.496825879057837	0	0	0	0	
3	[GPS]	0	31.592542290564595	120.773825527711650	64.484392695249468	0	0	0	0	
3	[GPS]	0	31.592543022765707	120.773827190415970	64.480038216127639	0	0	0	0	
3	[GPS]	0	31.592543754572230	120.773828854764430	64.471100074772352	0	0	0	0	
3	[GPS]	0	31.592544485832775	120.773830519026690	64.450359003165786	0	0	0	0	
3	[GPS]	0	31.592545215197806	120.773832183146240	64.451504918724154	0	0	0	0	
3	[GPS]	0	31.592546183602707	120.773834404487120	64.452307059615023	0	0	0	0	
3	[GPS]	0	31.592546909297251	120.773836072210540	64.471042778994445	0	0	0	0	
3	[GPS]	0	31.592547643611436	120.773837737687610	64.474423229891642	0	0	0	0	
3	[GPS]	0	31.592548379110113	120.773839405422240	64.467719623875155	0	0	0	0	
3	[GPS]	0	31.592549119841223	120.773841071042370	64.459698214966537	0	0	0	0	
3	[GPS]	0	31.592549864296561	120.773842734211710	64.439816580028747	0	0	0	0	
3	[GPS]	0	31.592550612352607	120.773844393838590	64.404465085052919	0	0	0	0	
3	[GPS]	0	31.592551359883423	120.773846052005740	64.385442886783920	0	0	0	0	
3	[GPS]	0	31.592552355306591	120.773848261615500	64.351409194700224	0	0	0	0	
3	[GPS]	0	31.592553099551747	120.773849919063740	64.356680406268737	0	0	0	0	
3	[GPS]	0	31.592553841035190	120.773851580393540	64.345278546462936	0	0	0	0	
3	[GPS]	0	31.592554578310001	120.773853248443960	64.330668123093659	0	0	0	0	
3	[GPS]	0	31.592555311852397	120.773854922458900	64.311474037490910	0	0	0	0	
3	[GPS]	0	31.592556041029770	120.773856595724100	64.294285304115306	0	0	0	0	
3	[GPS]	0	31.592556768343055	120.773858269688360	64.303280741248528	0	0	0	0	
3	[GPS]	0	31.592557736770527	120.773860487473710	64.307520628814501	0	0	0	0	
3	[GPS]	0	31.592558468121144	120.773862152931630	64.295030149228239	0	0	0	0	
3	[GPS]	0	31.592559203554430	120.773863817190700	64.282024007640686	0	0	0	0	
3	[GPS]	0	31.592559942517038	120.773865479331230	64.250797808675017	0	0	0	0	
3	[GPS]	0	31.592560681993142	120.773867139522390	64.233265300631913	0	0	0	0	
3	[GPS]	0	31.592561417277192	120.773868800378370	64.235213357081150	0	0	0	0	
3	[GPS]	0	31.592562150896175	120.773870459749030	64.247302766221978	0	0	0	0	
3	[GPS]	0	31.592562883914987	120.773872119335350	64.266668739158490	0	0	0	0	
3	[GPS]	0	31.592563617152070	120.773873781541710	64.266897922270161	0	0	0	0	
3	[GPS]	0	31.592564599728608	120.773876002856470	64.251771836899621	0	0	0	0	
3	[GPS]	0	31.592565336749153	120.773877666426830	64.229082708843819	0	0	0	0	
3	[GPS]	0	31.592566076280733	120.773879333477720	64.211263721911138	0	0	0	0	
3	[GPS]	0	31.592566818083444	120.773880997947870	64.209430257017729	0	0	0	0	
3	[GPS]	0	31.592567560018708	120.773882663265670	64.185136847180203	0	0	0	0	
3	[GPS]	0	31.592568301033673	120.773884330204130	64.175625748045718	0	0	0	0	
3	[GPS]	0	31.592569041032114	120.773885997114830	64.162963381125678	0	0	0	0	
3	[GPS]	0	31.592570023433712	120.773888223109740	64.136893802172679	0	0	0	0	
3	[GPS]	0	31.592570753090982	120.773889897513110	64.172760959149784	0	0	0	0	
3	[GPS]	0	31.592571482766044	120.773891574992040	64.173505804262703	0	0	0	0	
3	[GPS]	0	31.592572212584656	120.773893261635010	64.183761748510165	0	0	0	0	
3	[GPS]	0	31.592572942664326	120.773894949503240	64.193330143422585	0	0	0	0	
3	[GPS]	0	31.592573678132773	120.773896633774100	64.185709804959387	0	0	0	0	
3	[GPS]	0	31.592574418050081	120.773898314601620	64.167776226470849	0	0	0	0	
3	[GPS]	0	31.592575160309874	120.773899993103000	64.156087887775428	0	0	0	0	
3	[GPS]	0	31.592575904839293	120.773901668182730	64.145946535083823	0	0	0	0	
3	[GPS]	0	31.592576893841766	120.773903911056690	64.150186422649824	0	0	0	0	
3	[GPS]	0	31.592577637937257	120.773905589077420	64.167203268691651	0	0	0	0	
3	[GPS]	0	31.592578379756500	120.773907269533740	64.155686817330007	0	0	0	0	
3	[GPS]	0	31.592579120626397	120.773908951416370	64.144055774412507	0	0	0	0	
3	[GPS]	0	31.592579860104170	120.773910633034360	64.137122985284364	0	0	0	0	
3	[GPS]	0	31.592580600751123	120.773912317226430	64.116897575679062	0	0	0	0	
3	[GPS]	0	31.592581340030485	120.773914000598270	64.116324617899892	0	0	0	0	
3	[GPS]	0	31.592582324936838	120.773916239994580	64.117928899681601	0	0	0	0	
3	[GPS]	0	31.592583062937525	120.773917924604430	64.126809745258981	0	0	0	0	
3	[GPS]	0	31.592583802269267	120.773919609786920	64.124403322586403	0	0	0	0	
3	[GPS]	0	31.592584542481003	120.773921296647060	64.118559153238706	0	0	0	0	
3	[GPS]	0	31.592585285414508	120.773922981592930	64.120793688577535	0	0	0	0	
3	[GPS]	0	31.592586023531112	120.773924662193380	64.102000673420207	0	0	0	0	
3	[GPS]	0	31.592586763001158	120.773926341358750	64.095411658959534	0	0	0	0	
3	[GPS]	0	31.592587503905289	120.773928018067050	64.098792109856745	0	0	0	0	
3	[GPS]	0	31.592588496828181	120.773930254184920	64.094093856067417	0	0	0	0	
3	[GPS]	0	31.592589239631693	120.773931934294710	64.109219941437956	0	0	0	0	
3	[GPS]	0	31.592589981979856	120.773933617432380	64.108704279436679	0	0	0	0	
3	[GPS]	0	31.592590723278466	120.773935302415650	64.093807377177825	0	0	0	0	
3	[GPS]	0	31.592591461665993	120.773936987992390	64.093520898288233	0	0	0	0	
3	[GPS]	0	31.592592199494270	120.773938672745430	64.094781405402443	0	0	0	0	
3	[GPS]	0	31.592592939302136	120.773940356178800	64.086187038714641	0	0	0	0	
3	[GPS]	0	31.592593679777028	120.773942038409400	64.092776053175299	0	0	0	0	
3	[GPS]	0	31.592594668067804	120.773944283327640	64.080400165144852	0	0	0	0	
3	[GPS]	0	31.592595411124758	120.773945960832930	64.086588109160061	0	0	0	0	
3	[GPS]	0	31.592596158727986	120.773947640683150	64.091286362949404	0	0	0	0	
3	[GPS]	0	31.592596906570556	120.773949319021720	64.074097629573799	0	0	0	0	
3	[GPS]	0	31.592597653730632	120.773950996493950	64.075014362020497	0	0	0	0	
3	[GPS]	0	31.592598399856904	120.773952672629380	64.074899770464668	0	0	0	0	
3	[GPS]	0	31.592599144079855	120.773954347776050	64.067966981336497	0	0	0	0	
3	[GPS]	0	31.592599886400613	120.773956022881040	64.072837122459603	0	0	0	0	
3	[GPS]	0	31.592600624716262	120.773957699911580	64.063096840213404	0	0	0	0	
3	[GPS]	0	31.592601607714929	120.773959931601300	64.068138868670275	0	0	0	0	
3	[GPS]	0	31.592602345615020	120.773961606132190	64.078394812917708	0	0	0	0	
3	[GPS]	0	31.592603084325063	120.773963279110290	64.088478869831377	0	0	0	0	
3	[GPS]	0	31.592603825626618	120.773964949520010	64.103031997422733	0	0	0	0	
3	[GPS]	0	31.592604568738565	120.773966618802060	64.106584335653679	0	0	0	0	
3	[GPS]	0	31.592605312194976	120.773968286928540	64.091114475615655	0	0	0	0	
3	[GPS]	0	31.592606055359312	120.773969953813080	64.078681291807300	0	0	0	0	
3	[GPS]	0	31.592607041840509	120.773972175853790	64.063440614880932	0	0	0	0	
3	[GPS]	0	31.592607776252812	120.773973847541770	64.080342869366945	0	0	0	0	
3	[GPS]	0	31.592608508873369	120.773975520685600	64.093062532064891	0	0	0	0	
3	[GPS]	0	31.592609240234015	120.773977192630740	64.111053406331351	0	0	0	0	
3	[GPS]	0	31.592609970490770	120.773978863844410	64.121882308357982	0	0	0	0	
3	[GPS]	0	31.592610701709706	120.773980531817260	64.121882308357982	0	0	0	0	
3	[GPS]	0	31.592611436071163	120.773982191059620	64.118845632128298	0	0	0	0	
3	[GPS]	0	31.592612171981102	120.773983847564480	64.120793688577535	0	0	0	0	
3	[GPS]	0	31.592612908564313	120.773985500358660	64.116611096789470	0	0	0	0	
3	[GPS]	0	31.592613889787508	120.773987706188960	64.121882308357982	0	0	0	0	
3	[GPS]	0	31.592614625182932	120.773989357376720	64.126580562147311	0	0	0	0	
3	[GPS]	0	31.592615357508663	120.773991008740650	64.130476675045770	0	0	0	0	
3	[GPS]	0	31.592616088281009	120.773992662747020	64.135690590836390	0	0	0	0	
3	[GPS]	0	31.592616817177092	120.773994317060120	64.133284168163812	0	0	0	0	
3	[GPS]	0	31.592617543799843	120.773995972237050	64.144743323747534	0	0	0	0	
3	[GPS]	0	31.592618270817606	120.773997624692740	64.150472901539416	0	0	0	0	
3	[GPS]	0	31.592619242992001	120.773999822166400	64.152249070654889	0	0	0	0	
3	[GPS]	0	31.592619976237181	120.774001467161470	64.157921352668836	0	0	0	0	
3	[GPS]	0	31.592620704912196	120.774003109929100	64.142222309519113	0	0	0	0	
3	[GPS]	0	31.592621434129629	120.774004750825330	64.131622590604152	0	0	0	0	
3	[GPS]	0	31.592622162387595	120.774006388927130	64.126294083257733	0	0	0	0	
3	[GPS]	0	31.592622887123536	120.774008029310410	64.110595040108009	0	0	0	0	
3	[GPS]	0	31.592623607358373	120.774009670317300	64.110480448552153	0	0	0	0	
3	[GPS]	0	31.592624323557104	120.774011312226150	64.115178702341524	0	0	0	0	
3	[GPS]	0	31.592625035924375	120.774012955677800	64.127439998816101	0	0	0	0	
3	[GPS]	0	31.592625982831102	120.774015142599840	64.149957239538139	0	0	0	0	
3	[GPS]	0	31.592626691068475	120.774016781203220	64.156660845554612	0	0	0	0	
3	[GPS]	0	31.592627401553237	120.774018418374210	64.153910648214534	0	0	0	0	
3	[GPS]	0	31.592628114727095	120.774020052177730	64.145029802637126	0	0	0	0	
3	[GPS]	0	31.592628829467358	120.774021683756590	64.133169576607955	0	0	0	0	
3	[GPS]	0	31.592629547583911	120.774023313426680	64.133456055497547	0	0	0	0	
3	[GPS]	0	31.592630268392579	120.774024940396570	64.137065689506443	0	0	0	0	
3	[GPS]	0	31.592631223034036	120.774027119522860	64.145029802637126	0	0	0	0	
3	[GPS]	0	31.592631943167028	120.774028747785520	64.133054985052127	0	0	0	0	
3	[GPS]	0	31.592632661920522	120.774030376400920	64.121595829468390	0	0	0	0	
3	[GPS]	0	31.592633378414110	120.774032004451230	64.106068673652430	0	0	0	0	
3	[GPS]	0	31.592634090560352	120.774033631749110	64.092776053175299	0	0	0	0	
3	[GPS]	0	31.592634800582879	120.774035259092840	64.103662250979852	0	0	0	0	
3	[GPS]	0	31.592635512471745	120.774036892306160	64.094323039179088	0	0	0	0	
3	[GPS]	0	31.592636223229398	120.774038524630700	64.090484222058535	0	0	0	0	
3	[GPS]	0	31.592637171488494	120.774040694049970	64.091744729172760	0	0	0	0	
3	[GPS]	0	31.592637880153077	120.774042324070320	64.065732445997668	0	0	0	0	
3	[GPS]	0	31.592638587660865	120.774043954070690	64.084124390709547	0	0	0	0	
3	[GPS]	0	31.592639292871699	120.774045580740690	64.086187038714641	0	0	0	0	
3	[GPS]	0	31.592639998844096	120.774047208703580	64.084296278043311	0	0	0	0	
3	[GPS]	0	31.592640706927750	120.774048833782910	64.097417011186693	0	0	0	0	
3	[GPS]	0	31.592641417249769	120.774050456351720	64.095526250515377	0	0	0	0	
3	[GPS]	0	31.592642127910437	120.774052084259780	64.079483432698183	0	0	0	0	
3	[GPS]	0	31.592643080363910	120.774054244694180	64.071633911123300	0	0	0	0	
3	[GPS]	0	31.592643793918832	120.774055863839650	64.065216783996405	0	0	0	0	
3	[GPS]	0	31.592644506819333	120.774057481862020	64.065617854441840	0	0	0	0	
3	[GPS]	0	31.592645218788132	120.774059101143860	64.070144220897404	0	0	0	0	
3	[GPS]	0	31.592645928211983	120.774060721639390	64.057997515978641	0	0	0	0	
3	[GPS]	0	31.592646634243927	120.774062346893120	64.054387881969774	0	0	0	0	
3	[GPS]	0	31.592647338219074	120.774063972677230	64.042986022163959	0	0	0	0	
3	[GPS]	0	31.592648040555030	120.774065596706380	64.041381740382235	0	0	0	0	
3	[GPS]	0	31.592648975173194	120.774067762820810	64.040694191047209	0	0	0	0	
3	[GPS]	0	31.592649679791204	120.774069377528700	64.034506247031985	0	0	0	0	
3	[GPS]	0	31.592650385090771	120.774070989837450	64.038574247264208	0	0	0	0	
3	[GPS]	0	31.592651092688047	120.774072599876010	64.027229683236314	0	0	0	0	
3	[GPS]	0	31.592651801684763	120.774074207562040	64.016687260099275	0	0	0	0	
3	[GPS]	0	31.592652510927110	120.774075814481170	64.018463429214762	0	0	0	0	
3	[GPS]	0	31.592653220571169	120.774077420380100	64.011931710532025	0	0	0	0	
3	[GPS]	0	31.592653930575615	120.774079029541530	64.008608555412749	0	0	0	0	
3	[GPS]	0	31.592654875188643	120.774081172231670	63.998925568944472	0	0	0	0	
3	[GPS]	0	31.592655582488085	120.774082781240350	63.996519146271908	0	0	0	0	
3	[GPS]	0	31.592656289569195	120.774084388374770	63.986377793580303	0	0	0	0	
3	[GPS]	0	31.592656996923523	120.774085993719520	63.979731483341723	0	0	0	0	
3	[GPS]	0	31.592657705450762	120.774087596770000	63.990674976924183	0	0	0	0	
3	[GPS]	0	31.592658414377890	120.774089197482510	63.988898807808710	0	0	0	0	
3	[GPS]	0	31.592659120197801	120.774090795786920	63.983914075129789	0	0	0	0	
3	[GPS]	0	31.592659825585280	120.774092392953430	63.973658130882363	0	0	0	0	
3	[GPS]	0	31.592660765801909	120.774094522087130	63.961167651296087	0	0	0	0	
3	[GPS]	0	31.592661467365904	120.774096120421870	63.961167651296087	0	0	0	0	
3	[GPS]	0	31.592662167048033	120.774097718325390	63.974517567551125	0	0	0	0	
3	[GPS]	0	31.592662865941666	120.774099315990800	63.984315145575231	0	0	0	0	
3	[GPS]	0	31.592663565202066	120.774100912906520	63.997092104051085	0	0	0	0	
3	[GPS]	0	31.592664263836724	120.774102509466200	63.991935484038407	0	0	0	0	
3	[GPS]	0	31.592664963066039	120.774104104471860	63.987924779584112	0	0	0	0	
3	[GPS]	0	31.592665662209857	120.774105699106140	63.983054638461013	0	0	0	0	
3	[GPS]	0	31.592666595895949	120.774107824502850	63.987982075362041	0	0	0	0	
3	[GPS]	0	31.592667298918581	120.774109412517860	63.987065342915329	0	0	0	0	
3	[GPS]	0	31.592668002119549	120.774110997668520	63.987122638693251	0	0	0	0	
3	[GPS]	0	31.592668706000399	120.774112580220700	63.976236440888698	0	0	0	0	
3	[GPS]	0	31.592669408251663	120.774114160712260	63.967241003755447	0	0	0	0	
3	[GPS]	0	31.592670108360057	120.774115739517210	63.962084383742763	0	0	0	0	
3	[GPS]	0	31.592670806639937	120.774117317717090	63.971881961766861	0	0	0	0	
3	[GPS]	0	31.592671503017087	120.774118896242540	63.985518356911520	0	0	0	0	
3	[GPS]	0	31.592672432773647	120.774120995607250	63.980304441120929	0	0	0	0	
3	[GPS]	0	31.592673128129324	120.774122569062700	63.976923990223717	0	0	0	0	
3	[GPS]	0	31.592673823463130	120.774124141818390	63.959677961070206	0	0	0	0	
3	[GPS]	0	31.592674517915800	120.774125714181980	63.958818524401408	0	0	0	0	
3	[GPS]	0	31.592675213358760	120.774127283287530	63.950854411270718	0	0	0	0	
3	[GPS]	0	31.592675905938819	120.774128853674920	63.949765791490272	0	0	0	0	
3	[GPS]	0	31.592676599223793	120.774130422481560	63.968558806647586	0	0	0	0	
3	[GPS]	0	31.592677291446382	120.774131992315380	63.978814750895040	0	0	0	0	
3	[GPS]	0	31.592678214003943	120.774134084976280	63.989586357143743	0	0	0	0	
3	[GPS]	0	31.592678905420797	120.774135655185260	64.004368667846776	0	0	0	0	
3	[GPS]	0	31.592679596074078	120.774137223434890	64.001217400061236	0	0	0	0	
3	[GPS]	0	31.592680286041158	120.774138790570560	64.016916443210960	0	0	0	0	
4	[GPS]	0	31.592680975858709	120.774140356034120	64.031125796134774	0	0	0	0	
