4.20059	4.20059	-0.02
4.20063	4.20063	-0.3
4.20063	4.20063	0.06
4.2006	4.2006	-0.01
4.20064	4.20064	0.16
4.20061	4.20061	-0.13
4.20059	4.20059	-0.19
4.20061	4.20061	0.05
4.20058	4.20058	-0.09
4.20068	4.20068	0.27
4.2006	4.2006	0.07
4.20064	4.20064	-0.21
4.20066	4.20066	0.14
4.20065	4.20065	0.12
4.20061	4.20061	-0.07
4.20058	4.20058	-0.33
4.20061	4.20061	-0.13
4.20069	4.20069	0.19
4.20062	4.20062	-0
4.20058	4.20058	-0.21
4.20066	4.20066	0.1
4.20063	4.20063	0.23
4.20056	4.20056	-0.35
4.2006	4.2006	-0.05
4.20057	4.20057	-0.36
4.2006	4.2006	-0
4.20061	4.20061	-0.08
4.2006	4.2006	0.01
4.2006	4.2006	-0.05
4.20058	4.20058	-0.24
4.20065	4.20065	0.48
4.20056	4.20056	0.09
4.20064	4.20064	0.24
4.20061	4.20061	0.1
4.2006	4.2006	0.06
4.20059	4.20059	-0.42
4.20058	4.20058	0.05
4.20063	4.20063	-0.23
4.20067	4.20067	0.19
4.20062	4.20062	0.08
4.20066	4.20066	0.11
4.20057	4.20057	-0.43
4.20068	4.20068	0.22
4.20061	4.20061	-0
4.20061	4.20061	-0.38
4.20063	4.20063	0.03
4.20059	4.20059	0.2
4.20058	4.20058	-0.14
4.20061	4.20061	-0.27
4.20063	4.20063	-0.1
4.20067	4.20067	0.21
4.20065	4.20065	0.23
4.20057	4.20057	-0.31
4.20063	4.20063	0.24
4.20062	4.20062	-0.03
4.20068	4.20068	0.36
4.20067	4.20067	-0.2
4.20071	4.20071	-0.14
4.20068	4.20068	-0.28
4.20065	4.20065	-0.6
4.20064	4.20064	-0.19
4.20062	4.20062	-0.08
4.20063	4.20063	0.34
4.20062	4.20062	-0.05
4.20069	4.20069	-0.28
4.2007	4.2007	-0.28
4.20075	4.20075	0.32
4.20066	4.20066	0.2
4.20056	4.20056	-0.28
4.20057	4.20057	0.04
4.2006	4.2006	-0.13
4.20061	4.20061	-0.27
4.20065	4.20065	-0.05
4.20064	4.20064	-0.23
4.20131	4.20131	0.8
4.20113	4.20113	0.54
4.20068	4.20068	-1.28
4.20027	4.20027	-0.96
4.20007	4.20007	-0.14
4.20033	4.20033	-0.05
4.20063	4.20063	0.53
4.20096	4.20096	0.13
4.20131	4.20131	0.66
4.20125	4.20125	0.03
4.20101	4.20101	-0.72
4.20073	4.20073	-0.23
4.20039	4.20039	-0.42
4.20031	4.20031	-0.39
4.20035	4.20035	-0.03
4.20051	4.20051	0.37
4.20074	4.20074	0.63
4.20082	4.20082	-0.03
4.20078	4.20078	-0.14
4.20069	4.20069	-0.23
4.20058	4.20058	-0.5
4.20054	4.20054	-0.04
4.20064	4.20064	0.01
4.20069	4.20069	-0.02
4.20083	4.20083	0.14
4.20085	4.20085	0.06
4.20073	4.20073	-0.36
4.20066	4.20066	-0.28
4.20049	4.20049	-0.12
4.20042	4.20042	-0.26
4.20052	4.20052	0.23
4.2006	4.2006	0.32
4.20065	4.20065	0.02
4.20076	4.20076	-0.43
4.2008	4.2008	0.26
4.20075	4.20075	-0.32
4.20073	4.20073	-0.21
4.20064	4.20064	0.17
4.20062	4.20062	0.38
4.20053	4.20053	-0.08
4.20059	4.20059	0.04
4.20063	4.20063	0.17
4.20056	4.20056	-0.25
4.20061	4.20061	-0.07
4.2006	4.2006	0.26
4.20054	4.20054	-0.08
4.20056	4.20056	-0.35
4.20068	4.20068	0.12
4.20065	4.20065	0.25
4.20064	4.20064	-0.29
4.20067	4.20067	-0.12
4.20058	4.20058	-0.09
4.20053	4.20053	-0.33
4.20057	4.20057	0.03
4.20055	4.20055	0.23
4.20058	4.20058	0.28
4.20061	4.20061	-0.07
4.20067	4.20067	0.47
4.20058	4.20058	-0.11
4.20063	4.20063	-0.13
4.20066	4.20066	0.37
4.2006	4.2006	-0.17
4.20057	4.20057	-0.34
4.20071	4.20071	0.12
4.20065	4.20065	0.07
4.20052	4.20052	-0.4
4.20061	4.20061	0.24
4.2006	4.2006	0.53
4.2005	4.2005	-0.28
4.20057	4.20057	-0.17
4.20061	4.20061	-0.04
4.20059	4.20059	0.22
4.20058	4.20058	-0.39
4.20068	4.20068	0.22
4.20058	4.20058	0.19
4.20057	4.20057	-0.18
4.20063	4.20063	-0.23
4.20058	4.20058	0.29
4.2006	4.2006	-0.1
4.20055	4.20055	-0.4
4.20065	4.20065	0.4
4.2006	4.2006	-0.03
4.20058	4.20058	-0.34
4.20067	4.20067	0.29
4.20066	4.20066	0.38
4.20065	4.20065	-0.38
4.20066	4.20066	-0.23
4.20068	4.20068	0.19
4.20063	4.20063	-0.14
4.20064	4.20064	-0.48
4.20067	4.20067	-0.03
4.20062	4.20062	-0.24
4.20069	4.20069	0.05
4.20072	4.20072	0.56
4.20067	4.20067	0.38
4.20063	4.20063	-0.17
4.20068	4.20068	0.22
4.2007	4.2007	0.31
4.20063	4.20063	-0.36
4.20073	4.20073	-0.12
4.20073	4.20073	0.24
4.20065	4.20065	-0.28
4.20067	4.20067	-0.1
4.20069	4.20069	-0.17
4.20064	4.20064	0.13
4.20062	4.20062	-0.42
4.20067	4.20067	0.36
4.20059	4.20059	-0.27
4.20062	4.20062	0.06
4.20076	4.20076	0.56
4.20074	4.20074	0.05
4.2007	4.2007	-0.39
4.20077	4.20077	-0.23
4.20074	4.20074	0.27
4.20061	4.20061	-0.51
4.20063	4.20063	-0.21
4.20062	4.20062	0.07
4.20058	4.20058	0.02
4.20061	4.20061	-0.13
4.20063	4.20063	0.09
4.20061	4.20061	-0.14
4.20062	4.20062	-0.34
4.20065	4.20065	0.2
4.20062	4.20062	0.03
4.2006	4.2006	-0.13
4.20068	4.20068	0.23
4.20068	4.20068	0.25
4.20063	4.20063	-0.08
4.20067	4.20067	-0.27
4.20063	4.20063	-0.08
4.20058	4.20058	-0.06
4.20059	4.20059	-0.3
4.20057	4.20057	0.03
4.20061	4.20061	0.18
4.2006	4.2006	0.04
4.20065	4.20065	0.27
4.20067	4.20067	0.2
4.20061	4.20061	-0.04
4.20072	4.20072	-0.03
4.20068	4.20068	0.14
4.20061	4.20061	0.1
4.20064	4.20064	0.22
4.20061	4.20061	-0.07
4.20059	4.20059	-0.1
4.20065	4.20065	-0.18
4.20062	4.20062	0.25
4.20054	4.20054	-0.08
4.20056	4.20056	0.06
4.20059	4.20059	0.53
4.20057	4.20057	-0.23
4.20058	4.20058	-0.1
4.20061	4.20061	-0.12
4.20061	4.20061	0.12
4.20054	4.20054	-0.37
4.20062	4.20062	0.04
4.2006	4.2006	0.03
4.20057	4.20057	-0.36
4.20064	4.20064	-0.23
4.20056	4.20056	0.12
4.20053	4.20053	0.14
4.20053	4.20053	-0.22
4.20055	4.20055	0.13
4.20049	4.20049	-0.19
4.20054	4.20054	-0.32
4.2006	4.2006	0.22
4.20055	4.20055	-0.09
4.20053	4.20053	-0.21
4.20058	4.20058	-0.08
4.20058	4.20058	0.2
4.20065	4.20065	0.02
4.20073	4.20073	0.09
4.20066	4.20066	0.02
4.20064	4.20064	-0.23
4.20054	4.20054	-0.42
4.20061	4.20061	0.14
4.20059	4.20059	0.05
4.20055	4.20055	-0.32
4.20063	4.20063	0.3
4.2005	4.2005	-0.22
4.20048	4.20048	-0.2
4.20062	4.20062	0.33
4.20089	4.20089	0.47
4.20109	4.20109	-0.1
4.20093	4.20093	-0.77
4.20045	4.20045	-0.89
4.19996	4.19996	-0.8
4.19956	4.19956	-0.51
4.19946	4.19946	0.03
4.19978	4.19978	1.07
4.20036	4.20036	1.24
4.20119	4.20119	1.07
4.20163	4.20163	0.82
4.20153	4.20153	-0.76
4.20103	4.20103	-0.74
4.20039	4.20039	-1.04
4.20008	4.20008	-0.5
4.20002	4.20002	-0
4.20022	4.20022	0.59
4.20067	4.20067	0.6
4.20074	4.20074	-0.1
4.20078	4.20078	0.2
4.20063	4.20063	-0.5
4.20055	4.20055	0.05
4.20043	4.20043	0.05
4.20046	4.20046	0.1
4.20052	4.20052	0.01
4.2006	4.2006	-0.03
4.20059	4.20059	-0.01
4.20072	4.20072	-0.06
4.20076	4.20076	0.15
4.20064	4.20064	-0.08
4.20056	4.20056	-0.24
4.20048	4.20048	-0.09
4.20036	4.20036	-0
4.20029	4.20029	-0.07
4.20051	4.20051	0.88
4.20055	4.20055	0.24
4.20091	4.20091	0.38
4.20107	4.20107	-0.13
4.20097	4.20097	-0.35
4.20069	4.20069	-0.11
4.2006	4.2006	-0.38
4.20027	4.20027	-0.37
4.2002	4.2002	0.24
4.20045	4.20045	0.3
4.20055	4.20055	0.43
4.20065	4.20065	0.22
4.20073	4.20073	0.11
4.20065	4.20065	-0.14
4.20056	4.20056	0.11
4.20054	4.20054	-0.19
4.20047	4.20047	-0.15
4.2006	4.2006	0.43
4.20057	4.20057	-0.06
4.20057	4.20057	-0.11
4.20057	4.20057	0.24
4.20047	4.20047	-0.37
4.20042	4.20042	-0.04
4.20042	4.20042	0.19
4.2004	4.2004	0.08
4.2005	4.2005	0.04
4.20061	4.20061	0.07
4.20061	4.20061	0.01
4.2006	4.2006	-0.22
4.20057	4.20057	-0.1
4.20044	4.20044	-0.5
4.20039	4.20039	-0.44
4.20053	4.20053	0.45
4.20049	4.20049	0.14
4.20053	4.20053	-0.23
4.20058	4.20058	0.11
4.20052	4.20052	-0.1
4.20049	4.20049	-0.3
4.20048	4.20048	-0.07
4.20048	4.20048	0.3
4.2005	4.2005	-0.03
4.20055	4.20055	-0
4.20047	4.20047	-0.14
4.20052	4.20052	-0.22
4.20045	4.20045	-0.11
4.20042	4.20042	0.04
4.20041	4.20041	-0.31
4.20047	4.20047	0.28
4.20052	4.20052	0.12
4.20053	4.20053	-0.11
4.20047	4.20047	-0.08
4.20045	4.20045	0.08
4.20038	4.20038	-0.14
4.20037	4.20037	-0.08
4.20039	4.20039	-0.02
4.20043	4.20043	-0.17
4.20048	4.20048	0.02
4.20053	4.20053	0.01
4.2005	4.2005	0.08
4.20039	4.20039	-0.53
4.20044	4.20044	-0.08
4.20042	4.20042	-0.04
4.20047	4.20047	-0.07
4.2005	4.2005	-0.11
4.20039	4.20039	-0.29
4.20037	4.20037	-0.08
4.2004	4.2004	0.29
4.20044	4.20044	0.15
4.20046	4.20046	0.35
4.20048	4.20048	0.06
4.20048	4.20048	0.19
4.20055	4.20055	-0.1
4.20057	4.20057	0.25
4.20052	4.20052	-0.11
4.20063	4.20063	0.06
4.20056	4.20056	-0.06
4.20063	4.20063	-0.07
4.2007	4.2007	0.39
4.20073	4.20073	0.17
4.20078	4.20078	-0.01
4.20089	4.20089	0.24
4.20078	4.20078	-0.38
4.20072	4.20072	-0.38
4.20051	4.20051	-0.33
4.20025	4.20025	-0.37
4.20019	4.20019	0.08
4.20021	4.20021	-0.06
4.20028	4.20028	0.03
4.20034	4.20034	0.19
4.20028	4.20028	-0.47
4.20005	4.20005	-0.48
4.19991	4.19991	-0.22
4.19987	4.19987	-0.25
4.1998	4.1998	0.15
4.19973	4.19973	-0.13
4.19968	4.19968	-0.19
4.19955	4.19955	0.32
4.19948	4.19948	-0.26
4.19941	4.19941	-0.12
4.19919	4.19919	-0.51
4.19915	4.19915	0.18
4.19899	4.19899	0.13
4.19891	4.19891	0.16
4.1988	4.1988	0.01
4.19868	4.19868	-0.42
4.19866	4.19866	0.09
4.19845	4.19845	-0.31
4.19831	4.19831	-0.36
4.19816	4.19816	-0.37
4.19803	4.19803	-0.6
4.19788	4.19788	0.09
4.19761	4.19761	-0.13
4.19741	4.19741	-0.65
4.19708	4.19708	-0.35
4.1967	4.1967	-0.64
4.19636	4.19636	-0.73
4.19598	4.19598	-0.71
4.19557	4.19557	-0.8
4.19514	4.19514	-0.83
4.19443	4.19443	-1
4.19388	4.19388	-1.03
4.19318	4.19318	-1.34
4.19247	4.19247	-1.45
4.1917	4.1917	-1.52
4.19091	4.19091	-1.53
4.18998	4.18998	-1.69
4.1891	4.1891	-1.73
4.18776	4.18776	-2.03
4.18675	4.18675	-1.8
4.18564	4.18564	-2.2
4.18448	4.18448	-2.39
4.18329	4.18329	-2.16
4.18192	4.18192	-2.39
4.1805	4.1805	-2.95
4.17863	4.17863	-2.61
4.17708	4.17708	-2.86
4.17557	4.17557	-2.93
4.17382	4.17382	-3.06
4.17204	4.17204	-3.5
4.17016	4.17016	-3.73
4.16821	4.16821	-3.57
4.16626	4.16626	-3.65
4.16343	4.16343	-4.31
4.16127	4.16127	-4.58
4.1589	4.1589	-4.7
4.15638	4.15638	-4.93
4.15368	4.15368	-4.98
4.15091	4.15091	-5.3
4.14804	4.14804	-5.57
4.14502	4.14502	-6.18
4.14085	4.14085	-6.03
4.1377	4.1377	-6.15
4.13433	4.13433	-6.64
4.13089	4.13089	-6.51
4.12727	4.12727	-6.99
4.12352	4.12352	-7.07
4.11954	4.11954	-7.54
4.11554	4.11554	-7.75
4.11009	4.11009	-7.76
4.10601	4.10601	-7.66
4.10177	4.10177	-8.08
4.09735	4.09735	-8.3
4.09279	4.09279	-8.61
4.08797	4.08797	-9.45
4.08314	4.08314	-9.3
4.07819	4.07819	-9.4
4.07146	4.07146	-9.8
4.06643	4.06643	-9.71
4.06119	4.06119	-10.48
4.05582	4.05582	-10.18
4.05032	4.05032	-10.54
4.04475	4.04475	-10.66
4.0391	4.0391	-10.78
4.03338	4.03338	-10.86
4.02556	4.02556	-11.33
4.0197	4.0197	-11.16
4.01371	4.01371	-11.51
4.00755	4.00755	-11.37
4.0014	4.0014	-11.71
3.99513	3.99513	-12.3
3.98885	3.98885	-12.07
3.98244	3.98244	-12.31
3.97366	3.97366	-12.65
3.96725	3.96725	-12.36
3.96075	3.96075	-12.42
3.95417	3.95417	-12.58
3.94762	3.94762	-12.45
3.94089	3.94089	-12.69
3.93423	3.93423	-12.58
3.92748	3.92748	-12.9
3.92061	3.92061	-13.15
3.91151	3.91151	-12.87
3.90471	3.90471	-13.28
3.89771	3.89771	-13.18
3.89063	3.89063	-13.72
3.88341	3.88341	-14
3.87624	3.87624	-13.87
3.86897	3.86897	-13.83
3.86165	3.86165	-13.9
3.85207	3.85207	-13.46
3.84507	3.84507	-13.38
3.83796	3.83796	-13.19
3.831	3.831	-13.21
3.82397	3.82397	-13.89
3.81691	3.81691	-13.33
3.80985	3.80985	-13.67
3.80036	3.80036	-13.7
3.79351	3.79351	-13.09
3.7867	3.7867	-12.78
3.77985	3.77985	-13.07
3.77302	3.77302	-12.93
3.76618	3.76618	-12.97
3.7594	3.7594	-13.09
3.75275	3.75275	-12.6
3.74585	3.74585	-13.12
3.73672	3.73672	-13.06
3.72967	3.72967	-13.44
3.72264	3.72264	-13.25
3.71556	3.71556	-13.9
3.70858	3.70858	-13.31
3.70152	3.70152	-13.4
3.69445	3.69445	-13.67
3.68479	3.68479	-14.3
3.67745	3.67745	-14.03
3.67018	3.67018	-13.95
3.66305	3.66305	-13.54
3.656	3.656	-13.2
3.64893	3.64893	-13.57
3.64186	3.64186	-13.25
3.63462	3.63462	-13.84
3.62493	3.62493	-13.8
3.61775	3.61775	-13.91
3.61065	3.61065	-13.68
3.60367	3.60367	-13.3
3.59667	3.59667	-13.35
3.58975	3.58975	-13.41
3.58273	3.58273	-13.17
3.57561	3.57561	-13.87
3.56632	3.56632	-13.14
3.55949	3.55949	-12.86
3.55283	3.55283	-12.75
3.54638	3.54638	-12.37
3.54001	3.54001	-11.73
3.53361	3.53361	-12.09
3.52712	3.52712	-12.42
3.52063	3.52063	-12.46
3.51218	3.51218	-11.9
3.50581	3.50581	-11.82
3.49966	3.49966	-11.63
3.49362	3.49362	-11.34
3.48751	3.48751	-11.76
3.48158	3.48158	-11.35
3.47569	3.47569	-11.26
3.46973	3.46973	-11.4
3.4617	3.4617	-11.43
3.45574	3.45574	-11.54
3.44991	3.44991	-11.05
3.44432	3.44432	-10.4
3.43886	3.43886	-10.15
3.43354	3.43354	-10.3
3.42801	3.42801	-10.73
3.42217	3.42217	-11.17
3.41426	3.41426	-11.47
3.4082	3.4082	-11.71
3.40259	3.40259	-10.45
3.39748	3.39748	-9.73
3.39241	3.39241	-9.24
3.38735	3.38735	-9.43
3.38268	3.38268	-8.43
3.37788	3.37788	-8.85
3.37152	3.37152	-8.54
3.36677	3.36677	-9.14
3.36166	3.36166	-9.99
3.3562	3.3562	-10.19
3.35079	3.35079	-9.98
3.3454	3.3454	-10.3
3.34019	3.34019	-9.71
3.33525	3.33525	-9.28
3.32886	3.32886	-9.22
3.32392	3.32392	-9.61
3.31876	3.31876	-9.73
3.31364	3.31364	-9.75
3.30828	3.30828	-10.21
3.30264	3.30264	-10.71
3.29722	3.29722	-10.27
3.29168	3.29168	-10.5
3.28458	3.28458	-9.8
3.27946	3.27946	-10.19
3.27409	3.27409	-10.45
3.26879	3.26879	-10.15
3.26322	3.26322	-10.94
3.25718	3.25718	-11.34
3.25137	3.25137	-10.41
3.2455	3.2455	-11.19
3.23785	3.23785	-10.51
3.23254	3.23254	-10.01
3.22729	3.22729	-10.2
3.22206	3.22206	-10.31
3.21686	3.21686	-9.87
3.21139	3.21139	-10.37
3.20575	3.20575	-10.52
3.19989	3.19989	-11.22
3.19214	3.19214	-10.86
3.18637	3.18637	-10.72
3.18106	3.18106	-10.13
3.17603	3.17603	-9.46
3.17105	3.17105	-9.49
3.16614	3.16614	-9.72
3.16105	3.16105	-10.04
3.1558	3.1558	-10.43
3.14838	3.14838	-10.9
3.14277	3.14277	-10.71
3.13717	3.13717	-10.91
3.1315	3.1315	-11.16
3.12589	3.12589	-10.86
3.12033	3.12033	-10.47
3.11497	3.11497	-10.59
3.10983	3.10983	-9.64
3.10262	3.10262	-10.38
3.09729	3.09729	-10.45
3.09172	3.09172	-10.74
3.08599	3.08599	-11.01
3.08031	3.08031	-10.99
3.07468	3.07468	-10.47
3.06933	3.06933	-10.39
3.0639	3.0639	-10.53
3.05703	3.05703	-9.88
3.05203	3.05203	-9.59
3.04689	3.04689	-9.64
3.04174	3.04174	-10.28
3.03646	3.03646	-10.41
3.03111	3.03111	-10.33
3.02563	3.02563	-10.16
3.02011	3.02011	-10.37
3.01292	3.01292	-10.12
3.00783	3.00783	-9.57
3.00283	3.00283	-9.64
2.99793	2.99793	-9.58
2.99279	2.99279	-10.29
2.98761	2.98761	-9.87
2.98234	2.98234	-10.24
2.97692	2.97692	-10.35
2.9701	2.9701	-9.55
2.96502	2.96502	-9.39
2.96025	2.96025	-8.87
2.95543	2.95543	-9.38
2.95052	2.95052	-9.5
2.94557	2.94557	-9.22
2.94069	2.94069	-9.17
2.93578	2.93578	-9.82
2.92962	2.92962	-8.5
2.92513	2.92513	-8.46
2.92094	2.92094	-8.2
2.91676	2.91676	-8.13
2.91249	2.91249	-8.41
2.90807	2.90807	-8.57
2.90354	2.90354	-8.47
2.89909	2.89909	-8.62
2.89312	2.89312	-8.17
2.88875	2.88875	-8.2
2.8844	2.8844	-8.46
2.87995	2.87995	-8.51
2.8757	2.8757	-8.05
2.87143	2.87143	-7.97
2.86691	2.86691	-8.35
2.86229	2.86229	-8.82
2.85591	2.85591	-9.2
2.85108	2.85108	-8.78
2.84623	2.84623	-9.37
2.84126	2.84126	-9.47
2.8364	2.8364	-9.25
2.8316	2.8316	-9.25
2.82689	2.82689	-9.04
2.82244	2.82244	-8.75
2.81647	2.81647	-8.14
2.8122	2.8122	-8.37
2.80768	2.80768	-8.8
2.80286	2.80286	-9.29
2.79811	2.79811	-9.36
2.79313	2.79313	-9.59
2.78795	2.78795	-9.75
2.78292	2.78292	-9.61
2.77636	2.77636	-9.62
2.77116	2.77116	-10.18
2.76603	2.76603	-10.26
2.76066	2.76066	-10.58
2.7553	2.7553	-10.1
2.75015	2.75015	-9.18
2.74529	2.74529	-9.33
2.74085	2.74085	-8.45
2.73483	2.73483	-8.72
2.73026	2.73026	-9.28
2.7257	2.7257	-8.65
2.72117	2.72117	-8.27
2.7171	2.7171	-7.7
2.71305	2.71305	-7.37
2.70885	2.70885	-8.08
2.70484	2.70484	-7.69
2.69976	2.69976	-7.59
2.69601	2.69601	-6.76
2.69259	2.69259	-5.91
2.68943	2.68943	-6.13
2.68609	2.68609	-6.44
2.68311	2.68311	-5.18
2.68005	2.68005	-5.84
2.6767	2.6767	-6.63
2.6732	2.6732	-4.55
2.67033	2.67033	-5.36
2.66761	2.66761	-5.04
2.66552	2.66552	-4.11
2.66306	2.66306	-4.24
2.66061	2.66061	-4.26
2.65827	2.65827	-4.9
2.65587	2.65587	-4.67
2.65297	2.65297	-3.43
2.65081	2.65081	-4.53
2.64863	2.64863	-3.53
2.64654	2.64654	-4.07
2.64456	2.64456	-4.27
2.6428	2.6428	-2.98
2.64116	2.64116	-2.79
2.63927	2.63927	-3.45
2.63726	2.63726	-2.8
2.63559	2.63559	-3.1
2.63399	2.63399	-3.02
2.63259	2.63259	-2.66
2.63107	2.63107	-2.75
2.62959	2.62959	-2.32
2.62844	2.62844	-2.03
2.62721	2.62721	-2.6
2.62581	2.62581	-1.57
2.62469	2.62469	-2.25
2.62339	2.62339	-2.33
2.62224	2.62224	-2.21
2.62097	2.62097	-2.65
2.61956	2.61956	-2.84
2.61825	2.61825	-2.31
2.61667	2.61667	-3.09
2.6147	2.6147	-2.64
2.61347	2.61347	-2.61
2.61203	2.61203	-2.67
2.61066	2.61066	-2.11
2.60951	2.60951	-2.28
2.60789	2.60789	-2.81
2.60673	2.60673	-2.13
2.60526	2.60526	-2.92
2.60344	2.60344	-2.36
2.60226	2.60226	-2.21
2.60099	2.60099	-2.31
2.59972	2.59972	-2.16
2.59861	2.59861	-2.03
2.59706	2.59706	-3.17
2.59569	2.59569	-2.72
2.59433	2.59433	-2.91
2.59194	2.59194	-3.57
2.59059	2.59059	-2.65
2.58944	2.58944	-1.98
2.58799	2.58799	-2.6
2.58658	2.58658	-2.61
2.58533	2.58533	-2.53
2.58369	2.58369	-3.09
2.58231	2.58231	-2.51
2.5805	2.5805	-2.91
2.57894	2.57894	-2.54
2.57775	2.57775	-1.86
2.57651	2.57651	-2.39
2.57544	2.57544	-1.84
2.57448	2.57448	-1.49
2.57347	2.57347	-2.37
2.57225	2.57225	-1.73
2.57093	2.57093	-1.88
2.56957	2.56957	-2.35
2.56858	2.56858	-1.71
2.56772	2.56772	-1.72
2.56697	2.56697	-1.39
2.56627	2.56627	-1.4
2.56578	2.56578	-0.65
2.56511	2.56511	-1.37
2.56404	2.56404	-1.6
2.56331	2.56331	-1.84
2.56238	2.56238	-1.75
2.56161	2.56161	-1.11
2.56121	2.56121	-0.33
2.5608	2.5608	-0.86
2.56048	2.56048	-0.35
2.56017	2.56017	-0.74
2.55959	2.55959	-0.85
2.55914	2.55914	-0.83
2.55852	2.55852	-1.54
2.55799	2.55799	-0.72
2.5575	2.5575	-0.97
2.55702	2.55702	-0.81
2.55664	2.55664	-0.25
2.55634	2.55634	-0.65
2.5557	2.5557	-0.87
2.55539	2.55539	-0.17
2.55496	2.55496	-0.49
2.5545	2.5545	-0.38
2.55414	2.55414	-1.05
2.55377	2.55377	-0.56
2.55341	2.55341	-0.93
2.55315	2.55315	-0.31
2.55221	2.55221	-1.26
2.55164	2.55164	-0.75
2.55122	2.55122	-0.73
2.55047	2.55047	-0.78
2.55005	2.55005	-0.47
2.54974	2.54974	-0.79
2.54929	2.54929	-0.95
2.54906	2.54906	-0.21
2.54849	2.54849	-1.31
2.54769	2.54769	-1.06
2.54738	2.54738	-0.39
2.54657	2.54657	-1.54
2.54605	2.54605	-0.52
2.54579	2.54579	-0.56
2.54541	2.54541	-0.98
2.54518	2.54518	-0.23
2.54489	2.54489	-0.71
2.54437	2.54437	-0.82
2.54406	2.54406	-0.15
2.54361	2.54361	-1.2
2.54327	2.54327	-0.33
2.54308	2.54308	-0.34
2.54273	2.54273	-0.78
2.54257	2.54257	0.24
2.54213	2.54213	-0.75
2.54177	2.54177	-0.72
2.54151	2.54151	-0.27
2.54109	2.54109	-1.1
2.54081	2.54081	-0.42
2.5405	2.5405	-0.58
2.54005	2.54005	-0.57
2.53997	2.53997	-0.35
2.53941	2.53941	-0.85
2.53931	2.53931	-0.08
2.53912	2.53912	-0.54
2.53873	2.53873	-0.69
2.53885	2.53885	0.26
2.53871	2.53871	-0.69
2.53817	2.53817	-0.61
2.53798	2.53798	-0.24
2.53731	2.53731	-1.53
2.53708	2.53708	-0.29
2.53673	2.53673	-0.47
2.5365	2.5365	-0.64
2.5364	2.5364	0.02
2.53619	2.53619	-0.42
2.53578	2.53578	-0.97
2.53559	2.53559	-0.31
2.53489	2.53489	-1.01
2.53447	2.53447	-0.54
2.53426	2.53426	-0.6
2.53392	2.53392	-0.65
2.5338	2.5338	0.25
2.53372	2.53372	-0.75
2.53331	2.53331	-0.91
2.53298	2.53298	-0.24
2.53236	2.53236	-1.28
2.53192	2.53192	-0.89
2.53154	2.53154	-0.65
2.53114	2.53114	-0.5
2.53091	2.53091	-0.52
2.53063	2.53063	-0.3
2.53015	2.53015	-1.04
2.52983	2.52983	-0.75
2.5294	2.5294	-0.42
2.52896	2.52896	-0.91
2.52871	2.52871	-0.48
2.52852	2.52852	-0.11
2.52807	2.52807	-0.35
2.5278	2.5278	-0.37
2.52767	2.52767	-0.32
2.52753	2.52753	-0.03
2.52743	2.52743	0.23
2.5274	2.5274	-0.31
2.52745	2.52745	-0.04
2.5274	2.5274	0.11
2.52742	2.52742	0.01
2.52762	2.52762	0.65
2.5276	2.5276	0.11
2.52768	2.52768	-0.04
2.52791	2.52791	0.34
2.528	2.528	-0.14
2.5278	2.5278	-0.35
2.52794	2.52794	0.49
2.52809	2.52809	0.06
2.52827	2.52827	0.44
2.52865	2.52865	1.07
2.52897	2.52897	0.49
2.52941	2.52941	0.16
2.52939	2.52939	-0.03
2.52918	2.52918	-0.33
2.5293	2.5293	-0.01
2.52918	2.52918	-0.15
2.52907	2.52907	-0.32
2.52946	2.52946	0.7
2.52981	2.52981	0.91
2.5303	2.5303	1.22
2.53061	2.53061	0.45
2.53095	2.53095	0.44
2.53089	2.53089	-0.17
2.53087	2.53087	-0.29
2.53088	2.53088	0.19
2.53108	2.53108	0.65
2.53124	2.53124	-0.09
2.53159	2.53159	0.38
2.53191	2.53191	0.3
2.53195	2.53195	0.33
2.53223	2.53223	0.58
2.53242	2.53242	0.52
2.53266	2.53266	0.61
2.53298	2.53298	0.46
2.53338	2.53338	0.9
2.53383	2.53383	0.38
2.53422	2.53422	0.85
2.53441	2.53441	0.52
2.53473	2.53473	0.79
2.53514	2.53514	0.96
2.53557	2.53557	0.74
2.53632	2.53632	1.08
2.53676	2.53676	0.68
2.5374	2.5374	0.93
2.53769	2.53769	0.55
2.53807	2.53807	0.55
2.53853	2.53853	0.83
2.53911	2.53911	1.01
2.53965	2.53965	0.87
2.54014	2.54014	0.96
2.54071	2.54071	1.11
2.54115	2.54115	0.76
2.54187	2.54187	1.52
2.54245	2.54245	0.78
2.54302	2.54302	0.87
2.54367	2.54367	1.41
2.54413	2.54413	0.72
2.5444	2.5444	0.4
2.54493	2.54493	1.53
2.54572	2.54572	1.18
2.54623	2.54623	0.71
2.54704	2.54704	1.56
2.54747	2.54747	0.42
2.54792	2.54792	1.04
2.54835	2.54835	0.74
2.54875	2.54875	0.43
2.54932	2.54932	1.12
2.55009	2.55009	1.1
2.55073	2.55073	1.34
2.5515	2.5515	1.51
2.55198	2.55198	1.23
2.55269	2.55269	1.1
2.55322	2.55322	0.67
2.55363	2.55363	0.55
2.55415	2.55415	1.15
2.55479	2.55479	1.07
2.55525	2.55525	0.84
2.5559	2.5559	0.92
2.55639	2.55639	0.87
2.55681	2.55681	1
2.55746	2.55746	0.97
2.55806	2.55806	0.95
2.55868	2.55868	1.65
2.55952	2.55952	0.9
2.56018	2.56018	1.03
2.56063	2.56063	1.01
2.56108	2.56108	0.71
2.56148	2.56148	0.81
2.56204	2.56204	0.97
2.56242	2.56242	1.02
2.56294	2.56294	1.23
2.5637	2.5637	1.45
2.56408	2.56408	0.6
2.56461	2.56461	1.04
2.56494	2.56494	0.28
2.5653	2.5653	0.73
2.56574	2.56574	1.27
2.56621	2.56621	0.65
2.56648	2.56648	0.43
2.56701	2.56701	0.8
2.56712	2.56712	-0.04
2.5672	2.5672	0.16
2.56734	2.56734	0.35
2.56726	2.56726	-0.3
2.56736	2.56736	0.3
2.56757	2.56757	0.46
2.56766	2.56766	0.34
2.56797	2.56797	0.57
2.56829	2.56829	0.59
2.56839	2.56839	0.49
2.56866	2.56866	0.48
2.56894	2.56894	0.23
2.56896	2.56896	0.63
2.56918	2.56918	0.56
2.56922	2.56922	-0.33
2.56924	2.56924	0.19
2.56944	2.56944	0.22
2.56953	2.56953	0.23
2.5699	2.5699	0.8
2.57013	2.57013	0.42
2.57021	2.57021	0.52
2.57047	2.57047	0.39
2.57049	2.57049	-0.28
2.57062	2.57062	0.26
2.57092	2.57092	0.68
2.5708	2.5708	-0.47
2.57104	2.57104	0.61
2.57122	2.57122	0.39
2.57119	2.57119	-0.23
2.57138	2.57138	0.46
2.57153	2.57153	-0.07
2.57154	2.57154	0.11
2.57195	2.57195	0.83
2.57218	2.57218	0.45
2.57219	2.57219	0.32
2.57242	2.57242	0.1
2.57247	2.57247	-0.22
2.5725	2.5725	-0
2.57254	2.57254	0.27
2.57269	2.57269	0.26
2.57283	2.57283	0.42
2.57297	2.57297	0.35
2.57292	2.57292	0.43
2.57329	2.57329	0.9
2.57324	2.57324	-0.24
2.5733	2.5733	0.25
2.57369	2.57369	0.36
2.57376	2.57376	-0.14
2.57384	2.57384	0.37
2.57389	2.57389	0.07
2.57391	2.57391	-0.29
2.57376	2.57376	-0.03
2.57389	2.57389	-0.04
2.57401	2.57401	0.46
2.57442	2.57442	0.29
2.57454	2.57454	0.05
2.57492	2.57492	0.83
2.57477	2.57477	-0.71
2.57456	2.57456	-0.57
2.57471	2.57471	0.01
2.57475	2.57475	-0.02
2.57481	2.57481	-0.2
2.57501	2.57501	0.65
2.57508	2.57508	-0.57
2.57494	2.57494	-0.26
2.57499	2.57499	0.4
2.57488	2.57488	-0.63
2.57484	2.57484	-0.41
2.57472	2.57472	-0.37
2.57475	2.57475	-0.27
2.57453	2.57453	-0.28
2.57442	2.57442	0.31
2.57432	2.57432	-0.39
2.57421	2.57421	-0.25
2.57425	2.57425	0.49
2.57409	2.57409	-0.31
2.57393	2.57393	-0.86
2.57375	2.57375	0.06
2.57349	2.57349	-0.73
2.57314	2.57314	-0.74
2.57306	2.57306	-0.09
2.57298	2.57298	-0.1
2.57286	2.57286	-0.29
2.57257	2.57257	-0.7
2.57233	2.57233	-0.5
2.57203	2.57203	-0.86
2.57192	2.57192	-0.33
2.57152	2.57152	-0.57
2.57166	2.57166	-0.06
2.57141	2.57141	-0.83
2.57111	2.57111	-0.23
2.57109	2.57109	-0.44
2.57087	2.57087	-0.5
2.57058	2.57058	-0.6
2.57055	2.57055	-0.08
2.5703	2.5703	-0.87
2.56993	2.56993	-0.58
2.56973	2.56973	0
2.56943	2.56943	-0.42
2.56924	2.56924	-0.18
2.56933	2.56933	0.38
2.5695	2.5695	0.14
2.56935	2.56935	-0.51
2.56884	2.56884	-1
2.56863	2.56863	-0.63
2.56831	2.56831	-0.72
2.56813	2.56813	-0.21
2.56827	2.56827	0.29
2.56804	2.56804	-0.83
2.56777	2.56777	-0.67
2.56748	2.56748	-0.32
2.5672	2.5672	-0.46
2.567	2.567	-0.41
2.56679	2.56679	-0.19
2.56669	2.56669	-0.38
2.56645	2.56645	-0.29
2.56626	2.56626	-0.29
2.5661	2.5661	-0.14
2.56603	2.56603	-0.4
2.56563	2.56563	-0.85
2.56552	2.56552	-0.15
2.56542	2.56542	-0.22
2.56512	2.56512	-0.44
2.56497	2.56497	-0.39
2.56512	2.56512	-0.03
2.56455	2.56455	-1.27
2.56425	2.56425	-0.41
2.5641	2.5641	-0.48
2.56386	2.56386	-0.09
2.56391	2.56391	0.18
2.56388	2.56388	-0.53
2.56356	2.56356	-1.02
2.56333	2.56333	-0.04
2.56301	2.56301	-0.49
2.5627	2.5627	-0.36
2.56261	2.56261	-0.02
2.56242	2.56242	-0.35
2.56228	2.56228	-0.43
2.56194	2.56194	-1.02
2.56169	2.56169	-0.31
2.56142	2.56142	-0.49
2.5613	2.5613	-0.37
2.56123	2.56123	-0.44
2.5608	2.5608	-0.97
2.56058	2.56058	-0.69
2.56009	2.56009	-0.57
2.55961	2.55961	-1.01
2.55929	2.55929	-0.41
2.55893	2.55893	-0.76
2.5584	2.5584	-1.48
2.55792	2.55792	-0.67
2.55702	2.55702	-1.57
2.55637	2.55637	-0.96
2.55564	2.55564	-1.99
2.55487	2.55487	-1.84
2.55412	2.55412	-1.61
2.55338	2.55338	-1.69
2.55229	2.55229	-1.86
2.55122	2.55122	-2.02
2.55008	2.55008	-1.44
2.54898	2.54898	-2.05
2.54812	2.54812	-1.68
2.54738	2.54738	-1.43
2.54664	2.54664	-1.81
2.54553	2.54553	-1.84
2.54455	2.54455	-1.97
2.54346	2.54346	-1.89
2.54203	2.54203	-1.29
2.5413	2.5413	-1.1
2.54051	2.54051	-1.4
2.5395	2.5395	-2.51
2.53865	2.53865	-1.69
2.53769	2.53769	-2.29
2.53682	2.53682	-1.22
2.53581	2.53581	-1.37
2.535	2.535	-0.75
2.53426	2.53426	-1.69
2.53353	2.53353	-1.37
2.53279	2.53279	-0.84
2.5319	2.5319	-1.78
2.53112	2.53112	-1.07
2.53043	2.53043	-0.91
2.53011	2.53011	-0.2
2.52953	2.52953	-0.51
2.52906	2.52906	-1.1
2.52853	2.52853	-1.31
2.52792	2.52792	-0.91
2.52727	2.52727	-1.33
2.52709	2.52709	-0.22
2.5271	2.5271	0.17
2.52696	2.52696	-0.18
2.52708	2.52708	0.35
2.52737	2.52737	0.74
2.52711	2.52711	-0.4
2.52716	2.52716	0.14
2.52752	2.52752	0.8
2.52748	2.52748	-0.24
2.52748	2.52748	0.04
2.52764	2.52764	0.44
2.52781	2.52781	0.19
2.528	2.528	0.7
2.52843	2.52843	0.93
2.52878	2.52878	0.5
2.52908	2.52908	0.62
2.5294	2.5294	0.13
2.52965	2.52965	0.83
2.5299	2.5299	0.19
2.53007	2.53007	0.13
2.53052	2.53052	1.11
2.53116	2.53116	0.65
2.53163	2.53163	1.32
2.5321	2.5321	0.45
2.53234	2.53234	0.25
2.53224	2.53224	0.05
2.53243	2.53243	-0.1
2.53255	2.53255	0.14
2.53288	2.53288	0.86
2.53365	2.53365	1.77
2.53445	2.53445	1
2.53468	2.53468	0.76
2.53523	2.53523	1.52
2.53589	2.53589	0.84
2.53593	2.53593	0.5
2.53665	2.53665	1.21
2.53722	2.53722	1
2.53755	2.53755	0.45
2.53806	2.53806	1.25
2.53887	2.53887	1.39
2.53952	2.53952	1.5
2.54027	2.54027	1.15
2.54087	2.54087	1.15
2.54157	2.54157	1.22
2.54172	2.54172	0.13
2.5421	2.5421	1.31
2.54307	2.54307	1.91
2.5438	2.5438	0.94
2.54439	2.54439	1.15
2.54508	2.54508	1.42
2.54535	2.54535	0.5
2.54623	2.54623	1.54
2.54685	2.54685	0.81
2.54729	2.54729	1.04
2.54792	2.54792	1.31
2.54858	2.54858	1.27
2.54915	2.54915	0.96
2.54956	2.54956	1.13
2.5502	2.5502	0.5
2.55068	2.55068	1.27
2.55129	2.55129	0.86
2.55192	2.55192	0.77
2.55266	2.55266	1.53
2.55318	2.55318	0.8
2.55378	2.55378	1.16
2.55436	2.55436	0.07
2.55462	2.55462	0.47
2.55511	2.55511	1.19
2.55549	2.55549	0.82
2.556	2.556	0.9
2.55661	2.55661	1.15
2.55729	2.55729	1.59
2.55797	2.55797	1.12
2.55859	2.55859	0.98
2.55904	2.55904	0.71
2.5598	2.5598	1.2
2.56022	2.56022	1.1
2.56057	2.56057	0.64
2.56101	2.56101	1.1
2.56164	2.56164	1.21
2.56198	2.56198	0.63
2.5625	2.5625	1.53
2.56329	2.56329	1.36
2.56408	2.56408	0.96
2.56431	2.56431	0.63
2.56467	2.56467	0.65
2.56477	2.56477	0.1
2.56468	2.56468	-0.15
2.56484	2.56484	0.57
2.56517	2.56517	0.45
2.56564	2.56564	0.87
2.56587	2.56587	0.57
2.56625	2.56625	1.03
2.56661	2.56661	0.37
2.56675	2.56675	0.23
2.56693	2.56693	0.43
2.56715	2.56715	0.39
2.56732	2.56732	0.37
2.56754	2.56754	0.11
2.56798	2.56798	0.72
2.56829	2.56829	0.8
2.56874	2.56874	0.77
2.56886	2.56886	0.14
2.56899	2.56899	0.18
2.56917	2.56917	0.45
2.56945	2.56945	0.71
2.57007	2.57007	0.44
2.57027	2.57027	0.57
2.57085	2.57085	1.15
2.57105	2.57105	0.36
2.57126	2.57126	0.34
2.57134	2.57134	0.34
2.57145	2.57145	0.52
2.57192	2.57192	0.81
2.57222	2.57222	0.58
2.57266	2.57266	0.43
2.57298	2.57298	0.36
2.57313	2.57313	-0.04
2.57334	2.57334	0.5
2.5734	2.5734	0.22
2.57365	2.57365	0.27
2.57399	2.57399	0.81
2.57417	2.57417	0.39
2.57462	2.57462	0.5
2.57487	2.57487	0.71
2.57506	2.57506	0.78
2.57517	2.57517	-0.38
2.57513	2.57513	-0.15
2.57544	2.57544	0.63
2.57552	2.57552	-0.28
2.57575	2.57575	0.53
2.57604	2.57604	0.65
2.57623	2.57623	0.02
2.57669	2.57669	1.11
2.57699	2.57699	0.42
2.5771	2.5771	0.31
2.57747	2.57747	0.47
2.57738	2.57738	-0.06
2.57734	2.57734	-0.07
2.57715	2.57715	-0.01
2.5771	2.5771	-0.12
2.57717	2.57717	0.18
2.57729	2.57729	0.33
2.5774	2.5774	0.12
2.57744	2.57744	-0.22
2.57732	2.57732	-0.16
2.57709	2.57709	-0.31
2.57684	2.57684	0.03
2.5767	2.5767	-0.08
2.57659	2.57659	-0.38
2.5766	2.5766	0.27
2.57681	2.57681	0.16
2.57698	2.57698	0.19
2.57726	2.57726	0.51
2.57678	2.57678	-0.99
2.57624	2.57624	-1.12
2.57555	2.57555	-1.03
2.57497	2.57497	-0.96
2.57465	2.57465	-0.34
2.57455	2.57455	-0.28
2.57442	2.57442	-0.54
2.57407	2.57407	-0.47
2.57345	2.57345	-1.16
2.57291	2.57291	-1.08
2.57251	2.57251	-0.9
2.57202	2.57202	-0.75
2.57151	2.57151	-1.09
2.57123	2.57123	-0.71
2.57083	2.57083	-0.63
2.57051	2.57051	-0.79
2.56975	2.56975	-0.95
2.56927	2.56927	-0.73
2.56877	2.56877	-0.88
2.56845	2.56845	-0.5
2.56817	2.56817	-0.52
2.56781	2.56781	-0.76
2.56752	2.56752	-0.65
2.56682	2.56682	-1.23
2.56557	2.56557	-1.66
2.56441	2.56441	-2.67
2.56281	2.56281	-3.18
2.56123	2.56123	-3.39
2.55953	2.55953	-2.85
2.55817	2.55817	-2.33
2.55681	2.55681	-2.66
2.55521	2.55521	-3.22
2.55308	2.55308	-3.19
2.55109	2.55109	-4.09
2.54874	2.54874	-4.45
2.54607	2.54607	-4.9
2.54327	2.54327	-5.45
2.54052	2.54052	-5.23
2.53802	2.53802	-4.41
2.53559	2.53559	-4.78
2.53236	2.53236	-4.56
2.52974	2.52974	-5.27
2.52708	2.52708	-5.02
2.52426	2.52426	-5.43
2.52165	2.52165	-4.66
2.51882	2.51882	-5.31
2.51651	2.51651	-4.42
2.51432	2.51432	-4.25
2.51076	2.51076	-5.01
2.50776	2.50776	-5.95
2.50504	2.50504	-5.25
2.5026	2.5026	-4.45
2.50027	2.50027	-4.92
2.49748	2.49748	-5.54
2.49507	2.49507	-4.66
2.49268	2.49268	-4.26
2.48965	2.48965	-4.42
2.48706	2.48706	-5.01
2.48454	2.48454	-4.88
2.48219	2.48219	-4.63
2.47976	2.47976	-4.36
2.47746	2.47746	-4.48
2.47523	2.47523	-4.08
2.47291	2.47291	-4.52
2.4697	2.4697	-4.64
2.46726	2.46726	-4.98
2.46471	2.46471	-4.88
2.46246	2.46246	-4.36
2.46009	2.46009	-4.6
2.45778	2.45778	-4.15
2.45544	2.45544	-4.63
2.45262	2.45262	-5.25
2.44865	2.44865	-6.09
2.44549	2.44549	-6.08
2.44232	2.44232	-6.13
2.43923	2.43923	-5.87
2.43601	2.43601	-6.2
2.43271	2.43271	-6.78
2.42915	2.42915	-6.85
2.42552	2.42552	-7.23
2.42036	2.42036	-7.69
2.41644	2.41644	-7.2
2.41227	2.41227	-8.27
2.40794	2.40794	-8.51
2.40352	2.40352	-8.73
2.39884	2.39884	-8.75
2.39395	2.39395	-9.58
2.38894	2.38894	-9.69
2.38198	2.38198	-10.17
2.37674	2.37674	-9.8
2.37187	2.37187	-9.19
2.36699	2.36699	-8.94
2.36228	2.36228	-8.95
2.35773	2.35773	-8.84
2.35298	2.35298	-9.24
2.34804	2.34804	-9.27
2.34075	2.34075	-10.73
2.33511	2.33511	-10.8
2.32942	2.32942	-10.64
2.32397	2.32397	-10.35
2.31896	2.31896	-9.04
2.31433	2.31433	-8.99
2.31001	2.31001	-7.78
2.30584	2.30584	-8.03
2.29961	2.29961	-9.34
2.29461	2.29461	-9.95
2.28938	2.28938	-10.06
2.28381	2.28381	-10.86
2.27838	2.27838	-10.38
2.27303	2.27303	-9.79
2.26803	2.26803	-9.73
2.26302	2.26302	-9.67
2.2562	2.2562	-10.09
2.25082	2.25082	-10.28
2.24508	2.24508	-11.43
2.2392	2.2392	-11.29
2.23346	2.23346	-10.71
2.22797	2.22797	-10.25
2.22251	2.22251	-10.01
2.21723	2.21723	-10.23
2.21007	2.21007	-10.85
2.20429	2.20429	-10.82
2.19826	2.19826	-11.16
2.19219	2.19219	-11.91
2.18616	2.18616	-11.48
2.18054	2.18054	-10.69
2.17518	2.17518	-10.13
2.17006	2.17006	-9.83
2.16263	2.16263	-11.32
2.15608	2.15608	-12.85
2.14933	2.14933	-12.74
2.14264	2.14264	-12.52
2.13595	2.13595	-12.86
2.1295	2.1295	-11.66
2.12371	2.12371	-11.26
2.11807	2.11807	-10.81
2.11043	2.11043	-10.91
2.10416	2.10416	-12.52
2.09697	2.09697	-14.43
2.08934	2.08934	-14.43
2.08184	2.08184	-14.54
2.07428	2.07428	-14.24
2.06737	2.06737	-12.51
2.06089	2.06089	-12.19
2.05239	2.05239	-11.77
2.04587	2.04587	-12.49
2.03876	2.03876	-14.27
2.03125	2.03125	-14.33
2.0235	2.0235	-14.73
2.01547	2.01547	-15.53
2.00787	2.00787	-13.68
2.00064	2.00064	-13.97
1.99105	1.99105	-13.76
1.98426	1.98426	-13.22
1.97679	1.97679	-14.08
1.96898	1.96898	-15.15
1.96083	1.96083	-15.78
1.95244	1.95244	-15.83
1.94453	1.94453	-15.14
1.93634	1.93634	-15.41
1.92591	1.92591	-14.59
1.91817	1.91817	-14.88
1.91045	1.91045	-14.79
1.90252	1.90252	-15.26
1.89442	1.89442	-15.65
1.88634	1.88634	-15.48
1.87823	1.87823	-15.49
1.87024	1.87024	-15.13
1.85936	1.85936	-15.29
1.85105	1.85105	-15.68
1.84283	1.84283	-16.17
1.83434	1.83434	-16.3
1.82559	1.82559	-16.63
1.8168	1.8168	-16.64
1.80815	1.80815	-16.36
1.79947	1.79947	-16.63
1.78758	1.78758	-17.06
1.77862	1.77862	-17.32
1.7694	1.7694	-17.9
1.76014	1.76014	-17.56
1.75088	1.75088	-17.46
1.74164	1.74164	-17.59
1.73254	1.73254	-17.15
1.7235	1.7235	-17.15
1.71144	1.71144	-17.62
1.70215	1.70215	-17.73
1.69278	1.69278	-17.97
1.68338	1.68338	-18.03
1.67396	1.67396	-17.66
1.6648	1.6648	-17.36
1.6559	1.6559	-16.94
1.64714	1.64714	-16.57
1.63584	1.63584	-15.7
1.62747	1.62747	-16.12
1.61893	1.61893	-16.38
1.61023	1.61023	-17.04
1.60153	1.60153	-17
1.59282	1.59282	-16.45
1.58406	1.58406	-16.9
1.57535	1.57535	-16.32
1.56429	1.56429	-15.56
1.55616	1.55616	-15.52
1.54811	1.54811	-15.41
1.54051	1.54051	-14.54
1.53269	1.53269	-14.94
1.5249	1.5249	-14.46
1.51726	1.51726	-14.33
1.50977	1.50977	-14.24
1.50004	1.50004	-13.97
1.49261	1.49261	-14.06
1.48553	1.48553	-13.64
1.47838	1.47838	-13.89
1.4711	1.4711	-13.66
1.46406	1.46406	-13.55
1.45699	1.45699	-13.59
1.44997	1.44997	-12.87
1.44075	1.44075	-12.8
1.43401	1.43401	-12.81
1.42745	1.42745	-12.5
1.42078	1.42078	-12.89
1.41416	1.41416	-12.63
1.40741	1.40741	-13.19
1.40045	1.40045	-13.28
1.39339	1.39339	-13.33
1.38407	1.38407	-13.39
1.37703	1.37703	-13.05
1.37048	1.37048	-12.31
1.364	1.364	-12.55
1.35754	1.35754	-12.05
1.3512	1.3512	-12.07
1.34476	1.34476	-12.17
1.33833	1.33833	-12.23
1.32963	1.32963	-12.77
1.32334	1.32334	-11.98
1.31707	1.31707	-12.24
1.31083	1.31083	-11.63
1.30479	1.30479	-11.41
1.29892	1.29892	-11.47
1.2932	1.2932	-10.99
1.28769	1.28769	-10.44
1.28042	1.28042	-10.25
1.27488	1.27488	-10.82
1.26926	1.26926	-10.29
1.26375	1.26375	-10.54
1.25875	1.25875	-9.49
1.25364	1.25364	-9.77
1.24929	1.24929	-8.43
1.24488	1.24488	-8.33
1.23851	1.23851	-8.71
1.23432	1.23432	-7.66
1.23021	1.23021	-8.03
1.22626	1.22626	-7.17
1.22268	1.22268	-6.24
1.21947	1.21947	-6.24
1.21626	1.21626	-5.89
1.21332	1.21332	-5.24
1.20964	1.20964	-5.32
1.20685	1.20685	-5.1
1.20417	1.20417	-4.82
1.20168	1.20168	-4.81
1.19931	1.19931	-4.5
1.19683	1.19683	-4.87
1.19437	1.19437	-4.73
1.19191	1.19191	-4.44
1.1886	1.1886	-4.92
1.18611	1.18611	-4.3
1.18379	1.18379	-4.31
1.1818	1.1818	-4.11
1.17979	1.17979	-3.86
1.17782	1.17782	-3.85
1.17594	1.17594	-3.48
1.17394	1.17394	-4.02
1.17115	1.17115	-4.13
1.16915	1.16915	-3.97
1.1673	1.1673	-3.72
1.16539	1.16539	-3.64
1.16382	1.16382	-3.09
1.1623	1.1623	-2.74
1.16081	1.16081	-2.84
1.15955	1.15955	-2.26
1.1577	1.1577	-2.55
1.15613	1.15613	-3.23
1.15456	1.15456	-3.11
1.15282	1.15282	-3.6
1.15126	1.15126	-2.88
1.1497	1.1497	-3.02
1.14828	1.14828	-2.75
1.14686	1.14686	-2.7
1.14495	1.14495	-2.95
1.14344	1.14344	-2.93
1.14184	1.14184	-3.27
1.14021	1.14021	-3.24
1.13863	1.13863	-3.08
1.1372	1.1372	-2.98
1.13592	1.13592	-2.17
1.13453	1.13453	-2.66
1.13283	1.13283	-2.56
1.13144	1.13144	-2.36
1.13018	1.13018	-2.19
1.12891	1.12891	-2.33
1.12769	1.12769	-2.6
1.12646	1.12646	-2.52
1.12522	1.12522	-2.24
1.12399	1.12399	-2.27
1.12248	1.12248	-2.02
1.12138	1.12138	-2.43
1.12017	1.12017	-2.45
1.11893	1.11893	-2.35
1.11779	1.11779	-2.32
1.11649	1.11649	-2.58
1.11513	1.11513	-2.6
1.11376	1.11376	-2.64
1.11195	1.11195	-2.51
1.11068	1.11068	-2.18
1.1096	1.1096	-2.3
1.10839	1.10839	-2.19
1.10734	1.10734	-1.77
1.10615	1.10615	-2.47
1.10498	1.10498	-2.16
1.1038	1.1038	-2.13
1.10214	1.10214	-2.51
1.10078	1.10078	-2.56
1.0993	1.0993	-2.94
1.09798	1.09798	-2.45
1.09663	1.09663	-2.67
1.09546	1.09546	-2.2
1.09436	1.09436	-2.09
1.09316	1.09316	-2.17
1.09165	1.09165	-2.23
1.09046	1.09046	-2.16
1.08907	1.08907	-2.62
1.08812	1.08812	-1.77
1.08719	1.08719	-1.86
1.08626	1.08626	-1.24
1.08555	1.08555	-1.04
1.08486	1.08486	-1.52
1.08385	1.08385	-1.02
1.08333	1.08333	-1.03
1.08256	1.08256	-1.95
1.0815	1.0815	-1.86
1.08057	1.08057	-1.89
1.07947	1.07947	-2.27
1.07856	1.07856	-1.49
1.07792	1.07792	-1.23
1.07703	1.07703	-1.23
1.07641	1.07641	-0.95
1.07571	1.07571	-1.64
1.07513	1.07513	-0.87
1.07424	1.07424	-2.04
1.07329	1.07329	-1.92
1.07254	1.07254	-1.44
1.07191	1.07191	-1
1.07087	1.07087	-1.23
1.07058	1.07058	-0.19
1.06995	1.06995	-1.03
1.06967	1.06967	-0.37
1.06915	1.06915	-0.91
1.06875	1.06875	-0.44
1.06822	1.06822	-0.9
1.06739	1.06739	-0.59
1.06705	1.06705	-0.69
1.06683	1.06683	-0.63
1.06675	1.06675	0.26
1.0665	1.0665	-0.44
1.06632	1.06632	-0.39
1.06595	1.06595	-0.65
1.06578	1.06578	-0.22
1.06545	1.06545	-0.35
1.06539	1.06539	-0.16
1.06553	1.06553	0.14
1.0655	1.0655	-0.12
1.06543	1.06543	-0.33
1.06525	1.06525	-0.53
1.06479	1.06479	-1.17
1.06438	1.06438	-0.51
1.06408	1.06408	-0.82
1.06377	1.06377	-0.95
1.06379	1.06379	0.21
1.0636	1.0636	-0.35
1.06354	1.06354	0.05
1.06369	1.06369	0.23
1.06363	1.06363	-0.09
1.06348	1.06348	0.1
1.06351	1.06351	-0.09
1.06346	1.06346	0.09
1.06365	1.06365	0.69
1.06361	1.06361	-0.23
1.06364	1.06364	0.51
1.06378	1.06378	-0.16
1.06354	1.06354	-0.15
1.06356	1.06356	0.15
1.06372	1.06372	-0.2
1.06371	1.06371	0.38
1.06369	1.06369	0.25
1.06409	1.06409	0.68
1.06404	1.06404	-0.11
1.06402	1.06402	-0.53
1.06421	1.06421	0.29
1.06408	1.06408	-0.09
1.06393	1.06393	-0.12
1.06388	1.06388	0
1.06402	1.06402	0.2
1.06439	1.06439	0.75
1.06461	1.06461	0.13
1.06457	1.06457	-0.05
1.06467	1.06467	0.47
1.06466	1.06466	-0.47
1.0644	1.0644	-0.19
1.0645	1.0645	0.25
1.06445	1.06445	-0.4
1.06461	1.06461	0.42
1.06484	1.06484	0.34
1.06508	1.06508	0.14
1.06524	1.06524	0.21
1.06539	1.06539	0.1
1.06539	1.06539	0.11
1.06538	1.06538	0.08
1.06539	1.06539	-0.17
1.06521	1.06521	-0.37
1.06504	1.06504	0.14
1.06519	1.06519	0.26
1.0654	1.0654	-0.09
1.06576	1.06576	0.83
1.06569	1.06569	-0.38
1.06578	1.06578	0.28
1.06601	1.06601	0.38
1.06573	1.06573	-0.4
1.06594	1.06594	0.29
1.06601	1.06601	-0.23
1.06596	1.06596	-0.38
1.06638	1.06638	1.17
1.06648	1.06648	0.2
1.06633	1.06633	0.1
1.06639	1.06639	0.3
1.06643	1.06643	-0.51
1.06638	1.06638	0.1
1.06662	1.06662	0.4
1.06671	1.06671	0.62
1.06678	1.06678	0.06
1.06709	1.06709	0.44
1.0672	1.0672	0.17
1.06692	1.06692	-0.79
1.06704	1.06704	0.51
1.06726	1.06726	0.28
1.06688	1.06688	-0.39
1.06718	1.06718	0.99
1.06735	1.06735	-0.37
1.06737	1.06737	0.46
1.06786	1.06786	0.56
1.0679	1.0679	-0.33
1.06782	1.06782	0.54
1.06801	1.06801	-0.26
1.06764	1.06764	-0.97
1.06781	1.06781	0.65
1.06789	1.06789	-0.2
1.0679	1.0679	-0.26
1.06845	1.06845	1.54
1.06859	1.06859	-0.46
1.06842	1.06842	0.16
1.06871	1.06871	0.52
1.06828	1.06828	-1.16
1.06804	1.06804	-0.21
1.06809	1.06809	-0.08
1.06781	1.06781	-0.59
1.06793	1.06793	0.56
1.06825	1.06825	0.2
1.06828	1.06828	-0.08
1.06821	1.06821	0.31
1.0684	1.0684	-0.08
1.06818	1.06818	-0.35
1.06796	1.06796	-0.5
1.06786	1.06786	-0.07
1.06762	1.06762	-0.61
1.0675	1.0675	-0.21
1.0677	1.0677	0.63
1.0676	1.0676	-0.27
1.06765	1.06765	0
1.06773	1.06773	-0.02
1.06759	1.06759	-0.22
1.06737	1.06737	-0.08
1.06747	1.06747	0.6
1.06739	1.06739	-0.33
1.06756	1.06756	0.38
1.06771	1.06771	0.08
1.06771	1.06771	-0.01
1.06784	1.06784	-0.04
1.06784	1.06784	-0.04
1.06798	1.06798	0.04
1.06807	1.06807	-0.1
1.06827	1.06827	0.61
1.06881	1.06881	0.48
1.06897	1.06897	-0.01
1.06889	1.06889	-0.07
1.06887	1.06887	-0.36
1.06873	1.06873	-0.31
1.06885	1.06885	0.5
1.06918	1.06918	0.56
1.06981	1.06981	1.35
1.07056	1.07056	0.58
1.07072	1.07072	0.08
1.07083	1.07083	-0.41
1.07055	1.07055	-0.25
1.07042	1.07042	0.41
1.07038	1.07038	0.27
1.07048	1.07048	0.04
1.07093	1.07093	0.85
1.07154	1.07154	0.75
1.07178	1.07178	0.4
1.0722	1.0722	0.54
1.07235	1.07235	0.13
1.07232	1.07232	-0.21
1.07232	1.07232	-0.19
1.07274	1.07274	0.9
1.07306	1.07306	0.59
1.07353	1.07353	0.82
1.07388	1.07388	0.49
1.07412	1.07412	0.64
1.07435	1.07435	0.6
1.07458	1.07458	0.64
1.07474	1.07474	0.17
1.075	1.075	0.51
1.0753	1.0753	0.48
1.0757	1.0757	0.35
1.07599	1.07599	0.54
1.07628	1.07628	0.37
1.07628	1.07628	-0.01
1.07644	1.07644	0.39
1.07668	1.07668	0.53
1.07657	1.07657	-0.22
1.07676	1.07676	0.66
1.07687	1.07687	0.32
1.07685	1.07685	-0.16
1.07688	1.07688	0.14
1.07695	1.07695	-0.18
1.07665	1.07665	-0.65
1.0765	1.0765	0.27
1.07641	1.07641	-0.21
1.07601	1.07601	-0.94
1.07563	1.07563	-0.68
1.07503	1.07503	-1.41
1.07436	1.07436	-1.28
1.07373	1.07373	-1.34
1.07318	1.07318	-1.01
1.07254	1.07254	-0.7
1.0718	1.0718	-1.63
1.07136	1.07136	-1.28
1.0705	1.0705	-1.36
1.06984	1.06984	-1.02
1.06924	1.06924	-1.36
1.06847	1.06847	-1.72
1.06772	1.06772	-0.78
1.0672	1.0672	-1.52
1.06662	1.06662	-0.96
1.06629	1.06629	-0.28
1.06564	1.06564	-1.01
1.06492	1.06492	-1.41
1.06417	1.06417	-1.56
1.06342	1.06342	-1.45
1.06276	1.06276	-1.07
1.06239	1.06239	-0.31
1.06227	1.06227	-0.15
1.0622	1.0622	-0.05
1.06204	1.06204	-0.52
1.06169	1.06169	-1.29
1.06124	1.06124	-0.79
1.06049	1.06049	-1.56
1.05974	1.05974	-1.48
1.05899	1.05899	-0.87
1.05846	1.05846	-1.08
1.05824	1.05824	-0.45
1.0582	1.0582	-0.03
1.05832	1.05832	0.19
1.05799	1.05799	-0.77
1.05777	1.05777	-0.46
1.05729	1.05729	-1.19
1.05675	1.05675	-1.25
1.05647	1.05647	-0.49
1.05633	1.05633	-0.13
1.05635	1.05635	0.04
1.05652	1.05652	0.15
1.05659	1.05659	0.26
1.05648	1.05648	-0.15
1.05634	1.05634	-0.47
1.05625	1.05625	-0.53
1.05591	1.05591	-0.94
1.05578	1.05578	0.12
1.05562	1.05562	-0.51
1.05551	1.05551	-0.16
1.05549	1.05549	0.03
1.05561	1.05561	0.71
1.05565	1.05565	-0.14
1.05566	1.05566	-0.15
1.05566	1.05566	-0.42
1.05565	1.05565	-0.32
1.05565	1.05565	-0.41
1.05571	1.05571	0.28
1.05568	1.05568	0.07
1.05568	1.05568	-0.14
1.05581	1.05581	0.49
1.05598	1.05598	0.61
1.05632	1.05632	0.37
1.05666	1.05666	-0.02
1.05679	1.05679	0.2
1.05694	1.05694	0.3
1.05706	1.05706	0.29
1.05738	1.05738	0.69
1.0577	1.0577	0.33
1.05816	1.05816	0.74
1.05834	1.05834	0.81
1.05844	1.05844	0.36
1.05837	1.05837	-0.45
1.0585	1.0585	0.35
1.0589	1.0589	0.81
1.0594	1.0594	1.28
1.0601	1.0601	0.86
1.06009	1.06009	-0.16
1.05982	1.05982	-0.75
1.05961	1.05961	-0.42
1.05966	1.05966	0.49
1.06005	1.06005	0.84
1.06068	1.06068	1.27
1.06144	1.06144	2.13
1.06208	1.06208	0.37
1.06244	1.06244	0.78
1.0626	1.0626	0.29
1.06277	1.06277	0.3
1.06318	1.06318	0.65
1.06355	1.06355	0.75
1.06388	1.06388	0.51
1.06434	1.06434	1.33
1.06469	1.06469	0.95
1.06505	1.06505	0.52
1.06555	1.06555	0.85
1.0659	1.0659	0.62
1.06636	1.06636	0.77
1.06647	1.06647	0.17
1.06663	1.06663	0.44
1.06699	1.06699	0.51
1.06748	1.06748	1.2
1.06801	1.06801	0.76
1.06847	1.06847	0.88
1.06903	1.06903	0.42
1.0692	1.0692	-0.1
1.06904	1.06904	-0.07
1.06889	1.06889	-0.37
1.06869	1.06869	-0.1
1.06893	1.06893	0.53
1.06922	1.06922	0.53
1.06938	1.06938	0.59
1.06972	1.06972	0.3
1.06981	1.06981	0.08
1.06943	1.06943	-0.62
1.06883	1.06883	-0.95
1.06847	1.06847	-0.58
1.06813	1.06813	-0.21
1.06816	1.06816	0.11
1.06797	1.06797	-0.28
1.06826	1.06826	0.38
1.06848	1.06848	-0.44
1.06821	1.06821	-0.13
1.06818	1.06818	-0.06
1.06783	1.06783	-1.29
1.06769	1.06769	-0.03
1.06767	1.06767	0.13
1.06756	1.06756	-0.03
1.06745	1.06745	-0.32
1.06725	1.06725	-0.49
1.06687	1.06687	-0.7
1.06677	1.06677	-0.33
1.06655	1.06655	-0.02
1.06678	1.06678	0.75
1.06693	1.06693	0.14
1.0671	1.0671	0.62
1.06718	1.06718	-0.47
1.06687	1.06687	-0.63
1.06652	1.06652	-0.71
1.06588	1.06588	-1.46
1.06564	1.06564	-0.31
1.06579	1.06579	0.57
1.06631	1.06631	1.04
1.06692	1.06692	1.03
1.06726	1.06726	0.33
1.06733	1.06733	-0.17
1.06723	1.06723	-0.2
1.06685	1.06685	-0.92
1.06635	1.06635	-0.92
1.06601	1.06601	-0.14
1.06586	1.06586	-0.12
1.06592	1.06592	0.18
1.06622	1.06622	0.77
1.06648	1.06648	0.89
1.06692	1.06692	0.61
1.06747	1.06747	1.24
1.06776	1.06776	0.27
1.06777	1.06777	-0.27
1.0676	1.0676	-0.21
1.06759	1.06759	0.19
1.06808	1.06808	0.92
1.06859	1.06859	0.96
1.06903	1.06903	0.59
1.0694	1.0694	0.7
1.06962	1.06962	0.66
1.06965	1.06965	-0.08
1.06997	1.06997	0.74
1.07042	1.07042	0.94
1.07038	1.07038	-1.03
1.06991	1.06991	-0.73
1.06984	1.06984	0.64
1.07025	1.07025	0.87
1.07035	1.07035	0.03
1.0703	1.0703	-0.09
1.07052	1.07052	0.72
1.0709	1.0709	0.78
1.07186	1.07186	1.57
1.07248	1.07248	1.04
1.07251	1.07251	-0.5
1.0723	1.0723	-0.5
1.07206	1.07206	-0.26
1.07236	1.07236	0.95
1.07289	1.07289	0.84
1.073	1.073	0.02
1.07307	1.07307	0.05
1.07345	1.07345	0.71
1.07375	1.07375	0.48
1.07404	1.07404	0.37
1.07434	1.07434	0.52
1.07462	1.07462	0.73
1.0749	1.0749	0.6
1.07485	1.07485	-0.06
1.07452	1.07452	-0.4
1.07433	1.07433	-0.1
1.07428	1.07428	0.31
1.07424	1.07424	0.09
1.07406	1.07406	-0.63
1.07373	1.07373	-0.4
1.07374	1.07374	0.33
1.07399	1.07399	0.3
1.07395	1.07395	-0.32
1.0737	1.0737	-0.54
1.07374	1.07374	0.28
1.07377	1.07377	0.26
1.07388	1.07388	0.43
1.0739	1.0739	0.17
1.074	1.074	0.33
1.07395	1.07395	0.08
1.07385	1.07385	-0.22
1.07369	1.07369	-0.81
1.07343	1.07343	-0.61
1.07318	1.07318	-0.27
1.07319	1.07319	0.11
1.07329	1.07329	0.26
1.07331	1.07331	0.11
1.07321	1.07321	-0.12
1.07308	1.07308	-0.14
1.07284	1.07284	-0.82
1.07279	1.07279	-0.08
1.07307	1.07307	0.69
1.07315	1.07315	-0.07
1.07299	1.07299	-0.14
1.07303	1.07303	0.31
1.07321	1.07321	0.4
1.07328	1.07328	0.05
1.07311	1.07311	-0.27
1.07298	1.07298	0.06
1.0728	1.0728	-0.33
1.07279	1.07279	-0.02
1.07275	1.07275	0.01
1.0727	1.0727	-0.31
1.07257	1.07257	-0.39
1.07266	1.07266	0.22
1.07269	1.07269	0.03
1.07272	1.07272	-0.14
1.07258	1.07258	-0.39
1.07243	1.07243	-0.23
1.07232	1.07232	-0.35
1.07231	1.07231	-0.12
1.07239	1.07239	0.36
1.07225	1.07225	-0.27
1.07224	1.07224	0.22
1.07232	1.07232	0.41
1.07235	1.07235	-0.02
1.07227	1.07227	-0.24
1.07212	1.07212	-0.23
1.07199	1.07199	-0.44
1.072	1.072	0.26
1.07194	1.07194	-0.4
1.07194	1.07194	-0.28
1.07201	1.07201	0.45
1.07208	1.07208	-0.02
1.07222	1.07222	-0.07
1.07211	1.07211	-0.28
1.07201	1.07201	-0.07
1.0721	1.0721	-0.15
1.07215	1.07215	-0.26
1.07202	1.07202	-0.32
1.07194	1.07194	-0.38
1.07202	1.07202	0.13
1.07205	1.07205	0.47
1.07218	1.07218	0.36
1.07222	1.07222	0.14
1.07218	1.07218	0.07
1.07206	1.07206	0.08
1.07199	1.07199	-0.13
1.07189	1.07189	-0.3
1.07193	1.07193	-0.16
1.07203	1.07203	0.26
1.07219	1.07219	0.45
1.07223	1.07223	0.16
1.07228	1.07228	-0.01
1.07228	1.07228	-0.1
1.0722	1.0722	-0.28
1.07231	1.07231	0.21
1.07234	1.07234	0.15
1.07238	1.07238	0.05
1.07239	1.07239	0.1
1.07239	1.07239	-0.1
1.07238	1.07238	-0.19
1.07233	1.07233	-0.32
1.07234	1.07234	-0.18
1.07283	1.07283	1.68
1.07403	1.07403	1.98
1.07708	1.07708	6.4
1.08097	1.08097	5.96
1.08065	1.08065	-3.6
1.07963	1.07963	-2.11
1.07822	1.07822	-2.08
1.07796	1.07796	0.86
1.07859	1.07859	1
1.07923	1.07923	0.87
1.0793	1.0793	-1.19
1.07861	1.07861	-1.16
1.07801	1.07801	-1.46
1.07756	1.07756	-1.04
1.07762	1.07762	0.7
1.07834	1.07834	1.45
1.07933	1.07933	1.99
1.07988	1.07988	0.1
1.07978	1.07978	-0.19
1.07959	1.07959	-0.78
1.07904	1.07904	-1.23
1.07851	1.07851	-0.88
1.07839	1.07839	-0.29
1.07845	1.07845	0.09
1.07865	1.07865	0.7
1.07902	1.07902	0.68
1.07943	1.07943	0.48
1.07959	1.07959	0.43
1.07967	1.07967	-0.11
1.07953	1.07953	-0.32
1.07926	1.07926	-0.16
1.0791	1.0791	-0.48
1.07903	1.07903	0.09
1.07895	1.07895	-0.01
1.07904	1.07904	0.34
1.07919	1.07919	0.42
1.0793	1.0793	0.26
1.07946	1.07946	0.32
1.07956	1.07956	-0.17
1.07947	1.07947	-0.36
1.07942	1.07942	0.15
1.07931	1.07931	-0.21
1.07931	1.07931	0.15
1.07921	1.07921	-0.3
1.07922	1.07922	0.01
1.0792	1.0792	0.09
1.07921	1.07921	-0.33
1.07925	1.07925	0.15
1.07942	1.07942	0.1
1.07946	1.07946	0.03
1.07947	1.07947	0.09
1.07956	1.07956	0.39
1.07947	1.07947	-0.32
1.07928	1.07928	-0.36
1.07945	1.07945	0.47
1.07954	1.07954	-0.06
1.07938	1.07938	-0.77
1.0794	1.0794	0.05
1.07926	1.07926	0.01
1.07905	1.07905	-0.44
1.07908	1.07908	0.16
1.07921	1.07921	0.45
1.07938	1.07938	0.23
1.07945	1.07945	-0.05
1.07953	1.07953	0.06
1.07953	1.07953	0.06
1.07954	1.07954	0.08
1.07947	1.07947	-0.02
1.07946	1.07946	-0.18
1.07943	1.07943	0.22
1.07935	1.07935	-0.09
1.07934	1.07934	-0.11
1.07939	1.07939	-0.18
1.07943	1.07943	0.06
1.07931	1.07931	-0.23
1.07933	1.07933	-0.02
1.07934	1.07934	-0.4
1.07937	1.07937	0.01
1.07948	1.07948	-0.13
1.07953	1.07953	0.35
1.07949	1.07949	-0.05
1.07959	1.07959	0.06
1.07956	1.07956	-0.09
1.07949	1.07949	-0.17
1.07942	1.07942	-0.31
1.07942	1.07942	0.14
1.07934	1.07934	-0.5
1.07937	1.07937	-0.03
1.07954	1.07954	0.22
1.07955	1.07955	-0.05
1.07954	1.07954	0.15
1.0795	1.0795	-0.02
1.07938	1.07938	-0.29
1.07938	1.07938	-0
1.0795	1.0795	0.1
1.07965	1.07965	0.45
1.07971	1.07971	0.3
1.07961	1.07961	-0.24
1.07948	1.07948	-0.01
1.07937	1.07937	-0.05
1.07926	1.07926	-0.4
1.07926	1.07926	-0.13
1.07943	1.07943	0.18
1.07948	1.07948	0.21
1.0795	1.0795	0
1.07961	1.07961	0.12
1.07954	1.07954	0.14
1.07942	1.07942	-0.41
1.07942	1.07942	-0.31
1.07936	1.07936	-0.06
1.07932	1.07932	-0.21
1.07935	1.07935	0.22
1.07936	1.07936	-0.1
1.07946	1.07946	0.03
1.07954	1.07954	0.43
1.07948	1.07948	-0.37
1.0795	1.0795	-0.3
1.07946	1.07946	0.09
1.07935	1.07935	0.08
1.07933	1.07933	0.18
1.07937	1.07937	0.17
1.07942	1.07942	0.11
1.07939	1.07939	-0.06
1.0794	1.0794	0.4
1.07936	1.07936	-0.1
1.07934	1.07934	0.19
1.07941	1.07941	0.64
1.07941	1.07941	0.01
1.07943	1.07943	-0.01
1.0794	1.0794	-0.1
1.07933	1.07933	-0.32
1.07933	1.07933	-0.24
1.07929	1.07929	-0.17
1.07921	1.07921	0.23
1.07921	1.07921	0.27
1.07922	1.07922	-0.13
1.07935	1.07935	0.43
1.0794	1.0794	-0.09
1.07946	1.07946	0.39
1.07943	1.07943	0.05
1.07938	1.07938	0.07
1.07929	1.07929	-0.46
1.07926	1.07926	-0.31
1.07929	1.07929	0.03
1.07933	1.07933	0.09
1.07933	1.07933	-0.03
1.07941	1.07941	0.18
1.07938	1.07938	-0.19
1.07939	1.07939	0.09
1.07934	1.07934	-0.13
1.07931	1.07931	-0.12
1.07929	1.07929	0.01
1.07924	1.07924	-0.43
1.0791	1.0791	0.23
1.07936	1.07936	-0.16
1.07951	1.07951	1.23
1.07972	1.07972	0.19
1.07985	1.07985	0
1.07941	1.07941	0.11
1.07941	1.07941	-0.2
1.07935	1.07935	-0.06
1.07908	1.07908	-0.28
1.07931	1.07931	0.53
1.07939	1.07939	-0.05
1.07927	1.07927	-0.46
1.07922	1.07922	0.13
1.07945	1.07945	-0.02
1.07962	1.07962	0.5
1.07968	1.07968	0.44
1.07986	1.07986	0.12
1.07979	1.07979	0.19
1.07971	1.07971	-0.32
1.07958	1.07958	-0.39
1.07945	1.07945	-0.54
1.07941	1.07941	-0.01
1.07939	1.07939	0.02
1.07937	1.07937	0.04
1.07933	1.07933	0.04
1.07945	1.07945	0.23
1.07957	1.07957	0.26
1.07971	1.07971	-0.07
1.07991	1.07991	0.37
1.07985	1.07985	-0.2
1.07974	1.07974	-0.4
1.07965	1.07965	-0.11
1.07961	1.07961	0.05
1.07958	1.07958	0.07
1.07958	1.07958	-0.07
1.07957	1.07957	0.07
1.07961	1.07961	0.24
1.07968	1.07968	0.17
1.07977	1.07977	0.05
1.07982	1.07982	-0.08
1.07985	1.07985	-0.13
1.07974	1.07974	-0.45
1.07977	1.07977	0.01
1.07977	1.07977	0.06
1.07982	1.07982	0.31
1.0798	1.0798	-0
1.07983	1.07983	-0.06
1.07986	1.07986	0.03
1.07978	1.07978	-0.22
1.07979	1.07979	0.16
1.07979	1.07979	0.14
1.0798	1.0798	0.04
1.07982	1.07982	0.06
1.07989	1.07989	-0.2
1.07996	1.07996	0.06
1.07996	1.07996	-0.02
1.07993	1.07993	-0.26
1.07999	1.07999	-0.04
1.07998	1.07998	0.25
1.07995	1.07995	-0.06
1.07998	1.07998	-0.13
1.08001	1.08001	0.03
1.07997	1.07997	-0.13
1.07994	1.07994	-0.38
1.08001	1.08001	-0.1
1.08005	1.08005	0.22
1.08004	1.08004	-0.18
1.08009	1.08009	-0.22
1.08013	1.08013	0.2
1.08018	1.08018	0.19
1.0801	1.0801	-0.2
1.08019	1.08019	0.12
1.08019	1.08019	0.29
1.08013	1.08013	0.08
1.08008	1.08008	-0.43
1.08015	1.08015	-0.02
1.08013	1.08013	0.06
1.0802	1.0802	-0.22
1.08028	1.08028	0.05
1.08029	1.08029	0.06
1.08029	1.08029	0.08
1.08025	1.08025	-0.57
1.08032	1.08032	-0.12
1.0803	1.0803	0.04
1.08036	1.08036	0.04
1.08034	1.08034	-0.05
1.08034	1.08034	0.17
1.08032	1.08032	-0.32
1.08039	1.08039	-0.01
1.08041	1.08041	-0.09
1.08038	1.08038	0.14
1.08043	1.08043	-0.04
1.08046	1.08046	0.27
1.08048	1.08048	-0.01
1.08043	1.08043	-0.1
1.08044	1.08044	0.13
1.0805	1.0805	-0.05
1.08057	1.08057	0.01
1.08066	1.08066	0
1.08064	1.08064	0.09
1.08056	1.08056	-0.06
1.08041	1.08041	-0.34
1.08046	1.08046	-0.16
1.08047	1.08047	-0.06
1.08052	1.08052	-0.16
1.08069	1.08069	0.31
1.08073	1.08073	0.1
1.08074	1.08074	-0.1
1.08068	1.08068	-0.3
1.0807	1.0807	0.17
1.08066	1.08066	0.07
1.0806	1.0806	-0.47
1.08073	1.08073	0.02
1.0807	1.0807	-0.07
1.08069	1.08069	0.02
1.08072	1.08072	0.14
1.08075	1.08075	0.41
1.08079	1.08079	0.15
1.0808	1.0808	0.02
1.08088	1.08088	-0.03
1.08087	1.08087	0.01
1.08079	1.08079	-0.35
1.08076	1.08076	-0.23
1.08072	1.08072	-0.27
1.08068	1.08068	0.12
1.08075	1.08075	0.17
1.0808	1.0808	-0.18
1.08094	1.08094	0.41
1.08088	1.08088	-0.27
1.08095	1.08095	-0.33
1.08099	1.08099	0.12
1.08098	1.08098	0.03
1.0809	1.0809	-0.27
1.0809	1.0809	-0.07
1.08097	1.08097	0.51
1.08098	1.08098	-0.09
1.08103	1.08103	0.05
1.08108	1.08108	0.04
1.08106	1.08106	0.12
1.081	1.081	-0.35
1.08104	1.08104	-0.01
1.08108	1.08108	0.23
1.08111	1.08111	0.11
1.08112	1.08112	-0.14
1.08113	1.08113	0.03
1.08106	1.08106	-0.37
1.08106	1.08106	-0.13
1.08111	1.08111	0.28
1.08112	1.08112	-0.1
1.0812	1.0812	-0.26
1.08121	1.08121	0.37
1.08122	1.08122	0.07
1.08116	1.08116	-0.3
1.08119	1.08119	-0.12
1.08117	1.08117	0.25
1.08113	1.08113	-0.27
1.08114	1.08114	-0.03
1.08115	1.08115	0.09
1.08112	1.08112	-0.07
1.08118	1.08118	-0.14
1.08119	1.08119	-0.2
1.08122	1.08122	0.23
1.08122	1.08122	-0.3
1.08125	1.08125	-0.4
1.08127	1.08127	0.22
1.08123	1.08123	-0.14
1.08122	1.08122	-0.16
1.08125	1.08125	0.24
1.08124	1.08124	0.25
1.0812	1.0812	-0.3
1.08126	1.08126	-0.12
1.08129	1.08129	0.02
1.08129	1.08129	-0.09
1.08135	1.08135	-0.19
1.08132	1.08132	-0.11
1.08135	1.08135	0.41
1.08135	1.08135	0.12
1.08139	1.08139	0.22
1.0814	1.0814	0.59
1.08138	1.08138	-0.18
1.0814	1.0814	-0.03
1.08136	1.08136	-0.06
1.0814	1.0814	-0.04
1.08137	1.08137	-0.41
1.08145	1.08145	0.25
1.08141	1.08141	0.23
1.08139	1.08139	-0.23
1.08148	1.08148	0.38
1.08148	1.08148	0.24
1.0814	1.0814	-0.2
1.08143	1.08143	-0.29
1.08149	1.08149	0.01
1.08146	1.08146	-0.17
1.08146	1.08146	-0.5
1.08151	1.08151	0.02
1.08146	1.08146	-0.01
1.08146	1.08146	-0.21
1.08152	1.08152	0.36
1.08149	1.08149	-0.35
1.08149	1.08149	-0.33
1.08152	1.08152	-0.13
1.08159	1.08159	0.14
1.08149	1.08149	0.01
1.08149	1.08149	-0.24
1.08158	1.08158	0.03
1.08156	1.08156	0.22
1.08154	1.08154	-0.2
1.08153	1.08153	-0.01
1.08153	1.08153	0.1
1.0815	1.0815	0.05
1.08157	1.08157	-0.03
1.08155	1.08155	0.1
1.08149	1.08149	-0.15
1.0816	1.0816	0.23
1.08156	1.08156	-0.3
1.08166	1.08166	0.45
1.08159	1.08159	0.03
1.08158	1.08158	-0.15
1.08167	1.08167	0.28
1.08163	1.08163	0.12
1.08159	1.08159	-0.08
1.08163	1.08163	0.08
1.08162	1.08162	0.29
1.0816	1.0816	-0.1
1.08161	1.08161	-0.22
1.08165	1.08165	0.03
1.08164	1.08164	0.07
1.08166	1.08166	0.06
1.08168	1.08168	0.34
1.08166	1.08166	0.21
1.08163	1.08163	0.05
1.08168	1.08168	0.03
