-0	0	-0	0
-9.79501e-005	-0.000174373	-9.79501e-005	-0.000174373
-0.000146925	-0.000261559	-0.000146925	-0.000261559
-0.000165591	-0.000112159	-0.000165591	-0.000112159
-0.00029385	-0.000523118	-0.00029385	-0.000523118
-0.000342825	-0.000610304	-0.000342825	-0.000610304
-0.000524733	-0.000731201	-0.000524733	-0.000731201
-0.000574074	-0.000818804	-0.000574074	-0.000818804
-0.000701596	-0.000847209	-0.000701596	-0.000847209
-0.000751704	-0.000935383	-0.000751704	-0.000935383
-0.000801617	-0.00102343	-0.000801617	-0.00102343
-0.000976839	-0.00113833	-0.000976839	-0.00113833
-0.00112756	-0.00140307	-0.00112756	-0.00140307
-0.00114992	-0.00125207	-0.00114992	-0.00125207
-0.00133994	-0.00134706	-0.00133994	-0.00134706
-0.00149242	-0.00161638	-0.00149242	-0.00161638
-0.00169924	-0.00183373	-0.00169924	-0.00183373
-0.00167853	-0.00198559	-0.00167853	-0.00198559
-0.00174309	-0.00206195	-0.00174309	-0.00206195
-0.00170276	-0.00222275	-0.00170276	-0.00222275
-0.00167291	-0.00236883	-0.00167291	-0.00236883
-0.00177151	-0.00254396	-0.00177151	-0.00254396
-0.00173818	-0.00268677	-0.00173818	-0.00268677
-0.00178727	-0.00277411	-0.00178727	-0.00277411
-0.00191925	-0.0028065	-0.00191925	-0.0028065
-0.00196847	-0.00289398	-0.00196847	-0.00289398
-0.00208166	-0.00329798	-0.00208166	-0.00329798
-0.00213071	-0.00338527	-0.00213071	-0.00338527
-0.00217976	-0.00347256	-0.00217976	-0.00347256
-0.00214353	-0.00361182	-0.00214353	-0.00361182
-0.00219252	-0.00369903	-0.00219252	-0.00369903
-0.0021549	-0.0038362	-0.0021549	-0.0038362
-0.00217454	-0.00427918	-0.00217454	-0.00427918
-0.00212553	-0.00419191	-0.00212553	-0.00419191
-0.00217454	-0.00427918	-0.00217454	-0.00427918
-0.00218327	-0.00449815	-0.00218327	-0.00449815
-0.00242846	-0.00493483	-0.00242846	-0.00493483
-0.00252652	-0.00510947	-0.00252652	-0.00510947
-0.00262458	-0.00528409	-0.00262458	-0.00528409
-0.00276726	-0.00554818	-0.00276726	-0.00554818
-0.00282067	-0.00563328	-0.00282067	-0.00563328
-0.00292737	-0.00602665	-0.00292737	-0.00602665
-0.00311085	-0.00615895	-0.00311085	-0.00615895
-0.00311841	-0.00637852	-0.00311841	-0.00637852
-0.00317257	-0.00646334	-0.00317257	-0.00646334
-0.0032216	-0.00655067	-0.0032216	-0.00655067
-0.00331967	-0.00672531	-0.00331967	-0.00672531
-0.00327908	-0.00685621	-0.00327908	-0.00685621
-0.00332814	-0.00694359	-0.00332814	-0.00694359
-0.00347685	-0.0074264	-0.00347685	-0.0074264
-0.0036243	-0.00768859	-0.0036243	-0.00768859
-0.00372885	-0.00786038	-0.00372885	-0.00786038
-0.00387603	-0.00812258	-0.00387603	-0.00812258
-0.00397414	-0.00829736	-0.00397414	-0.00829736
-0.00411557	-0.00856225	-0.00411557	-0.00856225
-0.0042194	-0.00873423	-0.0042194	-0.00873423
-0.00431749	-0.00890894	-0.00431749	-0.00890894
-0.00461174	-0.00943302	-0.00461174	-0.00943302
-0.00461174	-0.00943302	-0.00461174	-0.00943302
-0.00483917	-0.00943093	-0.00483917	-0.00943093
-0.0050748	-0.00964657	-0.0050748	-0.00964657
-0.0050748	-0.00964657	-0.0050748	-0.00964657
-0.0050748	-0.00964657	-0.0050748	-0.00964657
-0.00512379	-0.0097338	-0.00512379	-0.0097338
-0.00534883	-0.00972626	-0.00534883	-0.00972626
-0.00589169	-0.00987613	-0.00589169	-0.00987613
-0.00629404	-0.00998123	-0.00629404	-0.00998123
-0.00677475	-0.0100256	-0.00677475	-0.0100256
-0.00703676	-0.0100883	-0.00703676	-0.0100883
-0.00725659	-0.0100549	-0.00725659	-0.0100549
-0.00738638	-0.0100842	-0.00738638	-0.0100842
-0.00735524	-0.0102304	-0.00735524	-0.0102304
-0.00750318	-0.0104934	-0.00750318	-0.0104934
-0.00768261	-0.0106107	-0.00768261	-0.0106107
-0.0081602	-0.0106288	-0.0081602	-0.0106288
-0.00859316	-0.010798	-0.00859316	-0.010798
-0.00894632	-0.0110274	-0.00894632	-0.0110274
-0.00897892	-0.0115126	-0.00897892	-0.0115126
-0.00880347	-0.0117724	-0.00880347	-0.0117724
-0.00820191	-0.0119574	-0.00820191	-0.0119574
-0.00725131	-0.0120925	-0.00725131	-0.0120925
-0.00654445	-0.012263	-0.00654445	-0.012263
-0.00609133	-0.0122713	-0.00609133	-0.0122713
-0.00604568	-0.0124052	-0.00604568	-0.0124052
-0.00614899	-0.0125774	-0.00614899	-0.0125774
-0.00656349	-0.0127047	-0.00656349	-0.0127047
-0.00693633	-0.0129606	-0.00693633	-0.0129606
-0.00725891	-0.0131266	-0.00725891	-0.0131266
-0.00740584	-0.0133882	-0.00740584	-0.0133882
-0.007142	-0.0135308	-0.007142	-0.0135308
-0.00691217	-0.0135374	-0.00691217	-0.0135374
-0.00659885	-0.0135818	-0.00659885	-0.0135818
-0.00641917	-0.0136676	-0.00641917	-0.0136676
-0.00637096	-0.0138004	-0.00637096	-0.0138004
-0.00618897	-0.013883	-0.00618897	-0.013883
-0.00595716	-0.0138752	-0.00595716	-0.0138752
-0.0053079	-0.0139225	-0.0053079	-0.0139225
-0.00496651	-0.0139418	-0.00496651	-0.0139418
-0.00478096	-0.0140065	-0.00478096	-0.0140065
-0.00481327	-0.0141012	-0.00481327	-0.0141012
-0.00506539	-0.0141188	-0.00506539	-0.0141188
-0.00539292	-0.0141041	-0.00539292	-0.0141041
-0.00563968	-0.014115	-0.00563968	-0.014115
-0.00567678	-0.0142079	-0.00567678	-0.0142079
-0.00539292	-0.0141041	-0.00539292	-0.0141041
-0.00501595	-0.0140303	-0.00501595	-0.0140303
-0.00462072	-0.0139549	-0.00462072	-0.0139549
-0.00438445	-0.0139261	-0.00438445	-0.0139261
-0.00424161	-0.0138657	-0.00424161	-0.0138657
-0.00424161	-0.0138657	-0.00424161	-0.0138657
-0.00438445	-0.0139261	-0.00438445	-0.0139261
-0.00447776	-0.0138964	-0.00447776	-0.0138964
-0.00471411	-0.0139236	-0.00471411	-0.0139236
-0.00471411	-0.0139236	-0.00471411	-0.0139236
-0.00468204	-0.0138289	-0.00468204	-0.0138289
-0.00452153	-0.013777	-0.00452153	-0.013777
-0.00437856	-0.0137182	-0.00437856	-0.0137182
-0.00421551	-0.0136645	-0.00421551	-0.0136645
-0.00395006	-0.0135354	-0.00395006	-0.0135354
-0.00378491	-0.0134787	-0.00378491	-0.0134787
-0.00292891	-0.0133833	-0.00292891	-0.0133833
-0.00251925	-0.0132629	-0.00251925	-0.0132629
-0.00225092	-0.0132096	-0.00225092	-0.0132096
-0.00198098	-0.0131516	-0.00198098	-0.0131516
-0.00183852	-0.0130713	-0.00183852	-0.0130713
-0.00169671	-0.0129897	-0.00169671	-0.0129897
-0.00156758	-0.0130059	-0.00156758	-0.0130059
-0.00121394	-0.0130436	-0.00121394	-0.0130436
-0.000809157	-0.013075	-0.000809157	-0.013075
-0.000362575	-0.013095	-0.000362575	-0.013095
-3.24078e-006	-0.0131	-3.24078e-006	-0.0131
0.000443369	-0.0130925	0.000443369	-0.0130925
0.000839232	-0.0131733	0.000839232	-0.0131733
0.00116319	-0.0130483	0.00116319	-0.0130483
0.00143007	-0.0129211	0.00143007	-0.0129211
0.00176695	-0.0128794	0.00176695	-0.0128794
0.00203086	-0.0127391	0.00203086	-0.0127391
0.00221505	-0.0126069	0.00221505	-0.0126069
0.0023984	-0.0124715	0.0023984	-0.0124715
0.00251677	-0.0123461	0.00251677	-0.0123461
0.00244275	-0.0123609	0.00244275	-0.0123609
0.00236788	-0.0123755	0.00236788	-0.0123755
0.00236788	-0.0123755	0.00236788	-0.0123755
0.00244275	-0.0123609	0.00244275	-0.0123609
0.00258074	-0.0123329	0.00258074	-0.0123329
0.00265394	-0.0123173	0.00265394	-0.0123173
0.00281311	-0.0123845	0.00281311	-0.0123845
0.00285633	-0.012272	0.00285633	-0.012272
0.00285633	-0.012272	0.00285633	-0.012272
0.00285633	-0.012272	0.00285633	-0.012272
0.00285633	-0.012272	0.00285633	-0.012272
0.00271862	-0.0123032	0.00271862	-0.0123032
0.0027619	-0.0121911	0.0027619	-0.0121911
0.00296541	-0.0121432	0.00296541	-0.0121432
0.00300807	-0.0120296	0.00300807	-0.0120296
0.00314528	-0.0119945	0.00314528	-0.0119945
0.00335041	-0.0119388	0.00335041	-0.0119388
0.00352588	-0.0117838	0.00352588	-0.0117838
0.00372953	-0.0117209	0.00372953	-0.0117209
0.00360845	-0.0115494	0.00360845	-0.0115494
0.00355675	-0.011356	0.00355675	-0.011356
0.00340564	-0.0110888	0.00340564	-0.0110888
0.00328416	-0.0109167	0.00328416	-0.0109167
0.00316242	-0.0107443	0.00316242	-0.0107443
0.0030404	-0.0105715	0.0030404	-0.0105715
0.002986	-0.010379	0.002986	-0.010379
0.00276913	-0.0101283	0.00276913	-0.0101283
0.00271454	-0.00993586	0.00271454	-0.00993586
0.0026479	-0.0094355	0.0026479	-0.0094355
0.00259386	-0.00924294	0.00259386	-0.00924294
0.0026078	-0.00903102	0.0026078	-0.00903102
0.00262175	-0.00881853	0.00262175	-0.00881853
0.0026357	-0.00860541	0.0026357	-0.00860541
0.00255423	-0.0083166	0.00255423	-0.0083166
0.00256802	-0.0081028	0.00256802	-0.0081028
0.00244671	-0.00793118	0.00244671	-0.00793118
0.00236521	-0.00764237	0.00236521	-0.00764237
0.00234853	-0.0073331	0.00234853	-0.0073331
0.0024313	-0.00709498	0.0024313	-0.00709498
0.00238174	-0.00690053	0.00238174	-0.00690053
0.00242279	-0.00656735	0.00242279	-0.00656735
0.00260104	-0.00639098	0.00260104	-0.00639098
0.00274083	-0.00611374	0.00274083	-0.00611374
0.00287563	-0.0058293	0.00287563	-0.0058293
0.00312681	-0.00558418	0.00312681	-0.00558418
0.00325067	-0.0052795	0.00325067	-0.0052795
0.00325273	-0.0050418	0.00325273	-0.0050418
0.00314008	-0.00487646	0.00314008	-0.00487646
0.00306647	-0.00468581	0.00306647	-0.00468581
0.00295399	-0.00452039	0.00295399	-0.00452039
0.00295282	-0.00428029	0.00295282	-0.00428029
0.00293368	-0.00417175	0.00293368	-0.00417175
0.00292928	-0.00392802	0.00292928	-0.00392802
0.00294098	-0.0037935	0.00294098	-0.0037935
0.00308412	-0.00367807	0.00308412	-0.00367807
0.00315957	-0.00347953	0.00315957	-0.00347953
0.00322775	-0.00327744	0.00322775	-0.00327744
0.00334443	-0.00315829	0.00334443	-0.00315829
0.00346586	-0.00287016	0.00346586	-0.00287016
0.00350159	-0.00266437	0.00350159	-0.00266437
0.00345031	-0.00239486	0.00345031	-0.00239486
0.00333117	-0.00221434	0.00333117	-0.00221434
0.00321068	-0.00203261	0.00321068	-0.00203261
0.00303607	-0.00193449	0.00303607	-0.00193449
0.00282687	-0.00170258	0.00282687	-0.00170258
0.00261559	-0.00146925	0.00261559	-0.00146925
0.0024886	-0.0012833	0.0024886	-0.0012833
0.00248566	-0.00105428	0.00248566	-0.00105428
0.00256139	-0.000853981	0.00256139	-0.000853981
0.00261686	-0.000664875	0.00261686	-0.000664875
0.00256961	-0.000396335	0.00256961	-0.000396335
0.00258222	-0.000303539	0.00258222	-0.000303539
0.00259876	-8.03701e-005	0.00259876	-8.03701e-005
0.00269593	0.000148224	0.00269593	0.000148224
0.00268154	0.00031516	0.00268154	0.00031516
0.00284187	0.000577715	0.00284187	0.000577715
0.00330895	0.000781584	0.00330895	0.000781584
0.0034845	0.000904561	0.0034845	0.000904561
0.00365866	0.00102674	0.00365866	0.00102674
0.0038102	0.00121754	0.0038102	0.00121754
0.00390698	0.00124318	0.00390698	0.00124318
0.00405361	0.00143465	0.00405361	0.00143465
0.00422285	0.00155484	0.00422285	0.00155484
0.0043395	0.00180521	0.0043395	0.00180521
0.00464144	0.00211353	0.00464144	0.00211353
0.00497414	0.00234689	0.00497414	0.00234689
0.00529531	0.00260186	0.00529531	0.00260186
0.0054996	0.00286258	0.0054996	0.00286258
0.00572823	0.00307204	0.00572823	0.00307204
0.00585288	0.00326094	0.00585288	0.00326094
0.00584565	0.00347396	0.00584565	0.00347396
0.00586013	0.00364265	0.00586013	0.00364265
0.00571289	0.00386948	0.00571289	0.00386948
0.00577583	0.00412914	0.00577583	0.00412914
0.00583346	0.00438871	0.00583346	0.00438871
0.00597578	0.00453212	0.00597578	0.00453212
0.00610779	0.00435257	0.00610779	0.00435257
0.00629246	0.00426204	0.00629246	0.00426204
0.00641504	0.0040752	0.00641504	0.0040752
0.00647392	0.00416873	0.00647392	0.00416873
0.00641504	0.0040752	0.00641504	0.0040752
0.00641504	0.0040752	0.00641504	0.0040752
0.00636711	0.00414968	0.00636711	0.00414968
0.00635004	0.00435511	0.00635004	0.00435511
0.00633049	0.00455685	0.00633049	0.00455685
0.00630878	0.00475492	0.00630878	0.00475492
0.00636379	0.0050112	0.00636379	0.0050112
0.00641466	0.00526708	0.00641466	0.00526708
0.00652265	0.00545024	0.00652265	0.00545024
0.00637734	0.00561957	0.00637734	0.00561957
0.00616329	0.00585353	0.00616329	0.00585353
0.00602886	0.0059919	0.00602886	0.0059919
0.00568109	0.00605105	0.00568109	0.00605105
0.00541428	0.00615837	0.00541428	0.00615837
0.00494872	0.00615793	0.00494872	0.00615793
0.00415463	0.00636389	0.00415463	0.00636389
0.00299831	0.00698356	0.00299831	0.00698356
0.00197	0.00775365	0.00197	0.00775365
0.00122568	0.00871422	0.00122568	0.00871422
0.00086651	0.00956081	0.00086651	0.00956081
0.00101501	0.00994835	0.00101501	0.00994835
0.00146993	0.00999246	0.00146993	0.00999246
0.00230413	0.00962813	0.00230413	0.00962813
0.00301186	0.00900992	0.00301186	0.00900992
0.00346511	0.00819774	0.00346511	0.00819774
0.00344151	0.00777213	0.00344151	0.00777213
0.0028755	0.00757242	0.0028755	0.00757242
0.00206284	0.00772947	0.00206284	0.00772947
0.00133095	0.00809126	0.00133095	0.00809126
0.000682087	0.00857291	0.000682087	0.00857291
0.000379212	0.00879183	0.000379212	0.00879183
0.000468222	0.00878754	0.000468222	0.00878754
0.000690999	0.00877283	0.000690999	0.00877283
0.000954492	0.00864748	0.000954492	0.00864748
0.000996338	0.00854209	0.000996338	0.00854209
0.00094632	0.00844716	0.00094632	0.00844716
0.00076452	0.00836514	0.00076452	0.00836514
0.000615866	0.00817684	0.000615866	0.00817684
0.000573617	0.00817991	0.000573617	0.00817991
0.000623377	0.00827656	0.000623377	0.00827656
0.000864891	0.0085564	0.000864891	0.0085564
0.000873221	0.00875657	0.000873221	0.00875657
0.000881615	0.00895672	0.000881615	0.00895672
0.000749503	0.00906908	0.000749503	0.00906908
0.000527137	0.00908472	0.000527137	0.00908472
0.00030435	0.00909491	0.00030435	0.00909491
3.26797e-005	0.00899994	3.26797e-005	0.00899994
-0.000151985	0.0088987	-0.000151985	0.0088987
-0.000697578	0.00877231	-0.000697578	0.00877231
-0.000779865	0.00876538	-0.000779865	0.00876538
-0.000732619	0.0088698	-0.000732619	0.0088698
-0.0006374	0.00907765	-0.0006374	0.00907765
-0.000541296	0.00928423	-0.000541296	0.00928423
-0.000667621	0.00947651	-0.000667621	0.00947651
-0.000923713	0.00955546	-0.000923713	0.00955546
-0.00128013	0.00981689	-0.00128013	0.00981689
-0.00162299	0.00996875	-0.00162299	0.00996875
-0.00171643	0.0100545	-0.00171643	0.0100545
-0.00179274	0.0100412	-0.00179274	0.0100412
-0.00171643	0.0100545	-0.00171643	0.0100545
-0.00131317	0.0099134	-0.00131317	0.0099134
-0.0010123	0.00994863	-0.0010123	0.00994863
-0.00072614	0.00987333	-0.00072614	0.00987333
-0.000457214	0.00998954	-0.000457214	0.00998954
-0.000225598	0.0102975	-0.000225598	0.0102975
1.02989e-005	0.0105	1.02989e-005	0.0105
0.000157239	0.0106988	0.000157239	0.0106988
0.000255797	0.010897	0.000255797	0.010897
0.000129082	0.0109992	0.000129082	0.0109992
4.25161e-005	0.0110999	4.25161e-005	0.0110999
-4.48595e-005	0.0111999	-4.48595e-005	0.0111999
-8.22334e-005	0.0111997	-8.22334e-005	0.0111997
-0.000331899	0.0115953	-0.000331899	0.0115953
-0.000187994	0.0119985	-0.000187994	0.0119985
-3.98829e-005	0.0121999	-3.98829e-005	0.0121999
1.99346e-005	0.0125	1.99346e-005	0.0125
3.06496e-005	0.0127	3.06496e-005	0.0127
-9.54512e-005	0.0129997	-9.54512e-005	0.0129997
-0.000306432	0.0130964	-0.000306432	0.0130964
-0.000491779	0.0129907	-0.000491779	0.0129907
-0.000540063	0.0128887	-0.000540063	0.0128887
-0.000592811	0.0128864	-0.000592811	0.0128864
-0.000451406	0.012792	-0.000451406	0.012792
-0.000317717	0.0128961	-0.000317717	0.0128961
-0.000181204	0.0128987	-0.000181204	0.0128987
4.13279e-005	0.0128999	4.13279e-005	0.0128999
0.000128742	0.0128994	0.000128742	0.0128994
0.000128742	0.0128994	0.000128742	0.0128994
0.000216805	0.0128982	0.000216805	0.0128982
0.000303145	0.0127964	0.000303145	0.0127964
0.000481079	0.012791	0.000481079	0.012791
0.000700661	0.0126807	0.000700661	0.0126807
0.00092373	0.0126664	0.00092373	0.0126664
0.00109662	0.0125522	0.00109662	0.0125522
0.00131848	0.0125308	0.00131848	0.0125308
0.00157347	0.0121989	0.00157347	0.0121989
0.00189904	0.0115449	0.00189904	0.0115449
0.00196777	0.0112289	0.00196777	0.0112289
0.0021036	0.0111025	0.0021036	0.0111025
0.00222063	0.0108756	0.00222063	0.0108756
0.00226393	0.0107645	0.00226393	0.0107645
0.00237914	0.0105347	0.00237914	0.0105347
0.00251592	0.0104	0.00251592	0.0104
0.00277155	0.0102313	0.00277155	0.0102313
0.00325945	0.0100864	0.00325945	0.0100864
0.00359821	0.00986422	0.00359821	0.00986422
0.00396719	0.0097217	0.00396719	0.0097217
0.00415304	0.00942562	0.00415304	0.00942562
0.00437486	0.00921415	0.00437486	0.00921415
0.00459413	0.00899466	0.00459413	0.00899466
0.00494648	0.00880581	0.00494648	0.00880581
0.00515674	0.00856785	0.00515674	0.00856785
0.00545997	0.00849698	0.00545997	0.00849698
0.00557718	0.00830031	0.00557718	0.00830031
0.00583036	0.00812446	0.00583036	0.00812446
0.00594147	0.0079189	0.00594147	0.0079189
0.00618865	0.00772727	0.00618865	0.00772727
0.0063671	0.00744983	0.0063671	0.00744983
0.00662445	0.00708567	0.00662445	0.00708567
0.00698699	0.00672844	0.00698699	0.00672844
0.0074386	0.00606854	0.0074386	0.00606854
0.00768965	0.00574711	0.00768965	0.00574711
0.00795485	0.00555072	0.00795485	0.00555072
0.00824666	0.00547746	0.00824666	0.00547746
0.00847015	0.00568301	0.00847015	0.00568301
0.00867519	0.00609106	0.00867519	0.00609106
0.00899147	0.00684422	0.00899147	0.00684422
0.00919997	0.00801252	0.00919997	0.00801252
0.00937529	0.0105316	0.00937529	0.0105316
0.00938644	0.0128337	0.00938644	0.0128337
0.00944386	0.0157916	0.00944386	0.0157916
0.00941963	0.0192154	0.00941963	0.0192154
0.00938977	0.0228456	0.00938977	0.0228456
0.00933349	0.0266106	0.00933349	0.0266106
0.00938577	0.0303833	0.00938577	0.0303833
0.00937765	0.0340316	0.00937765	0.0340316
0.00949856	0.0391646	0.00949856	0.0391646
0.00945805	0.0429714	0.00945805	0.0429714
0.00942087	0.0469644	0.00942087	0.0469644
0.00935736	0.0511511	0.00935736	0.0511511
0.00934099	0.0554183	0.00934099	0.0554183
0.00937275	0.0597696	0.00937275	0.0597696
0.00940332	0.0641141	0.00940332	0.0641141
0.00930449	0.0684707	0.00930449	0.0684707
0.00916374	0.0739343	0.00916374	0.0739343
0.00900864	0.0782834	0.00900864	0.0782834
0.00882587	0.0827306	0.00882587	0.0827306
0.00873096	0.0872643	0.00873096	0.0872643
0.00872584	0.0918866	0.00872584	0.0918866
0.00872163	0.0964063	0.00872163	0.0964063
0.00889858	0.101009	0.00889858	0.101009
0.00903452	0.105715	0.00903452	0.105715
0.00903501	0.112237	0.00903501	0.112237
0.00896499	0.117258	0.00896499	0.117258
0.00872305	0.12249	0.00872305	0.12249
0.00840736	0.128024	0.00840736	0.128024
0.00798312	0.134063	0.00798312	0.134063
0.00771058	0.140489	0.00771058	0.140489
0.00742747	0.147613	0.00742747	0.147613
0.00702416	0.155041	0.00702416	0.155041
0.00653109	0.166172	0.00653109	0.166172
0.00612926	0.175493	0.00612926	0.175493
0.0056817	0.185713	0.0056817	0.185713
0.00522806	0.196731	0.00522806	0.196731
0.00464348	0.208748	0.00464348	0.208748
0.0040158	0.221764	0.0040158	0.221764
0.00339218	0.235776	0.00339218	0.235776
0.00268633	0.250886	0.00268633	0.250886
0.00144779	0.272596	0.00144779	0.272596
0.00047271	0.2904	0.00047271	0.2904
-0.000497133	0.3093	-0.000497133	0.3093
-0.00154946	0.329296	-0.00154946	0.329296
-0.00258514	0.35039	-0.00258514	0.35039
-0.00366685	0.372682	-0.00366685	0.372682
-0.00473157	0.396072	-0.00473157	0.396072
-0.00583	0.42066	-0.00583	0.42066
-0.00733742	0.455341	-0.00733742	0.455341
-0.0085395	0.482324	-0.0085395	0.482324
-0.00992336	0.510303	-0.00992336	0.510303
-0.0113526	0.53928	-0.0113526	0.53928
-0.0128626	0.569255	-0.0128626	0.569255
-0.0145154	0.600024	-0.0145154	0.600024
-0.0163482	0.631688	-0.0163482	0.631688
-0.0188245	0.675038	-0.0188245	0.675038
-0.020783	0.708695	-0.020783	0.708695
-0.0228844	0.743148	-0.0228844	0.743148
-0.025077	0.778396	-0.025077	0.778396
-0.0274642	0.814437	-0.0274642	0.814437
-0.0298019	0.851178	-0.0298019	0.851178
-0.0321638	0.888718	-0.0321638	0.888718
-0.0346282	0.926853	-0.0346282	0.926853
-0.038804	0.978631	-0.038804	0.978631
-0.0416844	1.01815	-0.0416844	1.01815
-0.0447235	1.05836	-0.0447235	1.05836
-0.0479501	1.09915	-0.0479501	1.09915
-0.0511895	1.14045	-0.0511895	1.14045
-0.0544506	1.18245	-0.0544506	1.18245
-0.0579033	1.22513	-0.0579033	1.22513
-0.0615112	1.26841	-0.0615112	1.26841
-0.0665531	1.32713	-0.0665531	1.32713
-0.0705754	1.37179	-0.0705754	1.37179
-0.0750282	1.41702	-0.0750282	1.41702
-0.0798051	1.46282	-0.0798051	1.46282
-0.0848216	1.50922	-0.0848216	1.50922
-0.0902153	1.55619	-0.0902153	1.55619
-0.0957105	1.60375	-0.0957105	1.60375
-0.101361	1.65189	-0.101361	1.65189
-0.10912	1.71674	-0.10912	1.71674
-0.115249	1.76604	-0.115249	1.76604
-0.121618	1.81593	-0.121618	1.81593
-0.128315	1.86649	-0.128315	1.86649
-0.135299	1.91753	-0.135299	1.91753
-0.142577	1.96915	-0.142577	1.96915
-0.150268	2.02142	-0.150268	2.02142
-0.158245	2.07417	-0.158245	2.07417
-0.169545	2.14531	-0.169545	2.14531
-0.178133	2.1995	-0.178133	2.1995
-0.187089	2.25415	-0.187089	2.25415
-0.196513	2.30945	-0.196513	2.30945
-0.206037	2.36534	-0.206037	2.36534
-0.215946	2.42189	-0.215946	2.42189
-0.226408	2.47878	-0.226408	2.47878
-0.237199	2.53633	-0.237199	2.53633
-0.252474	2.61434	-0.252474	2.61434
-0.264498	2.67345	-0.264498	2.67345
-0.277027	2.733	-0.277027	2.733
-0.289931	2.79309	-0.289931	2.79309
-0.303397	2.85362	-0.303397	2.85362
-0.317295	2.91468	-0.317295	2.91468
-0.331834	2.97616	-0.331834	2.97616
-0.346795	3.03807	-0.346795	3.03807
-0.367336	3.12126	-0.367336	3.12126
-0.383275	3.18432	-0.383275	3.18432
-0.399693	3.2478	-0.399693	3.2478
-0.416623	3.3118	-0.416623	3.3118
-0.434205	3.37629	-0.434205	3.37629
-0.452299	3.4413	-0.452299	3.4413
-0.470904	3.50682	-0.470904	3.50682
-0.490099	3.57284	-0.490099	3.57284
-0.509865	3.63936	-0.509865	3.63936
-0.537089	3.72851	-0.537089	3.72851
-0.558368	3.79595	-0.558368	3.79595
-0.580573	3.86383	-0.580573	3.86383
-0.603703	3.93213	-0.603703	3.93213
-0.627696	4.00086	-0.627696	4.00086
-0.652028	4.07031	-0.652028	4.07031
-0.677175	4.14029	-0.677175	4.14029
-0.702783	4.21086	-0.702783	4.21086
-0.738359	4.30595	-0.738359	4.30595
-0.76575	4.37793	-0.76575	4.37793
-0.793816	4.45046	-0.793816	4.45046
-0.822756	4.52349	-0.822756	4.52349
-0.852058	4.59649	-0.852058	4.59649
-0.882415	4.66986	-0.882415	4.66986
-0.913812	4.74379	-0.913812	4.74379
-0.957377	4.84328	-0.957377	4.84328
-0.991048	4.91824	-0.991048	4.91824
-1.02562	4.99356	-1.02562	4.99356
-1.06094	5.06917	-1.06094	5.06917
-1.09704	5.14494	-1.09704	5.14494
-1.13371	5.22093	-1.13371	5.22093
-1.17107	5.29699	-1.17107	5.29699
-1.20905	5.37346	-1.20905	5.37346
-1.24784	5.45017	-1.24784	5.45017
-1.30041	5.55297	-1.30041	5.55297
-1.34085	5.63034	-1.34085	5.63034
-1.38216	5.70794	-1.38216	5.70794
-1.42421	5.78579	-1.42421	5.78579
-1.46701	5.86347	-1.46701	5.86347
-1.5106	5.94106	-1.5106	5.94106
-1.55492	6.01838	-1.55492	6.01838
-1.61519	6.12088	-1.61519	6.12088
-1.66087	6.1973	-1.66087	6.1973
-1.70708	6.27349	-1.70708	6.27349
-1.75373	6.34946	-1.75373	6.34946
-1.80096	6.42538	-1.80096	6.42538
-1.84874	6.50115	-1.84874	6.50115
-1.89729	6.5768	-1.89729	6.5768
-1.94641	6.6524	-1.94641	6.6524
-2.01301	6.75285	-2.01301	6.75285
-2.06381	6.8276	-2.06381	6.8276
-2.11539	6.902	-2.11539	6.902
-2.16769	6.97586	-2.16769	6.97586
-2.22098	7.0493	-2.22098	7.0493
-2.27482	7.12234	-2.27482	7.12234
-2.32921	7.19498	-2.32921	7.19498
-2.38392	7.26718	-2.38392	7.26718
-2.45737	7.36274	-2.45737	7.36274
-2.51277	7.43401	-2.51277	7.43401
-2.56846	7.50475	-2.56846	7.50475
-2.6245	7.57514	-2.6245	7.57514
-2.68098	7.64504	-2.68098	7.64504
-2.73795	7.71455	-2.73795	7.71455
-2.79528	7.7838	-2.79528	7.7838
-2.85314	7.85285	-2.85314	7.85285
-2.93092	7.9445	-2.93092	7.9445
-2.9895	8.01321	-2.9895	8.01321
-3.04845	8.08167	-3.04845	8.08167
-3.10783	8.14963	-3.10783	8.14963
-3.16766	8.21729	-3.16766	8.21729
-3.22805	8.28462	-3.22805	8.28462
-3.28898	8.35129	-3.28898	8.35129
-3.35059	8.41745	-3.35059	8.41745
-3.43342	8.5048	-3.43342	8.5048
-3.4961	8.56959	-3.4961	8.56959
-3.55923	8.63384	-3.55923	8.63384
-3.62263	8.69774	-3.62263	8.69774
-3.68652	8.76108	-3.68652	8.76108
-3.75077	8.82413	-3.75077	8.82413
-3.81606	8.88639	-3.81606	8.88639
-3.88185	8.94817	-3.88185	8.94817
-3.97033	9.03	-3.97033	9.03
-4.03662	9.09112	-4.03662	9.09112
-4.10297	9.15219	-4.10297	9.15219
-4.16943	9.21339	-4.16943	9.21339
-4.23601	9.27452	-4.23601	9.27452
-4.30289	9.33592	-4.30289	9.33592
-4.37027	9.39729	-4.37027	9.39729
-4.4383	9.45834	-4.4383	9.45834
-4.52972	9.53892	-4.52972	9.53892
-4.59921	9.59862	-4.59921	9.59862
-4.66937	9.65785	-4.66937	9.65785
-4.74043	9.71684	-4.74043	9.71684
-4.81194	9.77567	-4.81194	9.77567
-4.8841	9.8347	-4.8841	9.8347
-4.95676	9.89389	-4.95676	9.89389
-5.02996	9.95322	-5.02996	9.95322
-5.12833	10.0327	-5.12833	10.0327
-5.20309	10.0921	-5.20309	10.0921
-5.27898	10.1513	-5.27898	10.1513
-5.35572	10.2104	-5.35572	10.2104
-5.43337	10.2693	-5.43337	10.2693
-5.51193	10.3281	-5.51193	10.3281
-5.59119	10.3871	-5.59119	10.3871
-5.67132	10.4463	-5.67132	10.4463
-5.77972	10.5253	-5.77972	10.5253
-5.86191	10.5847	-5.86191	10.5847
-5.94492	10.6439	-5.94492	10.6439
-6.02895	10.7028	-6.02895	10.7028
-6.11399	10.7615	-6.11399	10.7615
-6.19993	10.8199	-6.19993	10.8199
-6.287	10.8781	-6.287	10.8781
-6.37495	10.9363	-6.37495	10.9363
-6.49314	11.0142	-6.49314	11.0142
-6.58276	11.0726	-6.58276	11.0726
-6.67322	11.1309	-6.67322	11.1309
-6.76464	11.1891	-6.76464	11.1891
-6.85707	11.2467	-6.85707	11.2467
-6.95032	11.3044	-6.95032	11.3044
-7.04447	11.3615	-7.04447	11.3615
-7.13943	11.4185	-7.13943	11.4185
-7.26651	11.4945	-7.26651	11.4945
-7.36271	11.5517	-7.36271	11.5517
-7.4595	11.6092	-7.4595	11.6092
-7.55687	11.6668	-7.55687	11.6668
-7.65516	11.7245	-7.65516	11.7245
-7.75435	11.7818	-7.75435	11.7818
-7.85463	11.8386	-7.85463	11.8386
-7.95581	11.8946	-7.95581	11.8946
-8.09258	11.9682	-8.09258	11.9682
-8.19628	12.0226	-8.19628	12.0226
-8.30097	12.0766	-8.30097	12.0766
-8.40639	12.1306	-8.40639	12.1306
-8.51276	12.1846	-8.51276	12.1846
-8.61987	12.2386	-8.61987	12.2386
-8.7277	12.2926	-8.7277	12.2926
-8.83645	12.3463	-8.83645	12.3463
-8.98295	12.4176	-8.98295	12.4176
-9.09389	12.4706	-9.09389	12.4706
-9.20565	12.5232	-9.20565	12.5232
-9.31844	12.5755	-9.31844	12.5755
-9.43207	12.6273	-9.43207	12.6273
-9.5465	12.6788	-9.5465	12.6788
-9.66216	12.7303	-9.66216	12.7303
-9.77872	12.7814	-9.77872	12.7814
-9.93503	12.849	-9.93503	12.849
-10.0536	12.8993	-10.0536	12.8993
-10.1732	12.9487	-10.1732	12.9487
-10.2939	12.9974	-10.2939	12.9974
-10.4153	13.0454	-10.4153	13.0454
-10.5377	13.0926	-10.5377	13.0926
-10.6609	13.1396	-10.6609	13.1396
-10.7849	13.1864	-10.7849	13.1864
-10.9513	13.2494	-10.9513	13.2494
-11.0767	13.2968	-11.0767	13.2968
-11.2029	13.3439	-11.2029	13.3439
-11.3301	13.3907	-11.3301	13.3907
-11.458	13.4367	-11.458	13.4367
-11.5869	13.4822	-11.5869	13.4822
-11.7167	13.527	-11.7167	13.527
-11.8476	13.5711	-11.8476	13.5711
-12.0235	13.6286	-12.0235	13.6286
-12.1559	13.6714	-12.1559	13.6714
-12.2893	13.7137	-12.2893	13.7137
-12.4236	13.7553	-12.4236	13.7553
-12.5584	13.7964	-12.5584	13.7964
-12.6941	13.8368	-12.6941	13.8368
-12.8304	13.877	-12.8304	13.877
-12.9675	13.9167	-12.9675	13.9167
-13.1512	13.969	-13.1512	13.969
-13.2897	14.008	-13.2897	14.008
-13.4294	14.0465	-13.4294	14.0465
-13.5698	14.0845	-13.5698	14.0845
-13.7113	14.1218	-13.7113	14.1218
-13.8537	14.1585	-13.8537	14.1585
-13.9967	14.195	-13.9967	14.195
-14.1405	14.231	-14.1405	14.231
-14.3331	14.2788	-14.3331	14.2788
-14.4787	14.3142	-14.4787	14.3142
-14.6252	14.3493	-14.6252	14.3493
-14.7725	14.384	-14.7725	14.384
-14.9206	14.4184	-14.9206	14.4184
-15.0694	14.4518	-15.0694	14.4518
-15.2192	14.4842	-15.2192	14.4842
-15.3699	14.5159	-15.3699	14.5159
-15.5727	14.5564	-15.5727	14.5564
-15.7255	14.5862	-15.7255	14.5862
-15.8792	14.6151	-15.8792	14.6151
-16.0338	14.6435	-16.0338	14.6435
-16.1894	14.6713	-16.1894	14.6713
-16.3452	14.6991	-16.3452	14.6991
-16.5019	14.7267	-16.5019	14.7267
-16.6592	14.7541	-16.6592	14.7541
-16.8698	14.7901	-16.8698	14.7901
-17.0287	14.8167	-17.0287	14.8167
-17.1883	14.8422	-17.1883	14.8422
-17.3487	14.8668	-17.3487	14.8668
-17.51	14.8901	-17.51	14.8901
-17.6721	14.9122	-17.6721	14.9122
-17.8349	14.9333	-17.8349	14.9333
-17.9986	14.9532	-17.9986	14.9532
-18.2182	14.9794	-18.2182	14.9794
-18.3837	14.9979	-18.3837	14.9979
-18.5498	15.016	-18.5498	15.016
-18.7168	15.0337	-18.7168	15.0337
-18.8844	15.0512	-18.8844	15.0512
-19.0529	15.0684	-19.0529	15.0684
-19.2224	15.085	-19.2224	15.085
-19.3927	15.1011	-19.3927	15.1011
-19.6208	15.1201	-19.6208	15.1201
-19.7925	15.1335	-19.7925	15.1335
-19.9649	15.1453	-19.9649	15.1453
-20.1379	15.1561	-20.1379	15.1561
-20.3113	15.1658	-20.3113	15.1658
-20.485	15.1743	-20.485	15.1743
-20.6592	15.1823	-20.6592	15.1823
-20.8342	15.1897	-20.8342	15.1897
-21.0684	15.1988	-21.0684	15.1988
-21.2448	15.2052	-21.2448	15.2052
-21.4219	15.2113	-21.4219	15.2113
-21.5996	15.2169	-21.5996	15.2169
-21.7776	15.2217	-21.7776	15.2217
-21.9562	15.2261	-21.9562	15.2261
-22.1355	15.2299	-22.1355	15.2299
-22.3153	15.2332	-22.3153	15.2332
-22.5552	15.2368	-22.5552	15.2368
-22.7362	15.2386	-22.7362	15.2386
-22.9179	15.2397	-22.9179	15.2397
-23.1002	15.2403	-23.1002	15.2403
-23.2833	15.24	-23.2833	15.24
-23.4671	15.2391	-23.4671	15.2391
-23.6516	15.2377	-23.6516	15.2377
-23.8365	15.2357	-23.8365	15.2357
-24.0844	15.2325	-24.0844	15.2325
-24.2706	15.23	-24.2706	15.23
-24.4576	15.2272	-24.4576	15.2272
-24.6452	15.2244	-24.6452	15.2244
-24.8333	15.2215	-24.8333	15.2215
-25.0222	15.218	-25.0222	15.218
-25.2114	15.2141	-25.2114	15.2141
-25.401	15.2097	-25.401	15.2097
-25.6548	15.2028	-25.6548	15.2028
-25.8457	15.1966	-25.8457	15.1966
-26.037	15.19	-26.037	15.19
-26.2289	15.1832	-26.2289	15.1832
-26.4214	15.176	-26.4214	15.176
-26.6149	15.169	-26.6149	15.169
-26.8091	15.1621	-26.8091	15.1621
-27.0037	15.1551	-27.0037	15.1551
-27.2641	15.1459	-27.2641	15.1459
-27.46	15.1387	-27.46	15.1387
-27.6563	15.1306	-27.6563	15.1306
-27.853	15.122	-27.853	15.122
-28.0503	15.1131	-28.0503	15.1131
-28.2481	15.1037	-28.2481	15.1037
-28.4466	15.094	-28.4466	15.094
-28.6457	15.0839	-28.6457	15.0839
-28.9119	15.0701	-28.9119	15.0701
-29.1116	15.0595	-29.1116	15.0595
-29.3117	15.0487	-29.3117	15.0487
-29.5126	15.0376	-29.5126	15.0376
-29.7138	15.0263	-29.7138	15.0263
-29.9155	15.0148	-29.9155	15.0148
-30.1179	15.0031	-30.1179	15.0031
-30.3207	14.9912	-30.3207	14.9912
-30.5928	14.9753	-30.5928	14.9753
-30.7975	14.9632	-30.7975	14.9632
-31.0027	14.9504	-31.0027	14.9504
-31.2083	14.9373	-31.2083	14.9373
-31.4147	14.9237	-31.4147	14.9237
-31.6214	14.9094	-31.6214	14.9094
-31.8286	14.8947	-31.8286	14.8947
-32.0362	14.8798	-32.0362	14.8798
-32.314	14.8596	-32.314	14.8596
-32.5228	14.8444	-32.5228	14.8444
-32.732	14.829	-32.732	14.829
-32.9416	14.8134	-32.9416	14.8134
-33.1507	14.7975	-33.1507	14.7975
-33.3605	14.7813	-33.3605	14.7813
-33.5707	14.7646	-33.5707	14.7646
-33.7814	14.7475	-33.7814	14.7475
-34.0635	14.724	-34.0635	14.724
-34.2752	14.7061	-34.2752	14.7061
-34.4869	14.6879	-34.4869	14.6879
-34.699	14.6694	-34.699	14.6694
-34.9117	14.6506	-34.9117	14.6506
-35.1251	14.6313	-35.1251	14.6313
-35.3389	14.6116	-35.3389	14.6116
-35.5533	14.5913	-35.5533	14.5913
-35.84	14.564	-35.84	14.564
-36.0561	14.5432	-36.0561	14.5432
-36.2728	14.5223	-36.2728	14.5223
-36.4899	14.5016	-36.4899	14.5016
-36.7071	14.4813	-36.7071	14.4813
-36.9247	14.4609	-36.9247	14.4609
-37.1429	14.4402	-37.1429	14.4402
-37.3615	14.4189	-37.3615	14.4189
-37.6533	14.3902	-37.6533	14.3902
-37.8731	14.368	-37.8731	14.368
-38.0934	14.3457	-38.0934	14.3457
-38.3142	14.3233	-38.3142	14.3233
-38.5356	14.3007	-38.5356	14.3007
-38.7573	14.278	-38.7573	14.278
-38.9789	14.255	-38.9789	14.255
-39.2008	14.2319	-39.2008	14.2319
-39.498	14.2004	-39.498	14.2004
-39.7211	14.1766	-39.7211	14.1766
-39.9449	14.1527	-39.9449	14.1527
-40.1693	14.129	-40.1693	14.129
-40.3943	14.1044	-40.3943	14.1044
-40.6197	14.0799	-40.6197	14.0799
-40.8457	14.0553	-40.8457	14.0553
-41.0719	14.0306	-41.0719	14.0306
-41.3745	13.9976	-41.3745	13.9976
-41.6021	13.9729	-41.6021	13.9729
-41.8301	13.948	-41.8301	13.948
-42.0585	13.9229	-42.0585	13.9229
-42.2868	13.8975	-42.2868	13.8975
-42.5157	13.8719	-42.5157	13.8719
-42.7449	13.846	-42.7449	13.846
-42.9746	13.8199	-42.9746	13.8199
-43.2811	13.7839	-43.2811	13.7839
-43.5118	13.7569	-43.5118	13.7569
-43.7429	13.7298	-43.7429	13.7298
-43.9745	13.7028	-43.9745	13.7028
-44.2066	13.6758	-44.2066	13.6758
-44.4392	13.6488	-44.4392	13.6488
-44.6722	13.6216	-44.6722	13.6216
-44.9058	13.5942	-44.9058	13.5942
-45.2181	13.5564	-45.2181	13.5564
-45.4525	13.5275	-45.4525	13.5275
-45.6874	13.4984	-45.6874	13.4984
-45.9226	13.4691	-45.9226	13.4691
-46.1584	13.44	-46.1584	13.44
-46.3947	13.4108	-46.3947	13.4108
-46.6319	13.3817	-46.6319	13.3817
-46.8697	13.3526	-46.8697	13.3526
-47.1874	13.3139	-47.1874	13.3139
-47.4262	13.2844	-47.4262	13.2844
-47.6653	13.2549	-47.6653	13.2549
-47.9048	13.2253	-47.9048	13.2253
-48.145	13.196	-48.145	13.196
-48.3857	13.1667	-48.3857	13.1667
-48.6269	13.1372	-48.6269	13.1372
-48.8685	13.1077	-48.8685	13.1077
-49.1904	13.069	-49.1904	13.069
-49.4326	13.0397	-49.4326	13.0397
-49.6752	13.01	-49.6752	13.01
-49.9181	12.9803	-49.9181	12.9803
-50.1615	12.9504	-50.1615	12.9504
-50.4054	12.9204	-50.4054	12.9204
-50.6497	12.8902	-50.6497	12.8902
-50.8945	12.8602	-50.8945	12.8602
-51.2216	12.8201	-51.2216	12.8201
-51.4674	12.7902	-51.4674	12.7902
-51.7133	12.76	-51.7133	12.76
-51.9597	12.7299	-51.9597	12.7299
-52.2072	12.6997	-52.2072	12.6997
-52.4544	12.6693	-52.4544	12.6693
-52.7024	12.6386	-52.7024	12.6386
-52.9507	12.6076	-52.9507	12.6076
-53.2822	12.5665	-53.2822	12.5665
-53.5313	12.5357	-53.5313	12.5357
-53.7811	12.5049	-53.7811	12.5049
-54.031	12.4741	-54.031	12.4741
-54.2814	12.4431	-54.2814	12.4431
-54.5321	12.4119	-54.5321	12.4119
-54.7835	12.3804	-54.7835	12.3804
-55.0353	12.3488	-55.0353	12.3488
-55.3715	12.3068	-55.3715	12.3068
-55.6243	12.2749	-55.6243	12.2749
-55.8776	12.2432	-55.8776	12.2432
-56.1313	12.2115	-56.1313	12.2115
-56.3853	12.1796	-56.3853	12.1796
-56.6394	12.1473	-56.6394	12.1473
-56.8937	12.1147	-56.8937	12.1147
-57.1481	12.082	-57.1481	12.082
-57.4881	12.0377	-57.4881	12.0377
-57.7434	12.0045	-57.7434	12.0045
-57.9986	11.9712	-57.9986	11.9712
-58.2539	11.938	-58.2539	11.938
-58.5096	11.9049	-58.5096	11.9049
-58.7653	11.8716	-58.7653	11.8716
-59.0209	11.8383	-59.0209	11.8383
-59.2767	11.8048	-59.2767	11.8048
-59.6175	11.7599	-59.6175	11.7599
-59.8732	11.726	-59.8732	11.726
-60.1289	11.6919	-60.1289	11.6919
-60.3848	11.6577	-60.3848	11.6577
-60.6409	11.6237	-60.6409	11.6237
-60.897	11.5897	-60.897	11.5897
-61.1532	11.5556	-61.1532	11.5556
-61.4093	11.5213	-61.4093	11.5213
-61.752	11.477	-61.752	11.477
-62.0086	11.4432	-62.0086	11.4432
-62.2651	11.4093	-62.2651	11.4093
-62.5217	11.3754	-62.5217	11.3754
-62.7782	11.3416	-62.7782	11.3416
-63.0348	11.3078	-63.0348	11.3078
-63.29	11.2738	-63.29	11.2738
-63.5453	11.2398	-63.5453	11.2398
-63.8858	11.194	-63.8858	11.194
-64.141	11.1599	-64.141	11.1599
-64.3966	11.1262	-64.3966	11.1262
-64.6523	11.0929	-64.6523	11.0929
-64.9081	11.0593	-64.9081	11.0593
-65.1638	11.0259	-65.1638	11.0259
-65.4196	10.9925	-65.4196	10.9925
-65.675	10.959	-65.675	10.959
-66.0156	10.9139	-66.0156	10.9139
-66.271	10.8798	-66.271	10.8798
-66.5261	10.8456	-66.5261	10.8456
-66.7811	10.8115	-66.7811	10.8115
-67.0363	10.7779	-67.0363	10.7779
-67.2913	10.7447	-67.2913	10.7447
-67.5463	10.712	-67.5463	10.712
-67.8013	10.6795	-67.8013	10.6795
-68.1409	10.6366	-68.1409	10.6366
-68.3963	10.6041	-68.3963	10.6041
-68.6513	10.5714	-68.6513	10.5714
-68.9063	10.5387	-68.9063	10.5387
-69.1613	10.506	-69.1613	10.506
-69.416	10.4731	-69.416	10.4731
-69.6705	10.4404	-69.6705	10.4404
-69.9249	10.4076	-69.9249	10.4076
-70.264	10.3642	-70.264	10.3642
-70.5186	10.3318	-70.5186	10.3318
-70.773	10.2996	-70.773	10.2996
-71.0273	10.2676	-71.0273	10.2676
-71.2815	10.2354	-71.2815	10.2354
-71.5355	10.2034	-71.5355	10.2034
-71.7895	10.1711	-71.7895	10.1711
-72.0431	10.1388	-72.0431	10.1388
-72.3811	10.0955	-72.3811	10.0955
-72.6347	10.0631	-72.6347	10.0631
-72.8883	10.031	-72.8883	10.031
-73.142	9.99904	-73.142	9.99904
-73.3957	9.96744	-73.3957	9.96744
-73.6491	9.9364	-73.6491	9.9364
-73.9024	9.9054	-73.9024	9.9054
-74.1559	9.87445	-74.1559	9.87445
-74.4941	9.83335	-74.4941	9.83335
-74.7476	9.80241	-74.7476	9.80241
-75.001	9.77159	-75.001	9.77159
-75.2547	9.74097	-75.2547	9.74097
-75.5083	9.71057	-75.5083	9.71057
-75.7618	9.68025	-75.7618	9.68025
-76.0152	9.65011	-76.0152	9.65011
-76.2688	9.62024	-76.2688	9.62024
-76.6065	9.58055	-76.6065	9.58055
-76.86	9.55094	-76.86	9.55094
-77.1135	9.52153	-77.1135	9.52153
-77.3671	9.49225	-77.3671	9.49225
-77.6209	9.46301	-77.6209	9.46301
-77.8746	9.43386	-77.8746	9.43386
-78.1283	9.40464	-78.1283	9.40464
-78.3821	9.37559	-78.3821	9.37559
-78.7198	9.33684	-78.7198	9.33684
-78.9731	9.30798	-78.9731	9.30798
-79.2265	9.27923	-79.2265	9.27923
-79.4801	9.25053	-79.4801	9.25053
-79.7335	9.2219	-79.7335	9.2219
-79.9871	9.19347	-79.9871	9.19347
-80.2409	9.16506	-80.2409	9.16506
-80.4947	9.13699	-80.4947	9.13699
-80.8333	9.09998	-80.8333	9.09998
-81.0873	9.07256	-81.0873	9.07256
-81.3416	9.04523	-81.3416	9.04523
-81.5959	9.01786	-81.5959	9.01786
-81.8502	8.9905	-81.8502	8.9905
-82.1047	8.96313	-82.1047	8.96313
-82.3593	8.93582	-82.3593	8.93582
-82.6141	8.90861	-82.6141	8.90861
-82.9538	8.87256	-82.9538	8.87256
-83.2087	8.84552	-83.2087	8.84552
-83.4636	8.81886	-83.4636	8.81886
-83.7185	8.79196	-83.7185	8.79196
-83.9736	8.76545	-83.9736	8.76545
-84.2288	8.73909	-84.2288	8.73909
-84.4842	8.71313	-84.4842	8.71313
-84.7399	8.68735	-84.7399	8.68735
-85.0809	8.65319	-85.0809	8.65319
-85.3379	8.62712	-85.3379	8.62712
-85.5951	8.60092	-85.5951	8.60092
-85.8523	8.57458	-85.8523	8.57458
-86.1095	8.54852	-86.1095	8.54852
-86.3669	8.52269	-86.3669	8.52269
-86.6244	8.49703	-86.6244	8.49703
-86.8822	8.47158	-86.8822	8.47158
-87.2274	8.4375	-87.2274	8.4375
-87.4858	8.41243	-87.4858	8.41243
-87.7442	8.38741	-87.7442	8.38741
-88.0028	8.36271	-88.0028	8.36271
-88.2615	8.33814	-88.2615	8.33814
-88.5204	8.31395	-88.5204	8.31395
-88.7795	8.28991	-88.7795	8.28991
-89.0385	8.26595	-89.0385	8.26595
-89.384	8.23379	-89.384	8.23379
-89.6433	8.20957	-89.6433	8.20957
-89.9028	8.18528	-89.9028	8.18528
-90.1624	8.16086	-90.1624	8.16086
-90.4224	8.13578	-90.4224	8.13578
-90.6827	8.11088	-90.6827	8.11088
-90.9429	8.08627	-90.9429	8.08627
-91.2032	8.06191	-91.2032	8.06191
-91.5501	8.03001	-91.5501	8.03001
-91.8108	8.00591	-91.8108	8.00591
-92.0715	7.98171	-92.0715	7.98171
-92.3321	7.95742	-92.3321	7.95742
-92.5929	7.933	-92.5929	7.933
-92.8536	7.90845	-92.8536	7.90845
-93.114	7.88366	-93.114	7.88366
-93.3744	7.85882	-93.3744	7.85882
-93.7219	7.82547	-93.7219	7.82547
-93.9828	7.80111	-93.9828	7.80111
-94.2438	7.77706	-94.2438	7.77706
-94.5049	7.75329	-94.5049	7.75329
-94.7663	7.72944	-94.7663	7.72944
-95.0277	7.70573	-95.0277	7.70573
-95.2893	7.68189	-95.2893	7.68189
-95.5509	7.65796	-95.5509	7.65796
-95.8997	7.6262	-95.8997	7.6262
-96.1614	7.60218	-96.1614	7.60218
-96.4232	7.57812	-96.4232	7.57812
-96.6853	7.55427	-96.6853	7.55427
-96.9476	7.53033	-96.9476	7.53033
-97.2098	7.50661	-97.2098	7.50661
-97.4725	7.48283	-97.4725	7.48283
-97.7348	7.45924	-97.7348	7.45924
-98.0848	7.42807	-98.0848	7.42807
-98.3473	7.40468	-98.3473	7.40468
-98.6102	7.38117	-98.6102	7.38117
-98.873	7.35757	-98.873	7.35757
-99.1361	7.33389	-99.1361	7.33389
-99.3988	7.30998	-99.3988	7.30998
-99.6616	7.2862	-99.6616	7.2862
-99.9246	7.26238	-99.9246	7.26238
-100.275	7.2305	-100.275	7.2305
-100.538	7.20692	-100.538	7.20692
-100.802	7.18357	-100.802	7.18357
-101.065	7.16014	-101.065	7.16014
-101.329	7.13692	-101.329	7.13692
-101.592	7.11375	-101.592	7.11375
-101.856	7.09062	-101.856	7.09062
-102.12	7.06751	-102.12	7.06751
-102.472	7.03658	-102.472	7.03658
-102.736	7.01301	-102.736	7.01301
-103	6.98947	-103	6.98947
-103.265	6.96603	-103.265	6.96603
-103.529	6.94257	-103.529	6.94257
-103.794	6.91968	-103.794	6.91968
-104.059	6.89671	-104.059	6.89671
-104.324	6.87406	-104.324	6.87406
-104.677	6.84398	-104.677	6.84398
-104.941	6.82127	-104.941	6.82127
-105.206	6.79858	-105.206	6.79858
-105.471	6.7756	-105.471	6.7756
-105.736	6.75282	-105.736	6.75282
-106.001	6.72996	-106.001	6.72996
-106.266	6.70701	-106.266	6.70701
-106.532	6.68418	-106.532	6.68418
-106.885	6.65331	-106.885	6.65331
-107.151	6.63026	-107.151	6.63026
-107.417	6.60703	-107.417	6.60703
-107.683	6.58394	-107.683	6.58394
-107.949	6.56022	-107.949	6.56022
-108.215	6.53654	-108.215	6.53654
-108.481	6.51296	-108.481	6.51296
-108.747	6.48938	-108.747	6.48938
-109.102	6.45846	-109.102	6.45846
-109.368	6.4348	-109.368	6.4348
-109.635	6.41149	-109.635	6.41149
-109.901	6.38769	-109.901	6.38769
-110.167	6.36384	-110.167	6.36384
-110.433	6.3399	-110.433	6.3399
-110.7	6.31544	-110.7	6.31544
-110.967	6.29107	-110.967	6.29107
-111.324	6.25882	-111.324	6.25882
-111.591	6.23449	-111.591	6.23449
-111.858	6.21011	-111.858	6.21011
-112.125	6.18574	-112.125	6.18574
-112.393	6.16115	-112.393	6.16115
-112.66	6.13652	-112.66	6.13652
-112.927	6.11189	-112.927	6.11189
-113.195	6.08727	-113.195	6.08727
-113.551	6.05331	-113.551	6.05331
-113.817	6.02839	-113.817	6.02839
-114.084	6.00337	-114.084	6.00337
-114.351	5.97831	-114.351	5.97831
-114.618	5.95317	-114.618	5.95317
-114.885	5.92788	-114.885	5.92788
-115.152	5.90234	-115.152	5.90234
-115.42	5.87672	-115.42	5.87672
-115.776	5.84291	-115.776	5.84291
-116.044	5.81721	-116.044	5.81721
-116.311	5.79173	-116.311	5.79173
-116.579	5.76622	-116.579	5.76622
-116.846	5.74113	-116.846	5.74113
-117.113	5.71581	-117.113	5.71581
-117.381	5.69059	-117.381	5.69059
-117.648	5.66506	-117.648	5.66506
-118.005	5.63117	-118.005	5.63117
-118.272	5.60546	-118.272	5.60546
-118.54	5.57976	-118.54	5.57976
-118.807	5.55428	-118.807	5.55428
-119.074	5.52918	-119.074	5.52918
-119.341	5.5039	-119.341	5.5039
-119.608	5.47843	-119.608	5.47843
-119.875	5.45292	-119.875	5.45292
-120.23	5.41859	-120.23	5.41859
-120.497	5.39292	-120.497	5.39292
-120.764	5.36729	-120.764	5.36729
-121.032	5.34153	-121.032	5.34153
-121.299	5.31573	-121.299	5.31573
-121.567	5.2899	-121.567	5.2899
-121.834	5.26392	-121.834	5.26392
-122.101	5.23803	-122.101	5.23803
-122.459	5.20322	-122.459	5.20322
-122.726	5.17703	-122.726	5.17703
-122.994	5.15068	-122.994	5.15068
-123.262	5.12438	-123.262	5.12438
-123.53	5.09797	-123.53	5.09797
-123.798	5.07139	-123.798	5.07139
-124.066	5.04482	-124.066	5.04482
-124.334	5.01856	-124.334	5.01856
-124.691	4.98339	-124.691	4.98339
-124.959	4.95686	-124.959	4.95686
-125.227	4.93049	-125.227	4.93049
-125.495	4.90397	-125.495	4.90397
-125.763	4.87711	-125.763	4.87711
-126.031	4.85002	-126.031	4.85002
-126.299	4.82293	-126.299	4.82293
-126.568	4.79588	-126.568	4.79588
-126.926	4.75944	-126.926	4.75944
-127.194	4.73236	-127.194	4.73236
-127.463	4.70518	-127.463	4.70518
-127.731	4.67839	-127.731	4.67839
-127.999	4.65155	-127.999	4.65155
-128.267	4.6248	-128.267	4.6248
-128.535	4.59806	-128.535	4.59806
-128.803	4.57126	-128.803	4.57126
-129.161	4.53536	-129.161	4.53536
-129.429	4.50831	-129.429	4.50831
-129.696	4.48117	-129.696	4.48117
-129.963	4.45406	-129.963	4.45406
-130.232	4.42707	-130.232	4.42707
-130.5	4.40004	-130.5	4.40004
-130.769	4.37295	-130.769	4.37295
-131.038	4.34588	-131.038	4.34588
-131.396	4.30947	-131.396	4.30947
-131.665	4.28194	-131.665	4.28194
-131.933	4.25423	-131.933	4.25423
-132.202	4.22613	-132.202	4.22613
-132.471	4.19784	-132.471	4.19784
-132.739	4.16923	-132.739	4.16923
-133.008	4.14032	-133.008	4.14032
-133.277	4.11149	-133.277	4.11149
-133.635	4.07294	-133.635	4.07294
-133.904	4.04371	-133.904	4.04371
-134.173	4.01417	-134.173	4.01417
-134.441	3.98404	-134.441	3.98404
-134.71	3.95364	-134.71	3.95364
-134.978	3.9228	-134.978	3.9228
-135.247	3.89178	-135.247	3.89178
-135.516	3.86041	-135.516	3.86041
-135.874	3.81849	-135.874	3.81849
-136.143	3.78676	-136.143	3.78676
-136.412	3.75489	-136.412	3.75489
-136.68	3.7228	-136.68	3.7228
-136.949	3.69027	-136.949	3.69027
-137.218	3.65759	-137.218	3.65759
-137.487	3.62461	-137.487	3.62461
-137.755	3.59124	-137.755	3.59124
-138.113	3.54645	-138.113	3.54645
-138.381	3.51249	-138.381	3.51249
-138.65	3.47749	-138.65	3.47749
-138.919	3.4424	-138.919	3.4424
-139.187	3.4069	-139.187	3.4069
-139.456	3.37135	-139.456	3.37135
-139.724	3.33571	-139.724	3.33571
-139.993	3.29976	-139.993	3.29976
-140.351	3.2514	-140.351	3.2514
-140.62	3.21514	-140.62	3.21514
-140.889	3.17839	-140.889	3.17839
-141.158	3.14152	-141.158	3.14152
-141.427	3.10465	-141.427	3.10465
-141.695	3.06785	-141.695	3.06785
-141.963	3.03076	-141.963	3.03076
-142.232	2.99381	-142.232	2.99381
-142.589	2.94491	-142.589	2.94491
-142.857	2.90805	-142.857	2.90805
-143.126	2.87101	-143.126	2.87101
-143.394	2.83388	-143.394	2.83388
-143.662	2.79628	-143.662	2.79628
-143.929	2.75841	-143.929	2.75841
-144.197	2.72083	-144.197	2.72083
-144.465	2.68315	-144.465	2.68315
-144.823	2.63367	-144.823	2.63367
-145.091	2.59639	-145.091	2.59639
-145.359	2.5594	-145.359	2.5594
-145.627	2.52238	-145.627	2.52238
-145.895	2.48523	-145.895	2.48523
-146.162	2.44816	-146.162	2.44816
-146.43	2.41142	-146.43	2.41142
-146.698	2.37473	-146.698	2.37473
-147.056	2.32482	-147.056	2.32482
-147.325	2.28791	-147.325	2.28791
-147.594	2.25107	-147.594	2.25107
-147.863	2.21406	-147.863	2.21406
-148.132	2.17687	-148.132	2.17687
-148.401	2.13955	-148.401	2.13955
-148.669	2.10234	-148.669	2.10234
-148.938	2.06543	-148.938	2.06543
-149.296	2.01708	-149.296	2.01708
-149.564	1.98125	-149.564	1.98125
-149.832	1.9456	-149.832	1.9456
-150.101	1.91007	-150.101	1.91007
-150.369	1.87465	-150.369	1.87465
-150.637	1.83932	-150.637	1.83932
-150.905	1.80387	-150.905	1.80387
-151.173	1.76813	-151.173	1.76813
-151.53	1.72109	-151.53	1.72109
-151.797	1.68587	-151.797	1.68587
-152.065	1.6511	-152.065	1.6511
-152.332	1.61685	-152.332	1.61685
-152.599	1.58313	-152.599	1.58313
-152.867	1.54952	-152.867	1.54952
-153.135	1.51608	-153.135	1.51608
-153.403	1.48258	-153.403	1.48258
-153.758	1.43754	-153.758	1.43754
-154.025	1.40414	-154.025	1.40414
-154.291	1.37115	-154.291	1.37115
-154.556	1.33859	-154.556	1.33859
-154.822	1.30621	-154.822	1.30621
-155.087	1.27419	-155.087	1.27419
-155.352	1.24264	-155.352	1.24264
-155.617	1.21124	-155.617	1.21124
-155.969	1.17024	-155.969	1.17024
-156.233	1.13955	-156.233	1.13955
-156.497	1.10918	-156.497	1.10918
-156.761	1.07898	-156.761	1.07898
-157.024	1.04886	-157.024	1.04886
-157.287	1.01881	-157.287	1.01881
-157.549	0.988838	-157.549	0.988838
-157.811	0.958697	-157.811	0.958697
-158.16	0.918884	-158.16	0.918884
-158.421	0.889286	-158.421	0.889286
-158.682	0.860059	-158.682	0.860059
-158.943	0.831194	-158.943	0.831194
-159.203	0.802956	-159.203	0.802956
-159.463	0.774831	-159.463	0.774831
-159.723	0.747056	-159.723	0.747056
-159.982	0.718682	-159.982	0.718682
-160.326	0.6807	-160.326	0.6807
-160.584	0.652371	-160.584	0.652371
-160.841	0.624287	-160.841	0.624287
-161.097	0.59641	-161.097	0.59641
-161.354	0.568997	-161.354	0.568997
-161.61	0.542409	-161.61	0.542409
-161.866	0.516229	-161.866	0.516229
-162.122	0.490421	-162.122	0.490421
-162.462	0.456551	-162.462	0.456551
-162.717	0.430817	-162.717	0.430817
-162.972	0.405125	-162.972	0.405125
-163.225	0.380135	-163.225	0.380135
-163.479	0.35482	-163.479	0.35482
-163.731	0.329751	-163.731	0.329751
-163.984	0.304662	-163.984	0.304662
-164.236	0.280314	-164.236	0.280314
-164.572	0.247928	-164.572	0.247928
-164.823	0.224187	-164.823	0.224187
-165.074	0.200948	-165.074	0.200948
-165.325	0.17772	-165.325	0.17772
-165.575	0.154525	-165.575	0.154525
-165.824	0.131319	-165.824	0.131319
-166.073	0.107987	-166.073	0.107987
-166.404	0.0768815	-166.404	0.0768815
-166.653	0.0531296	-166.653	0.0531296
-166.901	0.0293955	-166.901	0.0293955
-167.149	0.00582981	-167.149	0.00582981
-167.396	-0.0174994	-167.396	-0.0174994
-167.644	-0.0405627	-167.644	-0.0405627
-167.89	-0.0632466	-167.89	-0.0632466
-168.137	-0.0858345	-168.137	-0.0858345
-168.464	-0.115758	-168.464	-0.115758
-168.71	-0.138229	-168.71	-0.138229
-168.955	-0.16086	-168.955	-0.16086
-169.198	-0.183504	-169.198	-0.183504
-169.442	-0.206275	-169.442	-0.206275
-169.685	-0.228725	-169.685	-0.228725
-169.928	-0.250825	-169.928	-0.250825
-170.17	-0.272568	-170.17	-0.272568
-170.493	-0.301434	-170.493	-0.301434
-170.734	-0.322901	-170.734	-0.322901
-170.974	-0.344342	-170.974	-0.344342
-171.215	-0.365761	-171.215	-0.365761
-171.455	-0.387243	-171.455	-0.387243
-171.693	-0.408427	-171.693	-0.408427
-171.931	-0.429598	-171.931	-0.429598
-172.169	-0.450453	-172.169	-0.450453
-172.406	-0.471305	-172.406	-0.471305
-172.721	-0.498631	-172.721	-0.498631
-172.957	-0.519171	-172.957	-0.519171
-173.193	-0.539788	-173.193	-0.539788
-173.428	-0.560226	-173.428	-0.560226
-173.663	-0.580479	-173.663	-0.580479
-173.898	-0.600638	-173.898	-0.600638
-174.132	-0.620674	-174.132	-0.620674
-174.365	-0.640649	-174.365	-0.640649
-174.674	-0.66697	-174.674	-0.66697
-174.905	-0.686548	-174.905	-0.686548
-175.135	-0.706162	-175.135	-0.706162
-175.365	-0.725758	-175.365	-0.725758
-175.594	-0.745083	-175.594	-0.745083
-175.822	-0.764195	-175.822	-0.764195
-176.049	-0.782987	-176.049	-0.782987
-176.351	-0.807778	-176.351	-0.807778
-176.576	-0.826054	-176.576	-0.826054
-176.799	-0.844193	-176.799	-0.844193
-177.022	-0.862352	-177.022	-0.862352
-177.244	-0.880698	-177.244	-0.880698
-177.465	-0.899242	-177.465	-0.899242
-177.685	-0.918062	-177.685	-0.918062
-177.905	-0.936892	-177.905	-0.936892
-178.123	-0.95547	-178.123	-0.95547
-178.412	-0.97993	-178.412	-0.97993
-178.629	-0.99758	-178.629	-0.99758
-178.845	-1.01505	-178.845	-1.01505
-179.059	-1.03236	-179.059	-1.03236
-179.273	-1.04976	-179.273	-1.04976
-179.487	-1.06729	-179.487	-1.06729
-179.699	-1.08477	-179.699	-1.08477
-179.981	-1.10826	-179.981	-1.10826
-180.191	-1.1259	-180.191	-1.1259
-180.4	-1.14342	-180.4	-1.14342
-180.608	-1.1604	-180.608	-1.1604
-180.815	-1.17709	-180.815	-1.17709
-181.022	-1.19387	-181.022	-1.19387
-181.228	-1.21057	-181.228	-1.21057
-181.434	-1.22736	-181.434	-1.22736
-181.707	-1.24963	-181.707	-1.24963
-181.912	-1.26674	-181.912	-1.26674
-182.115	-1.28368	-182.115	-1.28368
-182.319	-1.30072	-182.319	-1.30072
-182.521	-1.31756	-182.521	-1.31756
-182.723	-1.33436	-182.723	-1.33436
-182.924	-1.35126	-182.924	-1.35126
-183.124	-1.36862	-183.124	-1.36862
-183.391	-1.39231	-183.391	-1.39231
-183.59	-1.40965	-183.59	-1.40965
-183.789	-1.42688	-183.789	-1.42688
-183.986	-1.44412	-183.986	-1.44412
-184.183	-1.46169	-184.183	-1.46169
-184.379	-1.47923	-184.379	-1.47923
-184.575	-1.49677	-184.575	-1.49677
-184.769	-1.51438	-184.769	-1.51438
-185.028	-1.53765	-185.028	-1.53765
-185.22	-1.55413	-185.22	-1.55413
-185.412	-1.57072	-185.412	-1.57072
-185.603	-1.58706	-185.603	-1.58706
-185.793	-1.60319	-185.793	-1.60319
-185.982	-1.61893	-185.982	-1.61893
-186.171	-1.63441	-186.171	-1.63441
-186.36	-1.64977	-186.36	-1.64977
-186.611	-1.67031	-186.611	-1.67031
-186.798	-1.68615	-186.798	-1.68615
-186.985	-1.70273	-186.985	-1.70273
-187.171	-1.71983	-187.171	-1.71983
-187.357	-1.73748	-187.357	-1.73748
-187.541	-1.75526	-187.541	-1.75526
-187.724	-1.77329	-187.724	-1.77329
-187.907	-1.79138	-187.907	-1.79138
-188.15	-1.81515	-188.15	-1.81515
-188.331	-1.83294	-188.331	-1.83294
-188.512	-1.85069	-188.512	-1.85069
-188.692	-1.86845	-188.692	-1.86845
-188.872	-1.88677	-188.872	-1.88677
-189.05	-1.90583	-189.05	-1.90583
-189.228	-1.92574	-189.228	-1.92574
-189.405	-1.94655	-189.405	-1.94655
-189.639	-1.9758	-189.639	-1.9758
-189.813	-1.99865	-189.813	-1.99865
-189.986	-2.02182	-189.986	-2.02182
-190.159	-2.04532	-190.159	-2.04532
-190.331	-2.06896	-190.331	-2.06896
-190.503	-2.09227	-190.503	-2.09227
-190.675	-2.11576	-190.675	-2.11576
-190.846	-2.13933	-190.846	-2.13933
-191.073	-2.17069	-191.073	-2.17069
-191.243	-2.19493	-191.243	-2.19493
-191.412	-2.21985	-191.412	-2.21985
-191.58	-2.24501	-191.58	-2.24501
-191.747	-2.2708	-191.747	-2.2708
-191.913	-2.29696	-191.913	-2.29696
-192.079	-2.32322	-192.079	-2.32322
-192.244	-2.3497	-192.244	-2.3497
-192.463	-2.3855	-192.463	-2.3855
-192.626	-2.41251	-192.626	-2.41251
-192.788	-2.44072	-192.788	-2.44072
-192.95	-2.46894	-192.95	-2.46894
-193.11	-2.49765	-193.11	-2.49765
-193.27	-2.52653	-193.27	-2.52653
-193.429	-2.55557	-193.429	-2.55557
-193.587	-2.58489	-193.587	-2.58489
-193.797	-2.6242	-193.797	-2.6242
-193.955	-2.65561	-193.955	-2.65561
-194.112	-2.68704	-194.112	-2.68704
-194.268	-2.71884	-194.268	-2.71884
-194.424	-2.75096	-194.424	-2.75096
-194.579	-2.78317	-194.579	-2.78317
-194.733	-2.81593	-194.733	-2.81593
-194.886	-2.84876	-194.886	-2.84876
-195.09	-2.89228	-195.09	-2.89228
-195.242	-2.92534	-195.242	-2.92534
-195.393	-2.95862	-195.393	-2.95862
-195.544	-2.99183	-195.544	-2.99183
-195.694	-3.02536	-195.694	-3.02536
-195.845	-3.05841	-195.845	-3.05841
-195.995	-3.09184	-195.995	-3.09184
-196.144	-3.12568	-196.144	-3.12568
-196.342	-3.17214	-196.342	-3.17214
-196.489	-3.20703	-196.489	-3.20703
-196.636	-3.24234	-196.636	-3.24234
-196.782	-3.2781	-196.782	-3.2781
-196.927	-3.31431	-196.927	-3.31431
-197.072	-3.35125	-197.072	-3.35125
-197.216	-3.38876	-197.216	-3.38876
-197.359	-3.42686	-197.359	-3.42686
-197.548	-3.47846	-197.548	-3.47846
-197.689	-3.51782	-197.689	-3.51782
-197.828	-3.55685	-197.828	-3.55685
-197.966	-3.59633	-197.966	-3.59633
-198.103	-3.6361	-198.103	-3.6361
-198.24	-3.6766	-198.24	-3.6766
-198.376	-3.71768	-198.376	-3.71768
-198.512	-3.75941	-198.512	-3.75941
-198.692	-3.81597	-198.692	-3.81597
-198.826	-3.86012	-198.826	-3.86012
-198.96	-3.90482	-198.96	-3.90482
-199.092	-3.94992	-199.092	-3.94992
-199.224	-3.9955	-199.224	-3.9955
-199.355	-4.04155	-199.355	-4.04155
-199.486	-4.08786	-199.486	-4.08786
-199.617	-4.13501	-199.617	-4.13501
-199.791	-4.1996	-199.791	-4.1996
-199.922	-4.24804	-199.922	-4.24804
-200.052	-4.29692	-200.052	-4.29692
-200.181	-4.34629	-200.181	-4.34629
-200.31	-4.39609	-200.31	-4.39609
-200.439	-4.44735	-200.439	-4.44735
-200.568	-4.499	-200.568	-4.499
-200.696	-4.55149	-200.696	-4.55149
-200.865	-4.62232	-200.865	-4.62232
-200.991	-4.67671	-200.991	-4.67671
-201.117	-4.73182	-201.117	-4.73182
-201.242	-4.78737	-201.242	-4.78737
-201.366	-4.84354	-201.366	-4.84354
-201.489	-4.90019	-201.489	-4.90019
-201.612	-4.95738	-201.612	-4.95738
-201.734	-5.01524	-201.734	-5.01524
-201.896	-5.09283	-201.896	-5.09283
-202.016	-5.15179	-202.016	-5.15179
-202.137	-5.21081	-202.137	-5.21081
-202.258	-5.2695	-202.258	-5.2695
-202.379	-5.32801	-202.379	-5.32801
-202.499	-5.38641	-202.499	-5.38641
-202.62	-5.44494	-202.62	-5.44494
-202.74	-5.50438	-202.74	-5.50438
-202.899	-5.58569	-202.899	-5.58569
-203.017	-5.64788	-203.017	-5.64788
-203.134	-5.71154	-203.134	-5.71154
-203.249	-5.77639	-203.249	-5.77639
-203.363	-5.84234	-203.363	-5.84234
-203.477	-5.90888	-203.477	-5.90888
-203.589	-5.97577	-203.589	-5.97577
-203.701	-6.04368	-203.701	-6.04368
-203.85	-6.13453	-203.85	-6.13453
-203.962	-6.20344	-203.962	-6.20344
-204.073	-6.27264	-204.073	-6.27264
-204.184	-6.34209	-204.184	-6.34209
-204.295	-6.41166	-204.295	-6.41166
-204.405	-6.48135	-204.405	-6.48135
-204.514	-6.55094	-204.514	-6.55094
-204.623	-6.62087	-204.623	-6.62087
-204.767	-6.71471	-204.767	-6.71471
-204.874	-6.78637	-204.874	-6.78637
-204.981	-6.85915	-204.981	-6.85915
-205.086	-6.93319	-205.086	-6.93319
-205.19	-7.00796	-205.19	-7.00796
-205.293	-7.08368	-205.293	-7.08368
-205.395	-7.15979	-205.395	-7.15979
-205.496	-7.23647	-205.496	-7.23647
-205.629	-7.33943	-205.629	-7.33943
-205.729	-7.41684	-205.729	-7.41684
-205.827	-7.49497	-205.827	-7.49497
-205.925	-7.57341	-205.925	-7.57341
-206.022	-7.65226	-206.022	-7.65226
-206.118	-7.73145	-206.118	-7.73145
-206.214	-7.8108	-206.214	-7.8108
-206.308	-7.89029	-206.308	-7.89029
-206.431	-7.99724	-206.431	-7.99724
-206.522	-8.07779	-206.522	-8.07779
-206.612	-8.1589	-206.612	-8.1589
-206.7	-8.24044	-206.7	-8.24044
-206.787	-8.32242	-206.787	-8.32242
-206.873	-8.4048	-206.873	-8.4048
-206.957	-8.48726	-206.957	-8.48726
-207.041	-8.56987	-207.041	-8.56987
-207.152	-8.67976	-207.152	-8.67976
-207.234	-8.76235	-207.234	-8.76235
-207.315	-8.84483	-207.315	-8.84483
-207.395	-8.92768	-207.395	-8.92768
-207.475	-9.01067	-207.475	-9.01067
-207.553	-9.09351	-207.553	-9.09351
-207.63	-9.17669	-207.63	-9.17669
-207.706	-9.26029	-207.706	-9.26029
-207.804	-9.37244	-207.804	-9.37244
-207.877	-9.45732	-207.877	-9.45732
-207.948	-9.54267	-207.948	-9.54267
-208.019	-9.62834	-208.019	-9.62834
-208.088	-9.71432	-208.088	-9.71432
-208.156	-9.80045	-208.156	-9.80045
-208.223	-9.88658	-208.223	-9.88658
-208.29	-9.97298	-208.29	-9.97298
-208.376	-10.0888	-208.376	-10.0888
-208.44	-10.176	-208.44	-10.176
-208.503	-10.2634	-208.503	-10.2634
-208.565	-10.3509	-208.565	-10.3509
-208.626	-10.4388	-208.626	-10.4388
-208.686	-10.5266	-208.686	-10.5266
-208.745	-10.6145	-208.745	-10.6145
-208.802	-10.7026	-208.802	-10.7026
-208.879	-10.8203	-208.879	-10.8203
-208.934	-10.9088	-208.934	-10.9088
-208.989	-10.9978	-208.989	-10.9978
-209.044	-11.0872	-209.044	-11.0872
-209.097	-11.1771	-209.097	-11.1771
-209.15	-11.2676	-209.15	-11.2676
-209.202	-11.3586	-209.202	-11.3586
-209.253	-11.4499	-209.253	-11.4499
-209.319	-11.5717	-209.319	-11.5717
-209.367	-11.6638	-209.367	-11.6638
-209.414	-11.7561	-209.414	-11.7561
-209.461	-11.8489	-209.461	-11.8489
-209.507	-11.9422	-209.507	-11.9422
-209.551	-12.0357	-209.551	-12.0357
-209.596	-12.1295	-209.596	-12.1295
-209.639	-12.2236	-209.639	-12.2236
-209.696	-12.3497	-209.696	-12.3497
-209.737	-12.4443	-209.737	-12.4443
-209.779	-12.5392	-209.779	-12.5392
-209.819	-12.6345	-209.819	-12.6345
-209.86	-12.7299	-209.86	-12.7299
-209.899	-12.8256	-209.899	-12.8256
-209.938	-12.9215	-209.938	-12.9215
-209.977	-13.0176	-209.977	-13.0176
-210.027	-13.146	-210.027	-13.146
-210.064	-13.2423	-210.064	-13.2423
-210.1	-13.3388	-210.1	-13.3388
-210.135	-13.4354	-210.135	-13.4354
-210.17	-13.5323	-210.17	-13.5323
-210.204	-13.6295	-210.204	-13.6295
-210.237	-13.727	-210.237	-13.727
-210.27	-13.8247	-210.27	-13.8247
-210.312	-13.9549	-210.312	-13.9549
-210.342	-14.0529	-210.342	-14.0529
-210.372	-14.151	-210.372	-14.151
-210.401	-14.2491	-210.401	-14.2491
-210.43	-14.3474	-210.43	-14.3474
-210.457	-14.4458	-210.457	-14.4458
-210.484	-14.5444	-210.484	-14.5444
-210.511	-14.6429	-210.511	-14.6429
-210.546	-14.7746	-210.546	-14.7746
-210.571	-14.8734	-210.571	-14.8734
-210.595	-14.9723	-210.595	-14.9723
-210.618	-15.0712	-210.618	-15.0712
-210.641	-15.1702	-210.641	-15.1702
-210.664	-15.2694	-210.664	-15.2694
-210.685	-15.3685	-210.685	-15.3685
-210.706	-15.4679	-210.706	-15.4679
-210.733	-15.6008	-210.733	-15.6008
-210.752	-15.7009	-210.752	-15.7009
-210.771	-15.8012	-210.771	-15.8012
-210.79	-15.902	-210.79	-15.902
-210.808	-16.0029	-210.808	-16.0029
-210.826	-16.1042	-210.826	-16.1042
-210.844	-16.2058	-210.844	-16.2058
-210.861	-16.3078	-210.861	-16.3078
-210.883	-16.4442	-210.883	-16.4442
-210.899	-16.5472	-210.899	-16.5472
-210.915	-16.6502	-210.915	-16.6502
-210.93	-16.7534	-210.93	-16.7534
-210.945	-16.8568	-210.945	-16.8568
-210.961	-16.9604	-210.961	-16.9604
-210.976	-17.0641	-210.976	-17.0641
-210.991	-17.1681	-210.991	-17.1681
-211.009	-17.3072	-211.009	-17.3072
-211.023	-17.4117	-211.023	-17.4117
-211.036	-17.5162	-211.036	-17.5162
-211.048	-17.6209	-211.048	-17.6209
-211.059	-17.7259	-211.059	-17.7259
-211.07	-17.831	-211.07	-17.831
-211.08	-17.9361	-211.08	-17.9361
-211.09	-18.0415	-211.09	-18.0415
-211.102	-18.1825	-211.102	-18.1825
-211.112	-18.2883	-211.112	-18.2883
-211.123	-18.3944	-211.123	-18.3944
-211.133	-18.5005	-211.133	-18.5005
-211.144	-18.6068	-211.144	-18.6068
-211.155	-18.7134	-211.155	-18.7134
-211.165	-18.8202	-211.165	-18.8202
-211.175	-18.9272	-211.175	-18.9272
-211.187	-19.0704	-211.187	-19.0704
-211.196	-19.1781	-211.196	-19.1781
-211.205	-19.2859	-211.205	-19.2859
-211.214	-19.3941	-211.214	-19.3941
-211.222	-19.5027	-211.222	-19.5027
-211.231	-19.6116	-211.231	-19.6116
-211.24	-19.7208	-211.24	-19.7208
-211.248	-19.8303	-211.248	-19.8303
-211.258	-19.977	-211.258	-19.977
-211.266	-20.0875	-211.266	-20.0875
-211.273	-20.1982	-211.273	-20.1982
-211.28	-20.3091	-211.28	-20.3091
-211.287	-20.4205	-211.287	-20.4205
-211.293	-20.5322	-211.293	-20.5322
-211.3	-20.6442	-211.3	-20.6442
-211.306	-20.7566	-211.306	-20.7566
-211.314	-20.9071	-211.314	-20.9071
-211.32	-21.0204	-211.32	-21.0204
-211.326	-21.1341	-211.326	-21.1341
-211.331	-21.2483	-211.331	-21.2483
-211.337	-21.363	-211.337	-21.363
-211.342	-21.4781	-211.342	-21.4781
-211.347	-21.5936	-211.347	-21.5936
-211.353	-21.7101	-211.353	-21.7101
-211.36	-21.8662	-211.36	-21.8662
-211.365	-21.9837	-211.365	-21.9837
-211.37	-22.1016	-211.37	-22.1016
-211.375	-22.2201	-211.375	-22.2201
-211.379	-22.3388	-211.379	-22.3388
-211.383	-22.4581	-211.383	-22.4581
-211.387	-22.5776	-211.387	-22.5776
-211.392	-22.6976	-211.392	-22.6976
-211.397	-22.8585	-211.397	-22.8585
-211.401	-22.9795	-211.401	-22.9795
-211.405	-23.101	-211.405	-23.101
-211.409	-23.223	-211.409	-23.223
-211.413	-23.3455	-211.413	-23.3455
-211.417	-23.4684	-211.417	-23.4684
-211.42	-23.5917	-211.42	-23.5917
-211.423	-23.7154	-211.423	-23.7154
-211.427	-23.881	-211.427	-23.881
-211.43	-24.0059	-211.43	-24.0059
-211.433	-24.1311	-211.433	-24.1311
-211.436	-24.257	-211.436	-24.257
-211.438	-24.3834	-211.438	-24.3834
-211.441	-24.5103	-211.441	-24.5103
-211.443	-24.6376	-211.443	-24.6376
-211.445	-24.7653	-211.445	-24.7653
-211.447	-24.9367	-211.447	-24.9367
-211.448	-25.066	-211.448	-25.066
-211.45	-25.1958	-211.45	-25.1958
-211.451	-25.3263	-211.451	-25.3263
-211.452	-25.4573	-211.452	-25.4573
-211.453	-25.5887	-211.453	-25.5887
-211.453	-25.7201	-211.453	-25.7201
-211.453	-25.852	-211.453	-25.852
-211.452	-26.0288	-211.452	-26.0288
-211.451	-26.1621	-211.451	-26.1621
-211.45	-26.2958	-211.45	-26.2958
-211.449	-26.4302	-211.449	-26.4302
-211.448	-26.565	-211.448	-26.565
-211.447	-26.6997	-211.447	-26.6997
-211.445	-26.8351	-211.445	-26.8351
-211.444	-26.971	-211.444	-26.971
-211.442	-27.1529	-211.442	-27.1529
-211.44	-27.2906	-211.44	-27.2906
-211.439	-27.4286	-211.439	-27.4286
-211.436	-27.5672	-211.436	-27.5672
-211.434	-27.7065	-211.434	-27.7065
-211.432	-27.8465	-211.432	-27.8465
-211.429	-27.9869	-211.429	-27.9869
-211.427	-28.128	-211.427	-28.128
-211.424	-28.3168	-211.424	-28.3168
-211.422	-28.459	-211.422	-28.459
-211.42	-28.6017	-211.42	-28.6017
-211.417	-28.7449	-211.417	-28.7449
-211.414	-28.8889	-211.414	-28.8889
-211.411	-29.0334	-211.411	-29.0334
-211.408	-29.1786	-211.408	-29.1786
-211.405	-29.3243	-211.405	-29.3243
-211.4	-29.5199	-211.4	-29.5199
-211.396	-29.6671	-211.396	-29.6671
-211.389	-29.8643	-211.389	-29.8643
-211.384	-30.013	-211.384	-30.013
-211.376	-30.2123	-211.376	-30.2123
-211.371	-30.3625	-211.371	-30.3625
-211.363	-30.5638	-211.363	-30.5638
-211.354	-30.816	-211.354	-30.816
-211.351	-30.9179	-211.351	-30.9179
-211.346	-31.0709	-211.346	-31.0709
-211.341	-31.2245	-211.341	-31.2245
-211.336	-31.3788	-211.336	-31.3788
-211.331	-31.5341	-211.331	-31.5341
-211.326	-31.6901	-211.326	-31.6901
-211.321	-31.8468	-211.321	-31.8468
-211.314	-32.057	-211.314	-32.057
-211.309	-32.2156	-211.309	-32.2156
-211.304	-32.3748	-211.304	-32.3748
-211.298	-32.5884	-211.298	-32.5884
-211.292	-32.7493	-211.292	-32.7493
-211.286	-32.9109	-211.286	-32.9109
-211.281	-33.073	-211.281	-33.073
-211.274	-33.236	-211.274	-33.236
-211.268	-33.3997	-211.268	-33.3997
-211.263	-33.5638	-211.263	-33.5638
-211.257	-33.7297	-211.257	-33.7297
-211.249	-33.9517	-211.249	-33.9517
-211.243	-34.119	-211.243	-34.119
-211.238	-34.2871	-211.238	-34.2871
-211.233	-34.4545	-211.233	-34.4545
-211.227	-34.6226	-211.227	-34.6226
-211.222	-34.7918	-211.222	-34.7918
-211.217	-34.9614	-211.217	-34.9614
-211.211	-35.1318	-211.211	-35.1318
-211.203	-35.36	-211.203	-35.36
-211.196	-35.5323	-211.196	-35.5323
-211.19	-35.7051	-211.19	-35.7051
-211.183	-35.879	-211.183	-35.879
-211.176	-36.0536	-211.176	-36.0536
-211.17	-36.229	-211.17	-36.229
-211.164	-36.405	-211.164	-36.405
-211.158	-36.5819	-211.158	-36.5819
-211.15	-36.819	-211.15	-36.819
-211.144	-36.9974	-211.144	-36.9974
-211.138	-37.1767	-211.138	-37.1767
-211.131	-37.3562	-211.131	-37.3562
-211.125	-37.5365	-211.125	-37.5365
-211.118	-37.7174	-211.118	-37.7174
-211.112	-37.899	-211.112	-37.899
-211.106	-38.0812	-211.106	-38.0812
-211.099	-38.3252	-211.099	-38.3252
-211.093	-38.509	-211.093	-38.509
-211.086	-38.6939	-211.086	-38.6939
-211.08	-38.8792	-211.08	-38.8792
-211.074	-39.0651	-211.074	-39.0651
-211.067	-39.2518	-211.067	-39.2518
-211.061	-39.4394	-211.061	-39.4394
-211.054	-39.6276	-211.054	-39.6276
-211.047	-39.8802	-211.047	-39.8802
-211.042	-40.0704	-211.042	-40.0704
-211.036	-40.2615	-211.036	-40.2615
-211.03	-40.4532	-211.03	-40.4532
-211.025	-40.6458	-211.025	-40.6458
-211.019	-40.8392	-211.019	-40.8392
-211.012	-41.0326	-211.012	-41.0326
-211.006	-41.2268	-211.006	-41.2268
-210.997	-41.4876	-210.997	-41.4876
-210.991	-41.6837	-210.991	-41.6837
-210.985	-41.8804	-210.985	-41.8804
-210.979	-42.0776	-210.979	-42.0776
-210.973	-42.2748	-210.973	-42.2748
-210.967	-42.4724	-210.967	-42.4724
-210.961	-42.6708	-210.961	-42.6708
-210.955	-42.87	-210.955	-42.87
-210.947	-43.1372	-210.947	-43.1372
-210.94	-43.3383	-210.94	-43.3383
-210.934	-43.5398	-210.934	-43.5398
-210.928	-43.7419	-210.928	-43.7419
-210.921	-43.9448	-210.921	-43.9448
-210.915	-44.1481	-210.915	-44.1481
-210.908	-44.352	-210.908	-44.352
-210.902	-44.5567	-210.902	-44.5567
-210.893	-44.8297	-210.893	-44.8297
-210.886	-45.0363	-210.886	-45.0363
-210.88	-45.2437	-210.88	-45.2437
-210.874	-45.4519	-210.874	-45.4519
-210.867	-45.6606	-210.867	-45.6606
-210.86	-45.8701	-210.86	-45.8701
-210.854	-46.0801	-210.854	-46.0801
-210.848	-46.2907	-210.848	-46.2907
-210.839	-46.5731	-210.839	-46.5731
-210.833	-46.7855	-210.833	-46.7855
-210.827	-46.9985	-210.827	-46.9985
-210.821	-47.2127	-210.821	-47.2127
-210.815	-47.4273	-210.815	-47.4273
-210.809	-47.6427	-210.809	-47.6427
-210.804	-47.8583	-210.804	-47.8583
-210.797	-48.0746	-210.797	-48.0746
-210.789	-48.3645	-210.789	-48.3645
-210.783	-48.5824	-210.783	-48.5824
-210.777	-48.801	-210.777	-48.801
-210.771	-49.0202	-210.771	-49.0202
-210.765	-49.2403	-210.765	-49.2403
-210.759	-49.4611	-210.759	-49.4611
-210.753	-49.6827	-210.753	-49.6827
-210.748	-49.9051	-210.748	-49.9051
-210.74	-50.2015	-210.74	-50.2015
-210.734	-50.4249	-210.734	-50.4249
-210.727	-50.6491	-210.727	-50.6491
-210.72	-50.8739	-210.72	-50.8739
-210.713	-51.0993	-210.713	-51.0993
-210.707	-51.3246	-210.707	-51.3246
-210.701	-51.5501	-210.701	-51.5501
-210.696	-51.776	-210.696	-51.776
-210.688	-52.0776	-210.688	-52.0776
-210.682	-52.3037	-210.682	-52.3037
-210.676	-52.5301	-210.676	-52.5301
-210.669	-52.7566	-210.669	-52.7566
-210.663	-52.9833	-210.663	-52.9833
-210.657	-53.21	-210.657	-53.21
-210.65	-53.4369	-210.65	-53.4369
-210.644	-53.6627	-210.644	-53.6627
-210.637	-53.9644	-210.637	-53.9644
-210.631	-54.1903	-210.631	-54.1903
-210.625	-54.4165	-210.625	-54.4165
-210.62	-54.6428	-210.62	-54.6428
-210.614	-54.8695	-210.614	-54.8695
-210.608	-55.0961	-210.608	-55.0961
-210.603	-55.3228	-210.603	-55.3228
-210.597	-55.5495	-210.597	-55.5495
-210.589	-55.8509	-210.589	-55.8509
-210.584	-56.0776	-210.584	-56.0776
-210.577	-56.3043	-210.577	-56.3043
-210.572	-56.5311	-210.572	-56.5311
-210.566	-56.758	-210.566	-56.758
-210.56	-56.9848	-210.56	-56.9848
-210.554	-57.2115	-210.554	-57.2115
-210.548	-57.4381	-210.548	-57.4381
-210.54	-57.7407	-210.54	-57.7407
-210.533	-57.9674	-210.533	-57.9674
-210.527	-58.1944	-210.527	-58.1944
-210.521	-58.4212	-210.521	-58.4212
-210.516	-58.6476	-210.516	-58.6476
-210.511	-58.8743	-210.511	-58.8743
-210.507	-59.1002	-210.507	-59.1002
-210.503	-59.3264	-210.503	-59.3264
-210.496	-59.6282	-210.496	-59.6282
-210.491	-59.8545	-210.491	-59.8545
-210.486	-60.0806	-210.486	-60.0806
-210.48	-60.3067	-210.48	-60.3067
-210.475	-60.533	-210.475	-60.533
-210.47	-60.7593	-210.47	-60.7593
-210.465	-60.9854	-210.465	-60.9854
-210.46	-61.2117	-210.46	-61.2117
-210.455	-61.5121	-210.455	-61.5121
-210.45	-61.7384	-210.45	-61.7384
-210.446	-61.9647	-210.446	-61.9647
-210.441	-62.191	-210.441	-62.191
-210.436	-62.4173	-210.436	-62.4173
-210.43	-62.6435	-210.43	-62.6435
-210.425	-62.8697	-210.425	-62.8697
-210.42	-63.0959	-210.42	-63.0959
-210.414	-63.398	-210.414	-63.398
-210.409	-63.6244	-210.409	-63.6244
-210.405	-63.8511	-210.405	-63.8511
-210.4	-64.0778	-210.4	-64.0778
-210.396	-64.3044	-210.396	-64.3044
-210.391	-64.5312	-210.391	-64.5312
-210.387	-64.7581	-210.387	-64.7581
-210.383	-64.9849	-210.383	-64.9849
-210.377	-65.2882	-210.377	-65.2882
-210.373	-65.5156	-210.373	-65.5156
-210.369	-65.7431	-210.369	-65.7431
-210.363	-65.9708	-210.363	-65.9708
-210.357	-66.1986	-210.357	-66.1986
-210.352	-66.4266	-210.352	-66.4266
-210.347	-66.6545	-210.347	-66.6545
-210.339	-66.9581	-210.339	-66.9581
-210.334	-67.1862	-210.334	-67.1862
-210.33	-67.4146	-210.33	-67.4146
-210.325	-67.6431	-210.325	-67.6431
-210.32	-67.873	-210.32	-67.873
-210.315	-68.1029	-210.315	-68.1029
-210.31	-68.333	-210.31	-68.333
-210.305	-68.5631	-210.305	-68.5631
-210.3	-68.7932	-210.3	-68.7932
-210.293	-69.0999	-210.293	-69.0999
-210.288	-69.3304	-210.288	-69.3304
-210.283	-69.5611	-210.283	-69.5611
-210.277	-69.7918	-210.277	-69.7918
-210.272	-70.0226	-210.272	-70.0226
-210.266	-70.2537	-210.266	-70.2537
-210.261	-70.4844	-210.261	-70.4844
-210.255	-70.7153	-210.255	-70.7153
-210.248	-71.0232	-210.248	-71.0232
-210.241	-71.2543	-210.241	-71.2543
-210.235	-71.4855	-210.235	-71.4855
-210.228	-71.7168	-210.228	-71.7168
-210.222	-71.9481	-210.222	-71.9481
-210.214	-72.1805	-210.214	-72.1805
-210.207	-72.413	-210.207	-72.413
-210.199	-72.6453	-210.199	-72.6453
-210.187	-72.9564	-210.187	-72.9564
-210.179	-73.1894	-210.179	-73.1894
-210.17	-73.4225	-210.17	-73.4225
-210.162	-73.6558	-210.162	-73.6558
-210.154	-73.8892	-210.154	-73.8892
-210.147	-74.1227	-210.147	-74.1227
-210.139	-74.3562	-210.139	-74.3562
-210.131	-74.5899	-210.131	-74.5899
-210.121	-74.9007	-210.121	-74.9007
-210.112	-75.134	-210.112	-75.134
-210.103	-75.3675	-210.103	-75.3675
-210.093	-75.6009	-210.093	-75.6009
-210.084	-75.8344	-210.084	-75.8344
-210.075	-76.0681	-210.075	-76.0681
-210.066	-76.302	-210.066	-76.302
-210.058	-76.5358	-210.058	-76.5358
-210.047	-76.8477	-210.047	-76.8477
-210.039	-77.0821	-210.039	-77.0821
-210.03	-77.3165	-210.03	-77.3165
-210.021	-77.5513	-210.021	-77.5513
-210.012	-77.7862	-210.012	-77.7862
-210.003	-78.021	-210.003	-78.021
-209.993	-78.2564	-209.993	-78.2564
-209.981	-78.5708	-209.981	-78.5708
-209.972	-78.8064	-209.972	-78.8064
-209.963	-79.0422	-209.963	-79.0422
-209.954	-79.2781	-209.954	-79.2781
-209.944	-79.5137	-209.944	-79.5137
-209.934	-79.7494	-209.934	-79.7494
-209.924	-79.9853	-209.924	-79.9853
-209.914	-80.2213	-209.914	-80.2213
-209.904	-80.4574	-209.904	-80.4574
-209.891	-80.7724	-209.891	-80.7724
-209.882	-81.0088	-209.882	-81.0088
-209.872	-81.2455	-209.872	-81.2455
-209.862	-81.482	-209.862	-81.482
-209.852	-81.7189	-209.852	-81.7189
-209.842	-81.9559	-209.842	-81.9559
-209.831	-82.1927	-209.831	-82.1927
-209.818	-82.5089	-209.818	-82.5089
-209.807	-82.746	-209.807	-82.746
-209.797	-82.9833	-209.797	-82.9833
-209.787	-83.2208	-209.787	-83.2208
-209.776	-83.4582	-209.776	-83.4582
-209.766	-83.6956	-209.766	-83.6956
-209.755	-83.933	-209.755	-83.933
-209.745	-84.1703	-209.745	-84.1703
-209.731	-84.4871	-209.731	-84.4871
-209.721	-84.7247	-209.721	-84.7247
-209.711	-84.9623	-209.711	-84.9623
-209.701	-85.1998	-209.701	-85.1998
-209.691	-85.4372	-209.691	-85.4372
-209.682	-85.6745	-209.682	-85.6745
-209.672	-85.9116	-209.672	-85.9116
-209.663	-86.1489	-209.663	-86.1489
-209.65	-86.4646	-209.65	-86.4646
-209.641	-86.701	-209.641	-86.701
-209.632	-86.9371	-209.632	-86.9371
-209.622	-87.173	-209.622	-87.173
-209.613	-87.4086	-209.613	-87.4086
-209.603	-87.6435	-209.603	-87.6435
-209.594	-87.8781	-209.594	-87.8781
-209.584	-88.1125	-209.584	-88.1125
-209.572	-88.4246	-209.572	-88.4246
-209.563	-88.6579	-209.563	-88.6579
-209.554	-88.8906	-209.554	-88.8906
-209.546	-89.123	-209.546	-89.123
-209.538	-89.3546	-209.538	-89.3546
-209.529	-89.586	-209.529	-89.586
-209.521	-89.8173	-209.521	-89.8173
-209.512	-90.0479	-209.512	-90.0479
-209.503	-90.2782	-209.503	-90.2782
-209.491	-90.5845	-209.491	-90.5845
-209.483	-90.8141	-209.483	-90.8141
-209.475	-91.0434	-209.475	-91.0434
-209.467	-91.2723	-209.467	-91.2723
-209.46	-91.5009	-209.46	-91.5009
-209.453	-91.7292	-209.453	-91.7292
-209.446	-91.9571	-209.446	-91.9571
-209.436	-92.2606	-209.436	-92.2606
-209.43	-92.4876	-209.43	-92.4876
-209.423	-92.7143	-209.423	-92.7143
-209.416	-92.9405	-209.416	-92.9405
-209.409	-93.1658	-209.409	-93.1658
-209.403	-93.3906	-209.403	-93.3906
-209.397	-93.615	-209.397	-93.615
-209.391	-93.8393	-209.391	-93.8393
-209.383	-94.1382	-209.383	-94.1382
-209.377	-94.3617	-209.377	-94.3617
-209.371	-94.585	-209.371	-94.585
-209.364	-94.8078	-209.364	-94.8078
-209.358	-95.0303	-209.358	-95.0303
-209.352	-95.2525	-209.352	-95.2525
-209.347	-95.4742	-209.347	-95.4742
-209.341	-95.6957	-209.341	-95.6957
-209.335	-95.9902	-209.335	-95.9902
-209.33	-96.2112	-209.33	-96.2112
-209.324	-96.432	-209.324	-96.432
-209.319	-96.6524	-209.319	-96.6524
-209.314	-96.8726	-209.314	-96.8726
-209.308	-97.0923	-209.308	-97.0923
-209.303	-97.3114	-209.303	-97.3114
-209.296	-97.5302	-209.296	-97.5302
-209.288	-97.8214	-209.288	-97.8214
-209.282	-98.0395	-209.282	-98.0395
-209.276	-98.2571	-209.276	-98.2571
-209.27	-98.4746	-209.27	-98.4746
-209.265	-98.6917	-209.265	-98.6917
-209.259	-98.9083	-209.259	-98.9083
-209.253	-99.1246	-209.253	-99.1246
-209.246	-99.3403	-209.246	-99.3403
-209.237	-99.6273	-209.237	-99.6273
-209.229	-99.8419	-209.229	-99.8419
-209.222	-100.056	-209.222	-100.056
-209.216	-100.27	-209.216	-100.27
-209.21	-100.483	-209.21	-100.483
-209.204	-100.696	-209.204	-100.696
-209.199	-100.909	-209.199	-100.909
-209.193	-101.122	-209.193	-101.122
-209.184	-101.405	-209.184	-101.405
-209.177	-101.616	-209.177	-101.616
-209.17	-101.828	-209.17	-101.828
-209.163	-102.038	-209.163	-102.038
-209.155	-102.247	-209.155	-102.247
-209.148	-102.456	-209.148	-102.456
-209.142	-102.663	-209.142	-102.663
-209.135	-102.871	-209.135	-102.871
-209.128	-103.146	-209.128	-103.146
-209.123	-103.352	-209.123	-103.352
-209.118	-103.558	-209.118	-103.558
-209.112	-103.763	-209.112	-103.763
-209.106	-103.967	-209.106	-103.967
-209.1	-104.17	-209.1	-104.17
-209.094	-104.372	-209.094	-104.372
-209.088	-104.574	-209.088	-104.574
-209.079	-104.841	-209.079	-104.841
-209.074	-105.04	-209.074	-105.04
-209.068	-105.239	-209.068	-105.239
-209.063	-105.437	-209.063	-105.437
-209.057	-105.634	-209.057	-105.634
-209.052	-105.83	-209.052	-105.83
-209.047	-106.026	-209.047	-106.026
-209.042	-106.22	-209.042	-106.22
-209.035	-106.478	-209.035	-106.478
-209.03	-106.671	-209.03	-106.671
-209.025	-106.863	-209.025	-106.863
-209.02	-107.054	-209.02	-107.054
-209.016	-107.243	-209.016	-107.243
-209.011	-107.432	-209.011	-107.432
-209.007	-107.62	-209.007	-107.62
-209.003	-107.806	-209.003	-107.806
-208.998	-108.051	-208.998	-108.051
-208.993	-108.233	-208.993	-108.233
-208.989	-108.414	-208.989	-108.414
-208.984	-108.593	-208.984	-108.593
-208.979	-108.771	-208.979	-108.771
-208.975	-108.947	-208.975	-108.947
-208.971	-109.122	-208.971	-109.122
-208.968	-109.295	-208.968	-109.295
-208.963	-109.524	-208.963	-109.524
-208.961	-109.695	-208.961	-109.695
-208.959	-109.863	-208.959	-109.863
-208.957	-110.031	-208.957	-110.031
-208.956	-110.197	-208.956	-110.197
-208.955	-110.361	-208.955	-110.361
-208.953	-110.524	-208.953	-110.524
-208.951	-110.686	-208.951	-110.686
-208.949	-110.899	-208.949	-110.899
-208.946	-111.057	-208.946	-111.057
-208.943	-111.214	-208.943	-111.214
-208.94	-111.37	-208.94	-111.37
-208.938	-111.524	-208.938	-111.524
-208.935	-111.677	-208.935	-111.677
-208.933	-111.828	-208.933	-111.828
-208.932	-111.978	-208.932	-111.978
-208.93	-112.175	-208.93	-112.175
-208.929	-112.321	-208.929	-112.321
-208.928	-112.465	-208.928	-112.465
-208.927	-112.609	-208.927	-112.609
-208.926	-112.75	-208.926	-112.75
-208.925	-112.891	-208.925	-112.891
-208.923	-113.03	-208.923	-113.03
-208.921	-113.166	-208.921	-113.166
-208.918	-113.347	-208.918	-113.347
-208.916	-113.48	-208.916	-113.48
-208.914	-113.612	-208.914	-113.612
-208.912	-113.742	-208.912	-113.742
-208.91	-113.871	-208.91	-113.871
-208.908	-113.998	-208.908	-113.998
-208.907	-114.124	-208.907	-114.124
-208.906	-114.248	-208.906	-114.248
-208.905	-114.41	-208.905	-114.41
-208.904	-114.53	-208.904	-114.53
-208.903	-114.648	-208.903	-114.648
-208.903	-114.765	-208.903	-114.765
-208.903	-114.88	-208.903	-114.88
-208.903	-114.993	-208.903	-114.993
-208.902	-115.105	-208.902	-115.105
-208.902	-115.214	-208.902	-115.214
-208.902	-115.358	-208.902	-115.358
-208.902	-115.464	-208.902	-115.464
-208.901	-115.569	-208.901	-115.569
-208.9	-115.673	-208.9	-115.673
-208.899	-115.775	-208.899	-115.775
-208.898	-115.875	-208.898	-115.875
-208.897	-115.974	-208.897	-115.974
-208.896	-116.071	-208.896	-116.071
-208.895	-116.2	-208.895	-116.2
-208.894	-116.294	-208.894	-116.294
-208.893	-116.386	-208.893	-116.386
-208.892	-116.478	-208.892	-116.478
-208.891	-116.567	-208.891	-116.567
-208.89	-116.655	-208.89	-116.655
-208.889	-116.742	-208.889	-116.742
-208.887	-116.827	-208.887	-116.827
-208.885	-116.937	-208.885	-116.937
-208.884	-117.019	-208.884	-117.019
-208.884	-117.099	-208.884	-117.099
-208.883	-117.177	-208.883	-117.177
-208.883	-117.254	-208.883	-117.254
-208.883	-117.33	-208.883	-117.33
-208.883	-117.404	-208.883	-117.404
-208.883	-117.477	-208.883	-117.477
-208.882	-117.572	-208.882	-117.572
-208.882	-117.641	-208.882	-117.641
-208.881	-117.708	-208.881	-117.708
-208.881	-117.774	-208.881	-117.774
-208.88	-117.839	-208.88	-117.839
-208.88	-117.902	-208.88	-117.902
-208.88	-117.964	-208.88	-117.964
-208.88	-118.024	-208.88	-118.024
-208.88	-118.102	-208.88	-118.102
-208.879	-118.159	-208.879	-118.159
-208.878	-118.213	-208.878	-118.213
-208.877	-118.267	-208.877	-118.267
-208.876	-118.318	-208.876	-118.318
-208.875	-118.368	-208.875	-118.368
-208.875	-118.416	-208.875	-118.416
-208.875	-118.463	-208.875	-118.463
-208.875	-118.523	-208.875	-118.523
-208.875	-118.566	-208.875	-118.566
-208.875	-118.607	-208.875	-118.607
-208.875	-118.646	-208.875	-118.646
-208.875	-118.683	-208.875	-118.683
-208.875	-118.718	-208.875	-118.718
-208.875	-118.751	-208.875	-118.751
-208.875	-118.782	-208.875	-118.782
-208.876	-118.821	-208.876	-118.821
-208.876	-118.848	-208.876	-118.848
-208.876	-118.873	-208.876	-118.873
-208.876	-118.896	-208.876	-118.896
-208.877	-118.917	-208.877	-118.917
-208.877	-118.936	-208.877	-118.936
-208.877	-118.953	-208.877	-118.953
-208.876	-118.968	-208.876	-118.968
-208.876	-118.986	-208.876	-118.986
-208.876	-118.997	-208.876	-118.997
-208.875	-119.005	-208.875	-119.005
-208.875	-119.012	-208.875	-119.012
-208.875	-119.017	-208.875	-119.017
-208.875	-119.02	-208.875	-119.02
-208.875	-119.021	-208.875	-119.021
-208.875	-119.02	-208.875	-119.02
-208.874	-119.016	-208.874	-119.016
-208.875	-119.012	-208.875	-119.012
-208.874	-119.007	-208.874	-119.007
-208.874	-119.001	-208.874	-119.001
-208.874	-118.997	-208.874	-118.997
-208.875	-118.993	-208.875	-118.993
-208.874	-118.991	-208.874	-118.991
-208.874	-118.991	-208.874	-118.991
-208.874	-118.991	-208.874	-118.991
-208.873	-118.992	-208.873	-118.992
-208.874	-118.992	-208.874	-118.992
-208.874	-118.993	-208.874	-118.993
-208.873	-118.994	-208.873	-118.994
-208.872	-118.994	-208.872	-118.994
-208.872	-118.995	-208.872	-118.995
-208.871	-118.994	-208.871	-118.994
-208.87	-118.993	-208.87	-118.993
-208.869	-118.993	-208.869	-118.993
-208.869	-118.992	-208.869	-118.992
-208.868	-118.991	-208.868	-118.991
-208.868	-118.992	-208.868	-118.992
-208.867	-118.992	-208.867	-118.992
-208.867	-118.992	-208.867	-118.992
-208.866	-118.993	-208.866	-118.993
-208.864	-118.993	-208.864	-118.993
-208.864	-118.993	-208.864	-118.993
-208.864	-118.992	-208.864	-118.992
-208.863	-118.992	-208.863	-118.992
-208.863	-118.991	-208.863	-118.991
-208.862	-118.991	-208.862	-118.991
-208.862	-118.991	-208.862	-118.991
-208.861	-118.991	-208.861	-118.991
-208.861	-118.991	-208.861	-118.991
-208.86	-118.992	-208.86	-118.992
-208.86	-118.993	-208.86	-118.993
-208.859	-118.993	-208.859	-118.993
-208.859	-118.993	-208.859	-118.993
-208.859	-118.994	-208.859	-118.994
-208.858	-118.994	-208.858	-118.994
-208.858	-118.994	-208.858	-118.994
-208.859	-118.993	-208.859	-118.993
-208.859	-118.993	-208.859	-118.993
-208.859	-118.993	-208.859	-118.993
-208.859	-118.993	-208.859	-118.993
-208.859	-118.993	-208.859	-118.993
-208.86	-118.992	-208.86	-118.992
-208.86	-118.992	-208.86	-118.992
-208.86	-118.992	-208.86	-118.992
-208.86	-118.991	-208.86	-118.991
-208.861	-118.99	-208.861	-118.99
-208.861	-118.99	-208.861	-118.99
-208.861	-118.989	-208.861	-118.989
-208.862	-118.989	-208.862	-118.989
-208.862	-118.989	-208.862	-118.989
-208.862	-118.988	-208.862	-118.988
-208.862	-118.988	-208.862	-118.988
-208.862	-118.987	-208.862	-118.987
-208.862	-118.987	-208.862	-118.987
-208.862	-118.986	-208.862	-118.986
-208.861	-118.986	-208.861	-118.986
-208.861	-118.986	-208.861	-118.986
-208.86	-118.985	-208.86	-118.985
-208.86	-118.985	-208.86	-118.985
-208.86	-118.984	-208.86	-118.984
-208.861	-118.984	-208.861	-118.984
-208.861	-118.984	-208.861	-118.984
-208.861	-118.984	-208.861	-118.984
-208.861	-118.984	-208.861	-118.984
-208.861	-118.984	-208.861	-118.984
-208.861	-118.984	-208.861	-118.984
-208.861	-118.984	-208.861	-118.984
-208.861	-118.984	-208.861	-118.984
-208.86	-118.984	-208.86	-118.984
-208.859	-118.983	-208.859	-118.983
-208.858	-118.983	-208.858	-118.983
-208.858	-118.983	-208.858	-118.983
-208.857	-118.984	-208.857	-118.984
-208.857	-118.984	-208.857	-118.984
-208.857	-118.984	-208.857	-118.984
-208.856	-118.984	-208.856	-118.984
-208.856	-118.983	-208.856	-118.983
-208.856	-118.983	-208.856	-118.983
-208.856	-118.983	-208.856	-118.983
-208.855	-118.983	-208.855	-118.983
-208.854	-118.984	-208.854	-118.984
-208.854	-118.984	-208.854	-118.984
-208.853	-118.984	-208.853	-118.984
-208.852	-118.984	-208.852	-118.984
-208.852	-118.984	-208.852	-118.984
-208.851	-118.984	-208.851	-118.984
-208.85	-118.984	-208.85	-118.984
-208.85	-118.984	-208.85	-118.984
-208.85	-118.984	-208.85	-118.984
-208.849	-118.984	-208.849	-118.984
-208.849	-118.984	-208.849	-118.984
-208.848	-118.983	-208.848	-118.983
-208.848	-118.983	-208.848	-118.983
-208.847	-118.983	-208.847	-118.983
-208.847	-118.983	-208.847	-118.983
-208.846	-118.983	-208.846	-118.983
-208.845	-118.983	-208.845	-118.983
-208.845	-118.983	-208.845	-118.983
-208.844	-118.983	-208.844	-118.983
-208.844	-118.983	-208.844	-118.983
-208.844	-118.982	-208.844	-118.982
-208.843	-118.982	-208.843	-118.982
-208.843	-118.982	-208.843	-118.982
-208.843	-118.982	-208.843	-118.982
-208.843	-118.982	-208.843	-118.982
-208.842	-118.981	-208.842	-118.981
-208.842	-118.981	-208.842	-118.981
-208.841	-118.981	-208.841	-118.981
-208.84	-118.98	-208.84	-118.98
-208.839	-118.98	-208.839	-118.98
-208.839	-118.98	-208.839	-118.98
-208.838	-118.979	-208.838	-118.979
-208.838	-118.979	-208.838	-118.979
-208.837	-118.979	-208.837	-118.979
-208.836	-118.979	-208.836	-118.979
-208.835	-118.979	-208.835	-118.979
-208.834	-118.979	-208.834	-118.979
-208.834	-118.979	-208.834	-118.979
-208.833	-118.979	-208.833	-118.979
-208.832	-118.979	-208.832	-118.979
-208.831	-118.979	-208.831	-118.979
-208.83	-118.979	-208.83	-118.979
-208.829	-118.979	-208.829	-118.979
-208.829	-118.979	-208.829	-118.979
-208.828	-118.979	-208.828	-118.979
-208.827	-118.979	-208.827	-118.979
-208.827	-118.979	-208.827	-118.979
-208.826	-118.979	-208.826	-118.979
-208.825	-118.979	-208.825	-118.979
-208.824	-118.979	-208.824	-118.979
-208.824	-118.979	-208.824	-118.979
-208.823	-118.979	-208.823	-118.979
-208.822	-118.979	-208.822	-118.979
-208.821	-118.979	-208.821	-118.979
-208.821	-118.979	-208.821	-118.979
-208.82	-118.979	-208.82	-118.979
-208.82	-118.979	-208.82	-118.979
-208.819	-118.979	-208.819	-118.979
-208.818	-118.979	-208.818	-118.979
-208.817	-118.979	-208.817	-118.979
-208.816	-118.979	-208.816	-118.979
-208.815	-118.979	-208.815	-118.979
-208.814	-118.979	-208.814	-118.979
-208.814	-118.979	-208.814	-118.979
-208.813	-118.979	-208.813	-118.979
-208.812	-118.979	-208.812	-118.979
-208.811	-118.979	-208.811	-118.979
-208.81	-118.979	-208.81	-118.979
-208.809	-118.979	-208.809	-118.979
-208.808	-118.979	-208.808	-118.979
-208.808	-118.979	-208.808	-118.979
-208.807	-118.979	-208.807	-118.979
-208.807	-118.979	-208.807	-118.979
-208.807	-118.979	-208.807	-118.979
-208.806	-118.979	-208.806	-118.979
-208.806	-118.979	-208.806	-118.979
-208.805	-118.979	-208.805	-118.979
-208.804	-118.979	-208.804	-118.979
-208.803	-118.979	-208.803	-118.979
-208.801	-118.979	-208.801	-118.979
-208.8	-118.979	-208.8	-118.979
-208.799	-118.979	-208.799	-118.979
-208.799	-118.979	-208.799	-118.979
-208.798	-118.979	-208.798	-118.979
-208.799	-118.98	-208.799	-118.98
-208.799	-118.98	-208.799	-118.98
-208.799	-118.98	-208.799	-118.98
-208.799	-118.98	-208.799	-118.98
-208.798	-118.98	-208.798	-118.98
-208.797	-118.98	-208.797	-118.98
-208.796	-118.98	-208.796	-118.98
-208.795	-118.98	-208.795	-118.98
-208.793	-118.98	-208.793	-118.98
-208.792	-118.98	-208.792	-118.98
-208.792	-118.979	-208.792	-118.979
-208.792	-118.979	-208.792	-118.979
-208.792	-118.979	-208.792	-118.979
-208.792	-118.979	-208.792	-118.979
-208.792	-118.979	-208.792	-118.979
-208.793	-118.979	-208.793	-118.979
-208.792	-118.979	-208.792	-118.979
-208.792	-118.979	-208.792	-118.979
-208.791	-118.979	-208.791	-118.979
-208.79	-118.979	-208.79	-118.979
-208.79	-118.98	-208.79	-118.98
-208.79	-118.98	-208.79	-118.98
-208.789	-118.98	-208.789	-118.98
-208.789	-118.98	-208.789	-118.98
-208.79	-118.98	-208.79	-118.98
-208.79	-118.98	-208.79	-118.98
-208.789	-118.981	-208.789	-118.981
-208.788	-118.981	-208.788	-118.981
-208.787	-118.982	-208.787	-118.982
-208.787	-118.982	-208.787	-118.982
-208.787	-118.983	-208.787	-118.983
-208.786	-118.984	-208.786	-118.984
-208.786	-118.984	-208.786	-118.984
-208.786	-118.985	-208.786	-118.985
-208.785	-118.985	-208.785	-118.985
-208.785	-118.985	-208.785	-118.985
-208.784	-118.986	-208.784	-118.986
-208.784	-118.986	-208.784	-118.986
-208.784	-118.987	-208.784	-118.987
-208.784	-118.987	-208.784	-118.987
-208.783	-118.987	-208.783	-118.987
-208.784	-118.988	-208.784	-118.988
-208.783	-118.988	-208.783	-118.988
-208.783	-118.988	-208.783	-118.988
-208.783	-118.989	-208.783	-118.989
-208.783	-118.989	-208.783	-118.989
-208.783	-118.989	-208.783	-118.989
-208.782	-118.989	-208.782	-118.989
-208.782	-118.989	-208.782	-118.989
-208.782	-118.989	-208.782	-118.989
-208.782	-118.989	-208.782	-118.989
-208.783	-118.989	-208.783	-118.989
-208.783	-118.989	-208.783	-118.989
-208.783	-118.989	-208.783	-118.989
-208.783	-118.989	-208.783	-118.989
-208.783	-118.989	-208.783	-118.989
-208.783	-118.989	-208.783	-118.989
-208.783	-118.989	-208.783	-118.989
-208.783	-118.99	-208.783	-118.99
-208.782	-118.99	-208.782	-118.99
-208.783	-118.99	-208.783	-118.99
-208.783	-118.99	-208.783	-118.99
-208.783	-118.99	-208.783	-118.99
-208.783	-118.989	-208.783	-118.989
-208.783	-118.989	-208.783	-118.989
-208.783	-118.989	-208.783	-118.989
-208.783	-118.989	-208.783	-118.989
-208.783	-118.989	-208.783	-118.989
-208.783	-118.989	-208.783	-118.989
-208.783	-118.989	-208.783	-118.989
-208.783	-118.989	-208.783	-118.989
-208.783	-118.989	-208.783	-118.989
-208.783	-118.989	-208.783	-118.989
-208.783	-118.989	-208.783	-118.989
-208.783	-118.989	-208.783	-118.989
-208.783	-118.989	-208.783	-118.989
-208.783	-118.989	-208.783	-118.989
-208.783	-118.989	-208.783	-118.989
-208.784	-118.989	-208.784	-118.989
-208.784	-118.99	-208.784	-118.99
-208.784	-118.99	-208.784	-118.99
-208.784	-118.99	-208.784	-118.99
-208.784	-118.99	-208.784	-118.99
-208.784	-118.99	-208.784	-118.99
-208.784	-118.99	-208.784	-118.99
-208.784	-118.99	-208.784	-118.99
-208.784	-118.99	-208.784	-118.99
-208.784	-118.99	-208.784	-118.99
-208.783	-118.99	-208.783	-118.99
-208.784	-118.99	-208.784	-118.99
-208.784	-118.99	-208.784	-118.99
-208.784	-118.99	-208.784	-118.99
-208.785	-118.99	-208.785	-118.99
-208.785	-118.99	-208.785	-118.99
-208.786	-118.99	-208.786	-118.99
-208.786	-118.99	-208.786	-118.99
-208.787	-118.99	-208.787	-118.99
-208.787	-118.991	-208.787	-118.991
-208.787	-118.991	-208.787	-118.991
-208.787	-118.991	-208.787	-118.991
-208.787	-118.991	-208.787	-118.991
-208.788	-118.991	-208.788	-118.991
-208.788	-118.991	-208.788	-118.991
-208.788	-118.991	-208.788	-118.991
-208.788	-118.991	-208.788	-118.991
-208.788	-118.991	-208.788	-118.991
-208.788	-118.991	-208.788	-118.991
-208.788	-118.991	-208.788	-118.991
-208.788	-118.991	-208.788	-118.991
-208.789	-118.991	-208.789	-118.991
-208.789	-118.992	-208.789	-118.992
-208.789	-118.992	-208.789	-118.992
-208.789	-118.992	-208.789	-118.992
-208.789	-118.992	-208.789	-118.992
-208.789	-118.992	-208.789	-118.992
-208.789	-118.992	-208.789	-118.992
-208.789	-118.992	-208.789	-118.992
-208.789	-118.992	-208.789	-118.992
-208.789	-118.992	-208.789	-118.992
-208.789	-118.992	-208.789	-118.992
-208.79	-118.992	-208.79	-118.992
-208.79	-118.992	-208.79	-118.992
-208.79	-118.992	-208.79	-118.992
-208.791	-118.992	-208.791	-118.992
-208.791	-118.992	-208.791	-118.992
-208.791	-118.992	-208.791	-118.992
-208.791	-118.992	-208.791	-118.992
-208.791	-118.992	-208.791	-118.992
-208.791	-118.992	-208.791	-118.992
-208.791	-118.992	-208.791	-118.992
-208.791	-118.992	-208.791	-118.992
-208.791	-118.992	-208.791	-118.992
-208.792	-118.993	-208.792	-118.993
-208.792	-118.993	-208.792	-118.993
-208.792	-118.993	-208.792	-118.993
-208.792	-118.993	-208.792	-118.993
-208.792	-118.993	-208.792	-118.993
-208.792	-118.994	-208.792	-118.994
-208.791	-118.994	-208.791	-118.994
-208.792	-118.994	-208.792	-118.994
-208.792	-118.994	-208.792	-118.994
-208.791	-118.995	-208.791	-118.995
-208.791	-118.995	-208.791	-118.995
-208.791	-118.995	-208.791	-118.995
-208.791	-118.995	-208.791	-118.995
-208.791	-118.996	-208.791	-118.996
-208.791	-118.996	-208.791	-118.996
-208.791	-118.996	-208.791	-118.996
-208.792	-118.997	-208.792	-118.997
-208.792	-118.997	-208.792	-118.997
-208.792	-118.997	-208.792	-118.997
-208.792	-118.998	-208.792	-118.998
-208.791	-118.998	-208.791	-118.998
-208.792	-119	-208.792	-119
-208.791	-119	-208.791	-119
-208.791	-119	-208.791	-119
-208.791	-119.001	-208.791	-119.001
-208.792	-119.001	-208.792	-119.001
-208.792	-119.001	-208.792	-119.001
-208.792	-119.002	-208.792	-119.002
-208.792	-119.002	-208.792	-119.002
-208.792	-119.002	-208.792	-119.002
-208.792	-119.002	-208.792	-119.002
-208.792	-119.002	-208.792	-119.002
-208.792	-119.003	-208.792	-119.003
-208.792	-119.003	-208.792	-119.003
-208.793	-119.003	-208.793	-119.003
-208.793	-119.003	-208.793	-119.003
-208.792	-119.004	-208.792	-119.004
-208.792	-119.004	-208.792	-119.004
-208.792	-119.004	-208.792	-119.004
-208.793	-119.004	-208.793	-119.004
-208.793	-119.004	-208.793	-119.004
-208.793	-119.004	-208.793	-119.004
-208.793	-119.004	-208.793	-119.004
-208.793	-119.004	-208.793	-119.004
-208.793	-119.004	-208.793	-119.004
-208.794	-119.004	-208.794	-119.004
-208.794	-119.004	-208.794	-119.004
-208.795	-119.004	-208.795	-119.004
-208.795	-119.004	-208.795	-119.004
-208.795	-119.004	-208.795	-119.004
-208.795	-119.004	-208.795	-119.004
-208.795	-119.004	-208.795	-119.004
-208.795	-119.004	-208.795	-119.004
-208.795	-119.004	-208.795	-119.004
-208.795	-119.004	-208.795	-119.004
-208.795	-119.004	-208.795	-119.004
-208.795	-119.003	-208.795	-119.003
-208.795	-119.003	-208.795	-119.003
-208.795	-119.003	-208.795	-119.003
-208.794	-119.003	-208.794	-119.003
-208.794	-119.003	-208.794	-119.003
-208.794	-119.003	-208.794	-119.003
-208.794	-119.002	-208.794	-119.002
-208.794	-119.002	-208.794	-119.002
-208.794	-119.002	-208.794	-119.002
-208.794	-119.002	-208.794	-119.002
-208.794	-119.002	-208.794	-119.002
-208.794	-119.002	-208.794	-119.002
-208.794	-119.002	-208.794	-119.002
-208.794	-119.001	-208.794	-119.001
-208.794	-119.001	-208.794	-119.001
-208.794	-119.001	-208.794	-119.001
-208.794	-119.001	-208.794	-119.001
-208.794	-119.001	-208.794	-119.001
-208.794	-119.001	-208.794	-119.001
-208.794	-119.001	-208.794	-119.001
-208.795	-119.001	-208.795	-119.001
-208.794	-119	-208.794	-119
-208.794	-119	-208.794	-119
-208.795	-118.999	-208.795	-118.999
-208.795	-118.999	-208.795	-118.999
-208.795	-118.999	-208.795	-118.999
-208.795	-118.998	-208.795	-118.998
-208.795	-118.998	-208.795	-118.998
-208.795	-118.997	-208.795	-118.997
-208.795	-118.997	-208.795	-118.997
-208.795	-118.997	-208.795	-118.997
