#reforence point coordinates
101	5	101
#the number of meter size cube
52
#sacle
5
#cubeLen
50
#cubeWidth	cubeHeight	cubeDepth
100	5	100	
#XYX dis
0	120	95	43
0	120	96	34
0	120	97	33
0	120	98	40
0	120	99	55
0	121	95	25
0	121	96	16
0	121	97	15
0	121	98	23
0	121	99	38
0	122	95	15
0	122	96	0
0	122	97	6
0	122	98	13
0	122	99	28
0	123	95	14
0	123	96	5
0	123	97	4
0	123	98	11
0	123	99	26
0	124	95	20
0	124	96	11
0	124	97	10
0	124	98	17
0	124	99	33
0	135	50	172
0	135	51	152
0	135	52	139
0	135	53	134
0	135	54	138
0	136	50	138
0	136	51	117
0	136	52	104
0	136	53	100
0	136	54	103
0	137	50	111
0	137	51	90
0	137	52	78
0	137	53	73
0	137	54	76
0	138	50	86
0	138	51	72
0	138	52	59
0	138	53	54
0	138	54	58
0	139	50	67
0	139	51	54
0	139	52	48
0	139	53	43
0	139	54	47
0	140	45	144
0	140	46	111
0	140	47	86
0	140	48	69
0	140	49	60
0	140	50	56
0	140	51	44
0	140	52	39
0	140	53	32
0	140	54	34
0	141	45	133
0	141	46	100
0	141	47	75
0	141	48	58
0	141	49	50
0	141	50	49
0	141	51	35
0	141	52	20
0	141	53	14
0	141	54	15
0	142	45	130
0	142	46	97
0	142	47	72
0	142	48	56
0	142	49	47
0	142	50	46
0	142	51	24
0	142	52	10
0	142	53	0
0	142	54	4
0	143	45	135
0	143	46	102
0	143	47	77
0	143	48	61
0	143	49	52
0	143	50	44
0	143	51	22
0	143	52	7
0	143	53	0
0	143	54	2
0	144	45	148
0	144	46	115
0	144	47	91
0	144	48	74
0	144	49	65
0	144	50	50
0	144	51	27
0	144	52	12
0	144	53	6
0	144	54	7
0	145	50	61
0	145	51	40
0	145	52	26
0	145	53	19
0	145	54	20
0	146	50	80
0	146	51	62
0	146	52	47
0	146	53	40
0	146	54	42
0	147	50	107
0	147	51	91
0	147	52	76
0	147	53	70
0	147	54	71
0	148	50	138
0	148	51	124
0	148	52	110
0	148	53	104
0	148	54	106
0	149	50	150
0	149	51	144
0	149	52	138
0	149	53	132
0	149	54	134
1	120	95	39
1	120	96	30
1	120	97	30
1	120	98	37
1	120	99	52
1	121	95	22
1	121	96	13
1	121	97	12
1	121	98	19
1	121	99	34
1	122	95	12
1	122	96	3
1	122	97	2
1	122	98	9
1	122	99	24
1	123	95	10
1	123	96	1
1	123	97	0
1	123	98	8
1	123	99	23
1	124	95	11
1	124	96	8
1	124	97	7
1	124	98	14
1	124	99	29
1	135	50	151
1	135	51	130
1	135	52	118
1	135	53	113
1	135	54	116
1	136	50	116
1	136	51	95
1	136	52	83
1	136	53	78
1	136	54	81
1	137	50	89
1	137	51	69
1	137	52	56
1	137	53	51
1	137	54	55
1	138	50	66
1	138	51	50
1	138	52	37
1	138	53	33
1	138	54	36
1	139	50	47
1	139	51	34
1	139	52	26
1	139	53	22
1	139	54	25
1	140	45	121
1	140	46	88
1	140	47	63
1	140	48	46
1	140	49	38
1	140	50	36
1	140	51	23
1	140	52	19
1	140	53	19
1	140	54	22
1	141	45	110
1	141	46	77
1	141	47	52
1	141	48	35
1	141	49	27
1	141	50	26
1	141	51	21
1	141	52	16
1	141	53	15
1	141	54	17
1	142	45	107
1	142	46	74
1	142	47	49
1	142	48	33
1	142	49	24
1	142	50	23
1	142	51	24
1	142	52	11
1	142	53	5
1	142	54	6
1	143	45	112
1	143	46	79
1	143	47	55
1	143	48	38
1	143	49	29
1	143	50	26
1	143	51	19
1	143	52	9
1	143	53	2
1	143	54	3
1	144	45	125
1	144	46	92
1	144	47	68
1	144	48	51
1	144	49	42
1	144	50	29
1	144	51	22
1	144	52	14
1	144	53	7
1	144	54	9
1	145	50	40
1	145	51	33
1	145	52	27
1	145	53	21
1	145	54	22
1	146	50	59
1	146	51	52
1	146	52	49
1	146	53	42
1	146	54	43
1	147	50	85
1	147	51	75
1	147	52	61
1	147	53	55
1	147	54	57
1	148	50	97
1	148	51	91
1	148	52	81
1	148	53	75
1	148	54	77
1	149	50	109
1	149	51	103
1	149	52	105
1	149	53	103
1	149	54	105
2	120	95	41
2	120	96	34
2	120	97	34
2	120	98	41
2	120	99	56
2	121	95	23
2	121	96	16
2	121	97	16
2	121	98	23
2	121	99	39
2	122	95	12
2	122	96	0
2	122	97	6
2	122	98	14
2	122	99	29
2	123	95	0
2	123	96	2
2	123	97	4
2	123	98	12
2	123	99	27
2	124	95	3
2	124	96	1
2	124	97	8
2	124	98	18
2	124	99	33
2	135	50	137
2	135	51	117
2	135	52	104
2	135	53	99
2	135	54	103
2	136	50	102
2	136	51	82
2	136	52	69
2	136	53	64
2	136	54	68
2	137	50	76
2	137	51	55
2	137	52	42
2	137	53	38
2	137	54	41
2	138	50	54
2	138	51	36
2	138	52	24
2	138	53	19
2	138	54	22
2	139	50	35
2	139	51	22
2	139	52	13
2	139	53	8
2	139	54	12
2	140	45	106
2	140	46	73
2	140	47	48
2	140	48	31
2	140	49	23
2	140	50	22
2	140	51	11
2	140	52	7
2	140	53	5
2	140	54	9
2	141	45	95
2	141	46	62
2	141	47	37
2	141	48	21
2	141	49	12
2	141	50	11
2	141	51	9
2	141	52	4
2	141	53	7
2	141	54	12
2	142	45	92
2	142	46	59
2	142	47	35
2	142	48	18
2	142	49	9
2	142	50	8
2	142	51	8
2	142	52	9
2	142	53	12
2	142	54	16
2	143	45	97
2	143	46	64
2	143	47	40
2	143	48	23
2	143	49	14
2	143	50	12
2	143	51	6
2	143	52	7
2	143	53	12
2	143	54	13
2	144	45	110
2	144	46	78
2	144	47	53
2	144	48	36
2	144	49	27
2	144	50	15
2	144	51	9
2	144	52	10
2	144	53	17
2	144	54	18
2	145	50	26
2	145	51	20
2	145	52	21
2	145	53	18
2	145	54	20
2	146	50	45
2	146	51	39
2	146	52	28
2	146	53	22
2	146	54	24
2	147	50	55
2	147	51	52
2	147	52	40
2	147	53	34
2	147	54	36
2	148	50	64
2	148	51	58
2	148	52	60
2	148	53	54
2	148	54	56
2	149	50	76
2	149	51	70
2	149	52	72
2	149	53	81
2	149	54	83
3	120	95	38
3	120	96	31
3	120	97	31
3	120	98	39
3	120	99	55
3	121	95	20
3	121	96	13
3	121	97	13
3	121	98	21
3	121	99	37
3	122	95	10
3	122	96	3
3	122	97	3
3	122	98	11
3	122	99	27
3	123	95	0
3	123	96	1
3	123	97	1
3	123	98	9
3	123	99	26
3	124	95	4
3	124	96	2
3	124	97	7
3	124	98	15
3	124	99	32
3	135	50	129
3	135	51	111
3	135	52	98
3	135	53	94
3	135	54	97
3	136	50	95
3	136	51	76
3	136	52	63
3	136	53	59
3	136	54	62
3	137	50	68
3	137	51	49
3	137	52	37
3	137	53	32
3	137	54	35
3	138	50	50
3	138	51	31
3	138	52	18
3	138	53	13
3	138	54	17
3	139	50	31
3	139	51	18
3	139	52	7
3	139	53	0
3	139	54	6
3	140	45	99
3	140	46	66
3	140	47	41
3	140	48	25
3	140	49	16
3	140	50	15
3	140	51	7
3	140	52	0
3	140	53	0
3	140	54	3
3	141	45	88
3	141	46	55
3	141	47	31
3	141	48	14
3	141	49	0
3	141	50	4
3	141	51	5
3	141	52	0
3	141	53	0
3	141	54	2
3	142	45	85
3	142	46	52
3	142	47	28
3	142	48	11
3	142	49	2
3	142	50	0
3	142	51	1
3	142	52	5
3	142	53	6
3	142	54	6
3	143	45	90
3	143	46	58
3	143	47	33
3	143	48	16
3	143	49	7
3	143	50	6
3	143	51	0
3	143	52	1
3	143	53	11
3	143	54	18
3	144	45	104
3	144	46	71
3	144	47	46
3	144	48	29
3	144	49	20
3	144	50	10
3	144	51	3
3	144	52	5
3	144	53	9
3	144	54	11
3	145	50	18
3	145	51	14
3	145	52	11
3	145	53	5
3	145	54	7
3	146	50	24
3	146	51	22
3	146	52	15
3	146	53	9
3	146	54	11
3	147	50	33
3	147	51	28
3	147	52	27
3	147	53	21
3	147	54	23
3	148	50	38
3	148	51	32
3	148	52	34
3	148	53	40
3	148	54	42
3	149	50	50
3	149	51	44
3	149	52	46
3	149	53	56
3	149	54	70
4	120	95	43
4	120	96	36
4	120	97	36
4	120	98	44
4	120	99	61
4	121	95	24
4	121	96	18
4	121	97	18
4	121	98	26
4	121	99	43
4	122	95	9
4	122	96	8
4	122	97	8
4	122	98	16
4	122	99	33
4	123	95	0
4	123	96	1
4	123	97	6
4	123	98	14
4	123	99	31
4	124	95	2
4	124	96	2
4	124	97	9
4	124	98	20
4	124	99	37
4	135	50	113
4	135	51	102
4	135	52	99
4	135	53	96
4	135	54	99
4	136	50	79
4	136	51	68
4	136	52	65
4	136	53	61
4	136	54	65
4	137	50	53
4	137	51	42
4	137	52	39
4	137	53	34
4	137	54	38
4	138	50	34
4	138	51	24
4	138	52	20
4	138	53	16
4	138	54	19
4	139	50	24
4	139	51	14
4	139	52	10
4	139	53	5
4	139	54	8
4	140	45	100
4	140	46	67
4	140	47	42
4	140	48	26
4	140	49	17
4	140	50	16
4	140	51	11
4	140	52	6
4	140	53	2
4	140	54	5
4	141	45	89
4	141	46	56
4	141	47	32
4	141	48	15
4	141	49	6
4	141	50	5
4	141	51	5
4	141	52	4
4	141	53	1
4	141	54	1
4	142	45	86
4	142	46	54
4	142	47	29
4	142	48	12
4	142	49	3
4	142	50	2
4	142	51	0
4	142	52	1
4	142	53	5
4	142	54	5
4	143	45	92
4	143	46	59
4	143	47	34
4	143	48	17
4	143	49	8
4	143	50	0
4	143	51	3
4	143	52	3
4	143	53	10
4	143	54	17
4	144	45	91
4	144	46	61
4	144	47	39
4	144	48	22
4	144	49	11
4	144	50	7
4	144	51	6
4	144	52	7
4	144	53	4
4	144	54	6
4	145	50	5
4	145	51	7
4	145	52	6
4	145	53	0
4	145	54	2
4	146	50	10
4	146	51	7
4	146	52	10
4	146	53	4
4	146	54	6
4	147	50	17
4	147	51	11
4	147	52	13
4	147	53	15
4	147	54	17
4	148	50	21
4	148	51	15
4	148	52	17
4	148	53	27
4	148	54	37
4	149	50	33
4	149	51	27
4	149	52	29
4	149	53	39
4	149	54	57
5	120	95	39
5	120	96	35
5	120	97	40
5	120	98	53
5	120	99	74
5	121	95	19
5	121	96	16
5	121	97	21
5	121	98	34
5	121	99	54
5	122	95	0
5	122	96	4
5	122	97	9
5	122	98	22
5	122	99	43
5	123	95	0
5	123	96	1
5	123	97	6
5	123	98	18
5	123	99	39
5	124	95	4
5	124	96	4
5	124	97	10
5	124	98	23
5	124	99	44
5	130	55	185
5	130	56	153
5	130	57	128
5	130	58	112
5	130	59	103
5	131	55	167
5	131	56	134
5	131	57	110
5	131	58	94
5	131	59	85
5	132	55	156
5	132	56	124
5	132	57	100
5	132	58	83
5	132	59	75
5	133	55	154
5	133	56	122
5	133	57	98
5	133	58	81
5	133	59	73
5	134	55	160
5	134	56	128
5	134	57	103
5	134	58	87
5	134	59	79
5	135	50	105
5	135	51	94
5	135	52	91
5	135	53	97
5	135	54	110
5	136	50	71
5	136	51	60
5	136	52	57
5	136	53	63
5	136	54	75
5	137	50	45
5	137	51	34
5	137	52	31
5	137	53	36
5	137	54	48
5	138	50	27
5	138	51	16
5	138	52	13
5	138	53	18
5	138	54	29
5	139	50	16
5	139	51	0
5	139	52	3
5	139	53	8
5	139	54	19
5	140	45	109
5	140	46	76
5	140	47	52
5	140	48	35
5	140	49	26
5	141	45	98
5	141	46	66
5	141	47	41
5	141	48	24
5	141	49	15
5	142	45	90
5	142	46	57
5	142	47	31
5	142	48	14
5	142	49	0
5	143	45	88
5	143	46	54
5	143	47	29
5	143	48	11
5	143	49	2
5	144	45	84
5	144	46	53
5	144	47	31
5	144	48	17
5	144	49	0
5	145	45	76
5	145	46	45
5	145	47	23
5	145	48	8
5	145	49	0
5	145	50	0
5	145	51	1
5	145	52	6
5	145	53	3
5	145	54	5
5	146	45	75
5	146	46	45
5	146	47	22
5	146	48	8
5	146	49	2
5	146	50	3
5	146	51	0
5	146	52	5
5	146	53	6
5	146	54	8
5	147	45	83
5	147	46	52
5	147	47	30
5	147	48	16
5	147	49	9
5	147	50	8
5	147	51	2
5	147	52	3
5	147	53	13
5	147	54	20
5	148	45	99
5	148	46	68
5	148	47	46
5	148	48	31
5	148	49	25
5	148	50	12
5	148	51	6
5	148	52	8
5	148	53	18
5	148	54	35
5	149	45	122
5	149	46	92
5	149	47	69
5	149	48	55
5	149	49	38
5	149	50	24
5	149	51	18
5	149	52	20
5	149	53	30
5	149	54	48
5	165	5	69
5	165	6	45
5	165	7	28
5	165	8	19
5	165	9	19
5	166	5	68
5	166	6	44
5	166	7	27
5	166	8	18
5	166	9	18
5	167	5	75
5	167	6	51
5	167	7	34
5	167	8	25
5	167	9	25
5	168	5	90
5	168	6	66
5	168	7	49
5	168	8	40
5	168	9	40
5	169	5	113
5	169	6	89
5	169	7	72
5	169	8	63
5	169	9	63
6	120	95	38
6	120	96	35
6	120	97	40
6	120	98	53
6	120	99	74
6	121	95	19
6	121	96	15
6	121	97	20
6	121	98	33
6	121	99	54
6	122	95	7
6	122	96	4
6	122	97	9
6	122	98	22
6	122	99	43
6	123	95	0
6	123	96	0
6	123	97	5
6	123	98	18
6	123	99	39
6	124	95	4
6	124	96	3
6	124	97	9
6	124	98	23
6	124	99	43
6	130	55	155
6	130	56	123
6	130	57	98
6	130	58	82
6	130	59	74
6	131	55	137
6	131	56	104
6	131	57	80
6	131	58	64
6	131	59	55
6	132	55	127
6	132	56	94
6	132	57	70
6	132	58	53
6	132	59	45
6	133	55	124
6	133	56	92
6	133	57	68
6	133	58	51
6	133	59	43
6	134	55	130
6	134	56	98
6	134	57	73
6	134	58	57
6	134	59	49
6	135	50	105
6	135	51	94
6	135	52	92
6	135	53	97
6	135	54	110
6	136	50	71
6	136	51	60
6	136	52	57
6	136	53	63
6	136	54	76
6	137	50	45
6	137	51	34
6	137	52	31
6	137	53	37
6	137	54	50
6	138	50	27
6	138	51	16
6	138	52	13
6	138	53	18
6	138	54	32
6	139	50	16
6	139	51	6
6	139	52	3
6	139	53	8
6	139	54	22
6	140	45	121
6	140	46	88
6	140	47	63
6	140	48	45
6	140	49	33
6	141	45	103
6	141	46	69
6	141	47	44
6	141	48	26
6	141	49	17
6	142	45	92
6	142	46	59
6	142	47	33
6	142	48	16
6	142	49	6
6	143	45	90
6	143	46	56
6	143	47	31
6	143	48	13
6	143	49	4
6	144	45	84
6	144	46	54
6	144	47	31
6	144	48	17
6	144	49	8
6	145	45	76
6	145	46	45
6	145	47	23
6	145	48	9
6	145	49	2
6	145	50	3
6	145	51	3
6	145	52	7
6	145	53	13
6	145	54	15
6	146	45	76
6	146	46	45
6	146	47	23
6	146	48	8
6	146	49	2
6	146	50	3
6	146	51	2
6	146	52	6
6	146	53	16
6	146	54	19
6	147	45	83
6	147	46	53
6	147	47	30
6	147	48	16
6	147	49	10
6	147	50	6
6	147	51	0
6	147	52	2
6	147	53	12
6	147	54	30
6	148	45	99
6	148	46	69
6	148	47	46
6	148	48	32
6	148	49	24
6	148	50	10
6	148	51	4
6	148	52	6
6	148	53	16
6	148	54	34
6	149	45	123
6	149	46	92
6	149	47	70
6	149	48	55
6	149	49	37
6	149	50	22
6	149	51	16
6	149	52	18
6	149	53	28
6	149	54	46
6	165	5	57
6	165	6	32
6	165	7	16
6	165	8	7
6	165	9	6
6	166	5	56
6	166	6	31
6	166	7	15
6	166	8	6
6	166	9	5
6	167	5	63
6	167	6	38
6	167	7	22
6	167	8	13
6	167	9	12
6	168	5	78
6	168	6	53
6	168	7	37
6	168	8	28
6	168	9	27
6	169	5	101
6	169	6	76
6	169	7	60
6	169	8	51
6	169	9	50
7	120	95	37
7	120	96	38
7	120	97	48
7	120	98	60
7	120	99	81
7	121	95	18
7	121	96	20
7	121	97	27
7	121	98	41
7	121	99	62
7	122	95	7
7	122	96	6
7	122	97	13
7	122	98	27
7	122	99	50
7	123	95	2
7	123	96	1
7	123	97	7
7	123	98	22
7	123	99	44
7	124	95	5
7	124	96	3
7	124	97	10
7	124	98	24
7	124	99	47
7	130	55	133
7	130	56	101
7	130	57	76
7	130	58	60
7	130	59	52
7	131	55	115
7	131	56	82
7	131	57	58
7	131	58	42
7	131	59	33
7	132	55	105
7	132	56	72
7	132	57	48
7	132	58	32
7	132	59	23
7	133	55	102
7	133	56	70
7	133	57	46
7	133	58	29
7	133	59	21
7	134	55	108
7	134	56	76
7	134	57	51
7	134	58	35
7	134	59	27
7	135	50	113
7	135	51	102
7	135	52	100
7	135	53	105
7	135	54	118
7	136	50	79
7	136	51	68
7	136	52	66
7	136	53	71
7	136	54	84
7	137	50	53
7	137	51	42
7	137	52	39
7	137	53	45
7	137	54	58
7	138	50	35
7	138	51	24
7	138	52	21
7	138	53	27
7	138	54	40
7	139	50	25
7	139	51	14
7	139	52	11
7	139	53	16
7	139	54	30
7	140	45	131
7	140	46	98
7	140	47	73
7	140	48	55
7	140	49	41
7	141	45	113
7	141	46	79
7	141	47	54
7	141	48	36
7	141	49	27
7	142	45	102
7	142	46	69
7	142	47	43
7	142	48	26
7	142	49	16
7	143	45	100
7	143	46	66
7	143	47	41
7	143	48	23
7	143	49	14
7	144	45	93
7	144	46	62
7	144	47	40
7	144	48	25
7	144	49	19
7	145	45	84
7	145	46	54
7	145	47	31
7	145	48	17
7	145	49	11
7	145	50	12
7	145	51	12
7	145	52	17
7	145	53	30
7	145	54	34
7	146	45	84
7	146	46	54
7	146	47	31
7	146	48	17
7	146	49	10
7	146	50	12
7	146	51	11
7	146	52	13
7	146	53	23
7	146	54	38
7	147	45	92
7	147	46	61
7	147	47	39
7	147	48	24
7	147	49	18
7	147	50	13
7	147	51	7
7	147	52	9
7	147	53	19
7	147	54	37
7	148	45	107
7	148	46	77
7	148	47	54
7	148	48	40
7	148	49	31
7	148	50	17
7	148	51	11
7	148	52	13
7	148	53	23
7	148	54	41
7	149	45	131
7	149	46	101
7	149	47	78
7	149	48	64
7	149	49	43
7	149	50	29
7	149	51	23
7	149	52	25
7	149	53	35
7	149	54	53
7	165	5	52
7	165	6	28
7	165	7	11
7	165	8	0
7	165	9	2
7	166	5	52
7	166	6	27
7	166	7	10
7	166	8	1
7	166	9	1
7	167	5	59
7	167	6	34
7	167	7	17
7	167	8	8
7	167	9	8
7	168	5	74
7	168	6	49
7	168	7	32
7	168	8	23
7	168	9	23
7	169	5	97
7	169	6	72
7	169	7	55
7	169	8	46
7	169	9	46
8	120	95	32
8	120	96	34
8	120	97	44
8	120	98	61
8	120	99	83
8	121	95	13
8	121	96	15
8	121	97	25
8	121	98	41
8	121	99	63
8	122	95	0
8	122	96	4
8	122	97	14
8	122	98	29
8	122	99	51
8	123	95	0
8	123	96	1
8	123	97	8
8	123	98	23
8	123	99	47
8	124	95	3
8	124	96	3
8	124	97	10
8	124	98	25
8	124	99	48
8	130	55	119
8	130	56	87
8	130	57	62
8	130	58	46
8	130	59	38
8	131	55	101
8	131	56	69
8	131	57	44
8	131	58	28
8	131	59	19
8	132	55	91
8	132	56	58
8	132	57	34
8	132	58	18
8	132	59	9
8	133	55	88
8	133	56	56
8	133	57	32
8	133	58	15
8	133	59	7
8	134	55	94
8	134	56	62
8	134	57	38
8	134	58	21
8	134	59	13
8	135	50	129
8	135	51	119
8	135	52	116
8	135	53	121
8	135	54	134
8	136	50	95
8	136	51	84
8	136	52	82
8	136	53	87
8	136	54	100
8	137	50	69
8	137	51	58
8	137	52	56
8	137	53	61
8	137	54	74
8	138	50	51
8	138	51	40
8	138	52	37
8	138	53	43
8	138	54	56
8	139	50	41
8	139	51	30
8	139	52	27
8	139	53	32
8	139	54	46
8	140	45	149
8	140	46	116
8	140	47	91
8	140	48	73
8	140	49	57
8	141	45	131
8	141	46	97
8	141	47	72
8	141	48	54
8	141	49	45
8	142	45	120
8	142	46	87
8	142	47	61
8	142	48	44
8	142	49	34
8	143	45	118
8	143	46	84
8	143	47	59
8	143	48	41
8	143	49	32
8	144	45	109
8	144	46	79
8	144	47	56
8	144	48	42
8	144	49	35
8	145	45	101
8	145	46	70
8	145	47	48
8	145	48	33
8	145	49	27
8	145	50	29
8	145	51	30
8	145	52	35
8	145	53	47
8	145	54	61
8	146	45	100
8	146	46	70
8	146	47	47
8	146	48	33
8	146	49	27
8	146	50	28
8	146	51	25
8	146	52	27
8	146	53	37
8	146	54	55
8	147	45	108
8	147	46	78
8	147	47	55
8	147	48	41
8	147	49	34
8	147	50	28
8	147	51	22
8	147	52	23
8	147	53	33
8	147	54	51
8	148	45	124
8	148	46	93
8	148	47	71
8	148	48	56
8	148	49	46
8	148	50	32
8	148	51	26
8	148	52	28
8	148	53	38
8	148	54	55
8	149	45	147
8	149	46	117
8	149	47	95
8	149	48	80
8	149	49	58
8	149	50	44
8	149	51	38
8	149	52	40
8	149	53	50
8	149	54	68
8	165	5	56
8	165	6	31
8	165	7	15
8	165	8	6
8	165	9	5
8	166	5	55
8	166	6	30
8	166	7	14
8	166	8	5
8	166	9	4
8	167	5	62
8	167	6	37
8	167	7	21
8	167	8	12
8	167	9	11
8	168	5	77
8	168	6	52
8	168	7	36
8	168	8	27
8	168	9	26
8	169	5	100
8	169	6	75
8	169	7	59
8	169	8	50
8	169	9	49
9	120	95	35
9	120	96	36
9	120	97	42
9	120	98	56
9	120	99	78
9	121	95	17
9	121	96	16
9	121	97	22
9	121	98	36
9	121	99	59
9	122	95	0
9	122	96	4
9	122	97	10
9	122	98	24
9	122	99	47
9	123	95	2
9	123	96	0
9	123	97	6
9	123	98	20
9	123	99	43
9	124	95	5
9	124	96	4
9	124	97	10
9	124	98	24
9	124	99	47
9	130	55	113
9	130	56	81
9	130	57	56
9	130	58	40
9	130	59	32
9	131	55	95
9	131	56	63
9	131	57	38
9	131	58	22
9	131	59	14
9	132	55	85
9	132	56	52
9	132	57	28
9	132	58	12
9	132	59	0
9	133	55	83
9	133	56	50
9	133	57	26
9	133	58	9
9	133	59	1
9	134	55	88
9	134	56	56
9	134	57	32
9	134	58	15
9	134	59	7
9	135	50	153
9	135	51	143
9	135	52	140
9	135	53	145
9	135	54	142
9	136	50	119
9	136	51	108
9	136	52	106
9	136	53	111
9	136	54	124
9	137	50	93
9	137	51	82
9	137	52	80
9	137	53	85
9	137	54	98
9	138	50	75
9	138	51	64
9	138	52	61
9	138	53	67
9	138	54	80
9	139	50	65
9	139	51	54
9	139	52	51
9	139	53	57
9	139	54	70
9	140	45	175
9	140	46	142
9	140	47	117
9	140	48	99
9	140	49	81
9	141	45	157
9	141	46	123
9	141	47	98
9	141	48	80
9	141	49	71
9	142	45	146
9	142	46	113
9	142	47	87
9	142	48	70
9	142	49	60
9	143	45	144
9	143	46	110
9	143	47	85
9	143	48	67
9	143	49	58
9	144	45	133
9	144	46	103
9	144	47	80
9	144	48	66
9	144	49	60
9	145	45	125
9	145	46	95
9	145	47	72
9	145	48	58
9	145	49	51
9	145	50	53
9	145	51	56
9	145	52	60
9	145	53	72
9	145	54	90
9	146	45	125
9	146	46	94
9	146	47	72
9	146	48	57
9	146	49	51
9	146	50	53
9	146	51	48
9	146	52	50
9	146	53	60
9	146	54	78
9	147	45	132
9	147	46	102
9	147	47	80
9	147	48	65
9	147	49	59
9	147	50	50
9	147	51	44
9	147	52	46
9	147	53	56
9	147	54	74
9	148	45	148
9	148	46	118
9	148	47	95
9	148	48	81
9	148	49	68
9	148	50	54
9	148	51	48
9	148	52	50
9	148	53	60
9	148	54	78
9	149	45	172
9	149	46	141
9	149	47	119
9	149	48	103
9	149	49	81
9	149	50	66
9	149	51	60
9	149	52	62
9	149	53	72
9	149	54	90
9	165	5	68
9	165	6	43
9	165	7	26
9	165	8	17
9	165	9	17
9	166	5	67
9	166	6	42
9	166	7	25
9	166	8	17
9	166	9	16
9	167	5	74
9	167	6	49
9	167	7	32
9	167	8	24
9	167	9	23
9	168	5	89
9	168	6	64
9	168	7	47
9	168	8	39
9	168	9	38
9	169	5	112
9	169	6	87
9	169	7	70
9	169	8	62
9	169	9	61
10	120	95	41
10	120	96	39
10	120	97	45
10	120	98	59
10	120	99	82
10	121	95	21
10	121	96	19
10	121	97	25
10	121	98	39
10	121	99	62
10	122	95	9
10	122	96	7
10	122	97	13
10	122	98	27
10	122	99	50
10	123	95	0
10	123	96	3
10	123	97	9
10	123	98	24
10	123	99	46
10	124	95	6
10	124	96	5
10	124	97	13
10	124	98	28
10	124	99	50
11	120	95	42
11	120	96	42
11	120	97	50
11	120	98	65
11	120	99	89
11	121	95	20
11	121	96	20
11	121	97	28
11	121	98	44
11	121	99	68
11	122	95	7
11	122	96	6
11	122	97	14
11	122	98	30
11	122	99	54
11	123	95	1
11	123	96	1
11	123	97	9
11	123	98	24
11	123	99	48
11	124	95	3
11	124	96	3
11	124	97	11
11	124	98	27
11	124	99	51
12	120	95	48
12	120	96	47
12	120	97	55
12	120	98	71
12	120	99	95
12	121	95	26
12	121	96	26
12	121	97	34
12	121	98	50
12	121	99	73
12	122	95	12
12	122	96	12
12	122	97	20
12	122	98	36
12	122	99	60
12	123	95	7
12	123	96	7
12	123	97	14
12	123	98	30
12	123	99	54
12	124	95	9
12	124	96	9
12	124	97	17
12	124	98	33
12	124	99	56
13	120	95	43
13	120	96	43
13	120	97	50
13	120	98	65
13	120	99	89
13	121	95	23
13	121	96	22
13	121	97	30
13	121	98	45
13	121	99	68
13	122	95	11
13	122	96	10
13	122	97	18
13	122	98	33
13	122	99	56
13	123	95	7
13	123	96	6
13	123	97	13
13	123	98	29
13	123	99	52
13	124	95	11
13	124	96	10
13	124	97	17
13	124	98	32
13	124	99	56
14	120	95	38
14	120	96	37
14	120	97	44
14	120	98	60
14	120	99	83
14	121	95	18
14	121	96	17
14	121	97	24
14	121	98	39
14	121	99	63
14	122	95	5
14	122	96	5
14	122	97	12
14	122	98	27
14	122	99	50
14	123	95	0
14	123	96	0
14	123	97	8
14	123	98	23
14	123	99	46
14	124	95	5
14	124	96	4
14	124	97	11
14	124	98	27
14	124	99	50
15	120	95	40
15	120	96	39
15	120	97	47
15	120	98	62
15	120	99	85
15	121	95	20
15	121	96	19
15	121	97	26
15	121	98	42
15	121	99	65
15	122	95	8
15	122	96	7
15	122	97	14
15	122	98	29
15	122	99	53
15	123	95	3
15	123	96	3
15	123	97	10
15	123	98	25
15	123	99	49
15	124	95	7
15	124	96	6
15	124	97	14
15	124	98	29
15	124	99	52
15	135	0	30
15	135	1	31
15	135	2	41
15	135	3	58
15	135	4	77
15	136	0	20
15	136	1	21
15	136	2	30
15	136	3	43
15	136	4	60
15	137	0	13
15	137	1	14
15	137	2	24
15	137	3	34
15	137	4	49
15	138	0	12
15	138	1	13
15	138	2	23
15	138	3	32
15	138	4	41
15	139	0	19
15	139	1	21
15	139	2	24
15	139	3	32
15	139	4	41
15	145	5	142
15	145	6	116
15	145	7	98
15	145	8	87
15	145	9	85
15	145	10	81
15	145	11	84
15	145	12	94
15	145	13	112
15	145	14	139
15	146	5	112
15	146	6	86
15	146	7	68
15	146	8	57
15	146	9	55
15	146	10	59
15	146	11	61
15	146	12	71
15	146	13	90
15	146	14	116
15	147	5	90
15	147	6	64
15	147	7	46
15	147	8	36
15	147	9	33
15	147	10	39
15	147	11	47
15	147	12	57
15	147	13	75
15	147	14	102
15	148	5	76
15	148	6	50
15	148	7	32
15	148	8	22
15	148	9	19
15	148	10	25
15	148	11	39
15	148	12	50
15	148	13	69
15	148	14	95
15	149	5	70
15	149	6	44
15	149	7	26
15	149	8	16
15	149	9	14
15	149	10	19
15	149	11	33
15	149	12	49
15	149	13	70
15	149	14	97
15	150	0	103
15	150	1	99
15	150	2	104
15	150	3	117
15	150	4	107
15	151	0	68
15	151	1	65
15	151	2	69
15	151	3	82
15	151	4	99
15	152	0	41
15	152	1	38
15	152	2	42
15	152	3	55
15	152	4	71
15	153	0	22
15	153	1	19
15	153	2	23
15	153	3	36
15	153	4	50
15	154	0	11
15	154	1	8
15	154	2	13
15	154	3	24
15	154	4	37
15	155	0	8
15	155	1	5
15	155	2	10
15	155	3	19
15	155	4	33
15	156	0	13
15	156	1	10
15	156	2	15
15	156	3	22
15	156	4	36
15	157	0	26
15	157	1	23
15	157	2	28
15	157	3	34
15	157	4	47
15	158	0	47
15	158	1	44
15	158	2	48
15	158	3	53
15	158	4	67
15	159	0	76
15	159	1	73
15	159	2	75
15	159	3	80
15	159	4	94
16	120	95	45
16	120	96	44
16	120	97	51
16	120	98	66
16	120	99	89
16	121	95	27
16	121	96	26
16	121	97	33
16	121	98	48
16	121	99	71
16	122	95	17
16	122	96	16
16	122	97	23
16	122	98	38
16	122	99	61
16	123	95	14
16	123	96	13
16	123	97	20
16	123	98	36
16	123	99	59
16	124	95	18
16	124	96	17
16	124	97	24
16	124	98	39
16	124	99	63
16	135	0	18
16	135	1	19
16	135	2	28
16	135	3	45
16	135	4	62
16	136	0	7
16	136	1	8
16	136	2	18
16	136	3	28
16	136	4	44
16	137	0	0
16	137	1	5
16	137	2	11
16	137	3	19
16	137	4	31
16	138	0	2
16	138	1	4
16	138	2	9
16	138	3	14
16	138	4	23
16	139	0	10
16	139	1	8
16	139	2	9
16	139	3	14
16	139	4	24
16	145	5	131
16	145	6	105
16	145	7	87
16	145	8	77
16	145	9	66
16	145	10	61
16	145	11	63
16	145	12	73
16	145	13	92
16	145	14	118
16	146	5	101
16	146	6	75
16	146	7	57
16	146	8	47
16	146	9	44
16	146	10	38
16	146	11	41
16	146	12	51
16	146	13	69
16	146	14	96
16	147	5	79
16	147	6	53
16	147	7	35
16	147	8	25
16	147	9	23
16	147	10	24
16	147	11	26
16	147	12	36
16	147	13	55
16	147	14	81
16	148	5	65
16	148	6	39
16	148	7	21
16	148	8	11
16	148	9	9
16	148	10	14
16	148	11	19
16	148	12	30
16	148	13	48
16	148	14	75
16	149	5	60
16	149	6	33
16	149	7	15
16	149	8	0
16	149	9	3
16	149	10	9
16	149	11	17
16	149	12	31
16	149	13	50
16	149	14	76
16	150	0	98
16	150	1	94
16	150	2	99
16	150	3	112
16	150	4	96
16	151	0	63
16	151	1	59
16	151	2	64
16	151	3	75
16	151	4	89
16	152	0	36
16	152	1	32
16	152	2	37
16	152	3	46
16	152	4	60
16	153	0	17
16	153	1	14
16	153	2	18
16	153	3	26
16	153	4	39
16	154	0	0
16	154	1	3
16	154	2	7
16	154	3	13
16	154	4	27
16	155	0	3
16	155	1	0
16	155	2	3
16	155	3	8
16	155	4	22
16	156	0	8
16	156	1	5
16	156	2	6
16	156	3	12
16	156	4	25
16	157	0	21
16	157	1	18
16	157	2	17
16	157	3	23
16	157	4	37
16	158	0	42
16	158	1	39
16	158	2	37
16	158	3	42
16	158	4	56
16	159	0	71
16	159	1	66
16	159	2	64
16	159	3	70
16	159	4	83
17	120	95	34
17	120	96	33
17	120	97	40
17	120	98	55
17	120	99	78
17	121	95	16
17	121	96	15
17	121	97	22
17	121	98	37
17	121	99	60
17	122	95	0
17	122	96	5
17	122	97	12
17	122	98	27
17	122	99	50
17	123	95	5
17	123	96	3
17	123	97	10
17	123	98	25
17	123	99	48
17	124	95	11
17	124	96	10
17	124	97	17
17	124	98	32
17	124	99	55
17	135	0	13
17	135	1	14
17	135	2	23
17	135	3	38
17	135	4	54
17	136	0	0
17	136	1	4
17	136	2	13
17	136	3	21
17	136	4	37
17	137	0	0
17	137	1	0
17	137	2	3
17	137	3	11
17	137	4	21
17	138	0	1
17	138	1	0
17	138	2	0
17	138	3	4
17	138	4	14
17	139	0	8
17	139	1	1
17	139	2	2
17	139	3	4
17	139	4	14
17	145	5	128
17	145	6	102
17	145	7	84
17	145	8	67
17	145	9	54
17	145	10	48
17	145	11	51
17	145	12	61
17	145	13	79
17	145	14	106
17	146	5	99
17	146	6	72
17	146	7	54
17	146	8	44
17	146	9	31
17	146	10	26
17	146	11	28
17	146	12	38
17	146	13	57
17	146	14	83
17	147	5	77
17	147	6	50
17	147	7	32
17	147	8	22
17	147	9	17
17	147	10	11
17	147	11	13
17	147	12	24
17	147	13	42
17	147	14	69
17	148	5	63
17	148	6	37
17	148	7	18
17	148	8	8
17	148	9	6
17	148	10	5
17	148	11	7
17	148	12	17
17	148	13	36
17	148	14	62
17	149	5	57
17	149	6	31
17	149	7	12
17	149	8	2
17	149	9	0
17	149	10	2
17	149	11	8
17	149	12	19
17	149	13	37
17	149	14	64
17	150	0	100
17	150	1	97
17	150	2	102
17	150	3	109
17	150	4	93
17	151	0	66
17	151	1	62
17	151	2	66
17	151	3	72
17	151	4	86
17	152	0	39
17	152	1	35
17	152	2	38
17	152	3	43
17	152	4	57
17	153	0	20
17	153	1	16
17	153	2	17
17	153	3	23
17	153	4	36
17	154	0	9
17	154	1	5
17	154	2	4
17	154	3	10
17	154	4	24
17	155	0	6
17	155	1	2
17	155	2	0
17	155	3	5
17	155	4	19
17	156	0	11
17	156	1	5
17	156	2	3
17	156	3	9
17	156	4	22
17	157	0	24
17	157	1	17
17	157	2	14
17	157	3	20
17	157	4	34
17	158	0	45
17	158	1	36
17	158	2	34
17	158	3	39
17	158	4	53
17	159	0	74
17	159	1	64
17	159	2	61
17	159	3	67
17	159	4	80
18	120	95	31
18	120	96	30
18	120	97	37
18	120	98	52
18	120	99	74
18	121	95	13
18	121	96	12
18	121	97	19
18	121	98	34
18	121	99	57
18	122	95	3
18	122	96	2
18	122	97	9
18	122	98	24
18	122	99	47
18	123	95	1
18	123	96	0
18	123	97	7
18	123	98	22
18	123	99	45
18	124	95	8
18	124	96	7
18	124	97	14
18	124	98	29
18	124	99	51
18	135	0	16
18	135	1	17
18	135	2	26
18	135	3	39
18	135	4	55
18	136	0	6
18	136	1	7
18	136	2	13
18	136	3	21
18	136	4	35
18	137	0	3
18	137	1	4
18	137	2	4
18	137	3	10
18	137	4	19
18	138	0	7
18	138	1	2
18	138	2	1
18	138	3	2
18	138	4	12
18	139	0	9
18	139	1	2
18	139	2	1
18	139	3	3
18	139	4	12
18	145	5	134
18	145	6	107
18	145	7	84
18	145	8	63
18	145	9	49
18	145	10	44
18	145	11	46
18	145	12	56
18	145	13	75
18	145	14	101
18	146	5	104
18	146	6	78
18	146	7	59
18	146	8	40
18	146	9	27
18	146	10	21
18	146	11	24
18	146	12	34
18	146	13	52
18	146	14	79
18	147	5	82
18	147	6	56
18	147	7	37
18	147	8	26
18	147	9	12
18	147	10	7
18	147	11	9
18	147	12	19
18	147	13	38
18	147	14	64
18	148	5	68
18	148	6	42
18	148	7	24
18	148	8	13
18	148	9	0
18	148	10	0
18	148	11	2
18	148	12	13
18	148	13	31
18	148	14	58
18	149	5	62
18	149	6	36
18	149	7	18
18	149	8	7
18	149	9	3
18	149	10	1
18	149	11	4
18	149	12	14
18	149	13	33
18	149	14	59
18	150	0	111
18	150	1	108
18	150	2	108
18	150	3	114
18	150	4	98
18	151	0	76
18	151	1	73
18	151	2	72
18	151	3	77
18	151	4	91
18	152	0	49
18	152	1	45
18	152	2	43
18	152	3	48
18	152	4	62
18	153	0	31
18	153	1	25
18	153	2	22
18	153	3	28
18	153	4	41
18	154	0	20
18	154	1	12
18	154	2	10
18	154	3	15
18	154	4	29
18	155	0	17
18	155	1	7
18	155	2	5
18	155	3	11
18	155	4	24
18	156	0	21
18	156	1	11
18	156	2	8
18	156	3	14
18	156	4	27
18	157	0	32
18	157	1	22
18	157	2	20
18	157	3	25
18	157	4	39
18	158	0	52
18	158	1	41
18	158	2	39
18	158	3	45
18	158	4	58
18	159	0	79
18	159	1	69
18	159	2	66
18	159	3	72
18	159	4	85
19	120	95	31
19	120	96	31
19	120	97	39
19	120	98	54
19	120	99	78
19	121	95	13
19	121	96	13
19	121	97	21
19	121	98	37
19	121	99	60
19	122	95	0
19	122	96	3
19	122	97	11
19	122	98	27
19	122	99	51
19	123	95	0
19	123	96	1
19	123	97	9
19	123	98	25
19	123	99	49
19	124	95	5
19	124	96	8
19	124	97	15
19	124	98	31
19	124	99	55
19	135	0	27
19	135	1	28
19	135	2	37
19	135	3	47
19	135	4	63
19	136	0	17
19	136	1	18
19	136	2	22
19	136	3	30
19	136	4	41
19	137	0	15
19	137	1	12
19	137	2	12
19	137	3	16
19	137	4	26
19	138	0	19
19	138	1	11
19	138	2	7
19	138	3	9
19	138	4	18
19	139	0	18
19	139	1	11
19	139	2	8
19	139	3	9
19	139	4	18
19	145	5	147
19	145	6	117
19	145	7	88
19	145	8	66
19	145	9	53
19	145	10	47
19	145	11	50
19	145	12	60
19	145	13	78
19	145	14	105
19	146	5	117
19	146	6	91
19	146	7	65
19	146	8	44
19	146	9	30
19	146	10	25
19	146	11	27
19	146	12	37
19	146	13	56
19	146	14	82
19	147	5	95
19	147	6	69
19	147	7	47
19	147	8	28
19	147	9	16
19	147	10	10
19	147	11	12
19	147	12	23
19	147	13	41
19	147	14	68
19	148	5	81
19	148	6	55
19	148	7	37
19	148	8	17
19	148	9	6
19	148	10	2
19	148	11	6
19	148	12	16
19	148	13	35
19	148	14	61
19	149	5	75
19	149	6	49
19	149	7	31
19	149	8	15
19	149	9	4
19	149	10	0
19	149	11	5
19	149	12	17
19	149	13	36
19	149	14	63
19	150	0	130
19	150	1	124
19	150	2	121
19	150	3	127
19	150	4	112
19	151	0	95
19	151	1	87
19	151	2	85
19	151	3	90
19	151	4	104
19	152	0	68
19	152	1	58
19	152	2	56
19	152	3	62
19	152	4	75
19	153	0	48
19	153	1	38
19	153	2	35
19	153	3	41
19	153	4	55
19	154	0	35
19	154	1	25
19	154	2	23
19	154	3	28
19	154	4	42
19	155	0	31
19	155	1	20
19	155	2	18
19	155	3	24
19	155	4	37
19	156	0	34
19	156	1	24
19	156	2	21
19	156	3	27
19	156	4	41
19	157	0	45
19	157	1	35
19	157	2	33
19	157	3	38
19	157	4	52
19	158	0	65
19	158	1	54
19	158	2	52
19	158	3	58
19	158	4	71
19	159	0	92
19	159	1	82
19	159	2	79
19	159	3	85
19	159	4	99
20	120	95	32
20	120	96	31
20	120	97	39
20	120	98	55
20	120	99	79
20	121	95	14
20	121	96	13
20	121	97	21
20	121	98	37
20	121	99	61
20	122	95	0
20	122	96	4
20	122	97	11
20	122	98	27
20	122	99	51
20	123	95	0
20	123	96	2
20	123	97	9
20	123	98	25
20	123	99	48
20	124	95	3
20	124	96	6
20	124	97	15
20	124	98	30
20	124	99	54
20	140	125	107
20	140	126	71
20	140	127	43
20	140	128	23
20	140	129	11
20	140	130	7
20	140	131	9
20	140	132	8
20	140	133	15
20	140	134	30
20	141	125	105
20	141	126	69
20	141	127	41
20	141	128	21
20	141	129	10
20	141	130	6
20	141	131	6
20	141	132	5
20	141	133	12
20	141	134	27
20	142	125	111
20	142	126	76
20	142	127	48
20	142	128	28
20	142	129	16
20	142	130	11
20	142	131	11
20	142	132	10
20	142	133	17
20	142	134	32
20	143	125	117
20	143	126	88
20	143	127	62
20	143	128	42
20	143	129	30
20	143	130	25
20	143	131	24
20	143	132	23
20	143	133	30
20	143	134	45
20	144	125	94
20	144	126	66
20	144	127	45
20	144	128	33
20	144	129	29
20	144	130	31
20	144	131	30
20	144	132	38
20	144	133	44
20	144	134	54
20	145	5	161
20	145	6	126
20	145	7	98
20	145	8	78
20	145	9	64
20	145	125	79
20	145	126	51
20	145	127	31
20	145	128	18
20	145	129	14
20	145	130	13
20	145	131	13
20	145	132	21
20	145	133	36
20	145	134	47
20	146	5	135
20	146	6	100
20	146	7	72
20	146	8	53
20	146	9	41
20	146	125	73
20	146	126	44
20	146	127	24
20	146	128	12
20	146	129	7
20	146	130	0
20	146	131	3
20	146	132	11
20	146	133	27
20	146	134	49
20	147	5	116
20	147	6	81
20	147	7	54
20	147	8	34
20	147	9	23
20	147	125	74
20	147	126	46
20	147	127	25
20	147	128	13
20	147	129	9
20	147	130	2
20	147	131	2
20	147	132	9
20	147	133	25
20	147	134	49
20	148	5	102
20	148	6	71
20	148	7	44
20	148	8	24
20	148	9	13
20	148	125	83
20	148	126	55
20	148	127	35
20	148	128	22
20	148	129	17
20	148	130	9
20	148	131	8
20	148	132	16
20	148	133	32
20	148	134	55
20	149	5	97
20	149	6	69
20	149	7	42
20	149	8	22
20	149	9	11
20	149	125	101
20	149	126	72
20	149	127	52
20	149	128	40
20	149	129	32
20	149	130	23
20	149	131	23
20	149	132	30
20	149	133	46
20	149	134	53
20	150	125	106
20	150	126	82
20	150	127	67
20	150	128	59
20	150	129	54
20	150	130	46
20	150	131	45
20	150	132	41
20	150	133	36
20	150	134	39
20	150	135	36
20	150	136	28
20	150	137	28
20	150	138	36
20	150	139	52
20	151	125	93
20	151	126	69
20	151	127	54
20	151	128	46
20	151	129	47
20	151	130	55
20	151	131	48
20	151	132	34
20	151	133	29
20	151	134	32
20	151	135	26
20	151	136	18
20	151	137	18
20	151	138	26
20	151	139	42
20	152	125	88
20	152	126	64
20	152	127	49
20	152	128	41
20	152	129	42
20	152	130	50
20	152	131	49
20	152	132	36
20	152	133	31
20	152	134	27
20	152	135	23
20	152	136	15
20	152	137	15
20	152	138	23
20	152	139	39
20	153	125	91
20	153	126	67
20	153	127	52
20	153	128	44
20	153	129	45
20	153	130	53
20	153	131	58
20	153	132	45
20	153	133	35
20	153	134	25
20	153	135	23
20	153	136	21
20	153	137	21
20	153	138	29
20	153	139	45
20	154	125	102
20	154	126	79
20	154	127	63
20	154	128	56
20	154	129	56
20	154	130	64
20	154	131	76
20	154	132	59
20	154	133	41
20	154	134	31
20	154	135	30
20	154	136	34
20	154	137	34
20	154	138	42
20	154	139	58
21	120	95	32
21	120	96	31
21	120	97	38
21	120	98	53
21	120	99	76
21	121	95	15
21	121	96	14
21	121	97	21
21	121	98	36
21	121	99	59
21	122	95	0
21	122	96	4
21	122	97	11
21	122	98	27
21	122	99	50
21	123	95	0
21	123	96	1
21	123	97	9
21	123	98	24
21	123	99	48
21	124	95	6
21	124	96	6
21	124	97	14
21	124	98	29
21	124	99	53
21	140	125	101
21	140	126	65
21	140	127	37
21	140	128	17
21	140	129	0
21	140	130	0
21	140	131	0
21	140	132	3
21	140	133	10
21	140	134	25
21	141	125	99
21	141	126	64
21	141	127	36
21	141	128	16
21	141	129	4
21	141	130	0
21	141	131	1
21	141	132	0
21	141	133	7
21	141	134	22
21	142	125	106
21	142	126	70
21	142	127	42
21	142	128	22
21	142	129	10
21	142	130	6
21	142	131	6
21	142	132	5
21	142	133	12
21	142	134	28
21	143	125	110
21	143	126	81
21	143	127	56
21	143	128	36
21	143	129	24
21	143	130	19
21	143	131	19
21	143	132	18
21	143	133	25
21	143	134	41
21	144	125	87
21	144	126	59
21	144	127	38
21	144	128	26
21	144	129	22
21	144	130	23
21	144	131	26
21	144	132	23
21	144	133	24
21	144	134	34
21	145	5	176
21	145	6	141
21	145	7	113
21	145	8	94
21	145	9	82
21	145	125	72
21	145	126	44
21	145	127	24
21	145	128	11
21	145	129	7
21	145	130	9
21	145	131	12
21	145	132	16
21	145	133	18
21	145	134	27
21	146	5	150
21	146	6	115
21	146	7	87
21	146	8	68
21	146	9	56
21	146	125	66
21	146	126	37
21	146	127	17
21	146	128	5
21	146	129	0
21	146	130	0
21	146	131	3
21	146	132	11
21	146	133	19
21	146	134	29
21	147	5	132
21	147	6	96
21	147	7	69
21	147	8	49
21	147	9	38
21	147	125	67
21	147	126	39
21	147	127	18
21	147	128	6
21	147	129	2
21	147	130	1
21	147	131	1
21	147	132	9
21	147	133	25
21	147	134	38
21	148	5	122
21	148	6	86
21	148	7	59
21	148	8	39
21	148	9	28
21	148	125	76
21	148	126	48
21	148	127	28
21	148	128	15
21	148	129	11
21	148	130	8
21	148	131	8
21	148	132	16
21	148	133	31
21	148	134	55
21	149	5	119
21	149	6	84
21	149	7	56
21	149	8	37
21	149	9	26
21	149	125	94
21	149	126	65
21	149	127	45
21	149	128	33
21	149	129	28
21	149	130	23
21	149	131	22
21	149	132	30
21	149	133	33
21	149	134	36
21	150	125	84
21	150	126	61
21	150	127	45
21	150	128	37
21	150	129	38
21	150	130	45
21	150	131	37
21	150	132	23
21	150	133	18
21	150	134	21
21	150	135	25
21	150	136	17
21	150	137	17
21	150	138	25
21	150	139	41
21	151	125	71
21	151	126	48
21	151	127	32
21	151	128	25
21	151	129	25
21	151	130	33
21	151	131	30
21	151	132	17
21	151	133	12
21	151	134	14
21	151	135	14
21	151	136	0
21	151	137	6
21	151	138	14
21	151	139	30
21	152	125	66
21	152	126	43
21	152	127	27
21	152	128	20
21	152	129	20
21	152	130	29
21	152	131	31
21	152	132	18
21	152	133	13
21	152	134	12
21	152	135	10
21	152	136	4
21	152	137	4
21	152	138	12
21	152	139	28
21	153	125	69
21	153	126	46
21	153	127	30
21	153	128	23
21	153	129	23
21	153	130	32
21	153	131	41
21	153	132	28
21	153	133	20
21	153	134	10
21	153	135	8
21	153	136	10
21	153	137	9
21	153	138	17
21	153	139	33
21	154	125	81
21	154	126	57
21	154	127	41
21	154	128	34
21	154	129	34
21	154	130	43
21	154	131	58
21	154	132	44
21	154	133	26
21	154	134	16
21	154	135	14
21	154	136	20
21	154	137	23
21	154	138	31
21	154	139	47
22	120	95	28
22	120	96	27
22	120	97	33
22	120	98	47
22	120	99	69
22	121	95	11
22	121	96	10
22	121	97	17
22	121	98	31
22	121	99	53
22	122	95	0
22	122	96	1
22	122	97	8
22	122	98	22
22	122	99	44
22	123	95	0
22	123	96	1
22	123	97	7
22	123	98	21
22	123	99	43
22	124	95	4
22	124	96	5
22	124	97	14
22	124	98	28
22	124	99	50
22	140	125	103
22	140	126	67
22	140	127	40
22	140	128	20
22	140	129	8
22	140	130	4
22	140	131	7
22	140	132	7
22	140	133	14
22	140	134	29
22	141	125	102
22	141	126	66
22	141	127	38
22	141	128	18
22	141	129	6
22	141	130	2
22	141	131	5
22	141	132	4
22	141	133	11
22	141	134	26
22	142	125	108
22	142	126	72
22	142	127	44
22	142	128	24
22	142	129	12
22	142	130	8
22	142	131	10
22	142	132	9
22	142	133	16
22	142	134	31
22	143	125	108
22	143	126	82
22	143	127	59
22	143	128	39
22	143	129	27
22	143	130	22
22	143	131	23
22	143	132	22
22	143	133	27
22	143	134	36
22	144	125	88
22	144	126	60
22	144	127	39
22	144	128	27
22	144	129	23
22	144	130	18
22	144	131	17
22	144	132	11
22	144	133	12
22	144	134	22
22	145	5	164
22	145	6	131
22	145	7	106
22	145	8	88
22	145	9	79
22	145	125	73
22	145	126	45
22	145	127	25
22	145	128	13
22	145	129	8
22	145	130	5
22	145	131	8
22	145	132	4
22	145	133	6
22	145	134	15
22	146	5	137
22	146	6	106
22	146	7	84
22	146	8	70
22	146	9	62
22	146	125	67
22	146	126	38
22	146	127	18
22	146	128	6
22	146	129	2
22	146	130	0
22	146	131	3
22	146	132	6
22	146	133	7
22	146	134	17
22	147	5	117
22	147	6	87
22	147	7	65
22	147	8	51
22	147	9	44
22	147	125	68
22	147	126	40
22	147	127	20
22	147	128	7
22	147	129	3
22	147	130	2
22	147	131	5
22	147	132	15
22	147	133	17
22	147	134	26
22	148	5	105
22	148	6	75
22	148	7	53
22	148	8	39
22	148	9	33
22	148	125	77
22	148	126	49
22	148	127	29
22	148	128	17
22	148	129	12
22	148	130	9
22	148	131	13
22	148	132	23
22	148	133	34
22	148	134	44
22	149	5	102
22	149	6	72
22	149	7	50
22	149	8	35
22	149	9	29
22	149	125	91
22	149	126	67
22	149	127	46
22	149	128	34
22	149	129	29
22	149	130	24
22	149	131	28
22	149	132	28
22	149	133	23
22	149	134	26
22	150	125	70
22	150	126	47
22	150	127	31
22	150	128	24
22	150	129	24
22	150	130	33
22	150	131	27
22	150	132	14
22	150	133	9
22	150	134	11
22	150	135	22
22	150	136	14
22	150	137	14
22	150	138	22
22	150	139	38
22	151	125	58
22	151	126	34
22	151	127	19
22	151	128	11
22	151	129	11
22	151	130	20
22	151	131	20
22	151	132	7
22	151	133	0
22	151	134	5
22	151	135	11
22	151	136	3
22	151	137	3
22	151	138	11
22	151	139	27
22	152	125	53
22	152	126	29
22	152	127	14
22	152	128	6
22	152	129	7
22	152	130	15
22	152	131	22
22	152	132	9
22	152	133	3
22	152	134	0
22	152	135	2
22	152	136	1
22	152	137	1
22	152	138	9
22	152	139	25
22	153	125	56
22	153	126	32
22	153	127	17
22	153	128	9
22	153	129	10
22	153	130	18
22	153	131	31
22	153	132	18
22	153	133	13
22	153	134	3
22	153	135	1
22	153	136	6
22	153	137	6
22	153	138	14
22	153	139	30
22	154	125	67
22	154	126	43
22	154	127	28
22	154	128	20
22	154	129	21
22	154	130	29
22	154	131	46
22	154	132	35
22	154	133	19
22	154	134	9
22	154	135	7
22	154	136	13
22	154	137	20
22	154	138	28
22	154	139	44
23	120	95	30
23	120	96	29
23	120	97	35
23	120	98	49
23	120	99	71
23	121	95	14
23	121	96	12
23	121	97	18
23	121	98	32
23	121	99	54
23	122	95	5
23	122	96	3
23	122	97	9
23	122	98	23
23	122	99	45
23	123	95	4
23	123	96	2
23	123	97	8
23	123	98	22
23	123	99	44
23	124	95	10
23	124	96	9
23	124	97	15
23	124	98	29
23	124	99	51
23	140	125	114
23	140	126	78
23	140	127	50
23	140	128	30
23	140	129	18
23	140	130	14
23	140	131	18
23	140	132	18
23	140	133	25
23	140	134	40
23	141	125	112
23	141	126	76
23	141	127	48
23	141	128	28
23	141	129	16
23	141	130	13
23	141	131	16
23	141	132	15
23	141	133	22
23	141	134	37
23	142	125	101
23	142	126	79
23	142	127	54
23	142	128	35
23	142	129	23
23	142	130	18
23	142	131	21
23	142	132	20
23	142	133	27
23	142	134	43
23	143	125	83
23	143	126	61
23	143	127	47
23	143	128	41
23	143	129	37
23	143	130	32
23	143	131	28
23	143	132	21
23	143	133	23
23	143	134	32
23	144	125	73
23	144	126	51
23	144	127	37
23	144	128	30
23	144	129	27
23	144	130	22
23	144	131	13
23	144	132	7
23	144	133	8
23	144	134	18
23	145	5	141
23	145	6	107
23	145	7	82
23	145	8	64
23	145	9	55
23	145	125	71
23	145	126	49
23	145	127	34
23	145	128	22
23	145	129	13
23	145	130	8
23	145	131	7
23	145	132	0
23	145	133	2
23	145	134	11
23	146	5	119
23	146	6	89
23	146	7	65
23	146	8	47
23	146	9	37
23	146	125	76
23	146	126	48
23	146	127	27
23	146	128	15
23	146	129	8
23	146	130	3
23	146	131	6
23	146	132	2
23	146	133	3
23	146	134	13
23	147	5	99
23	147	6	69
23	147	7	47
23	147	8	33
23	147	9	27
23	147	125	77
23	147	126	49
23	147	127	29
23	147	128	16
23	147	129	11
23	147	130	6
23	147	131	9
23	147	132	11
23	147	133	13
23	147	134	22
23	148	5	88
23	148	6	58
23	148	7	35
23	148	8	21
23	148	9	15
23	148	125	87
23	148	126	58
23	148	127	38
23	148	128	25
23	148	129	15
23	148	130	13
23	148	131	19
23	148	132	29
23	148	133	30
23	148	134	40
23	149	5	84
23	149	6	54
23	149	7	32
23	149	8	18
23	149	9	12
23	149	125	86
23	149	126	62
23	149	127	47
23	149	128	37
23	149	129	27
23	149	130	25
23	149	131	32
23	149	132	27
23	149	133	22
23	149	134	24
23	150	125	65
23	150	126	41
23	150	127	26
23	150	128	18
23	150	129	19
23	150	130	27
23	150	131	25
23	150	132	12
23	150	133	7
23	150	134	10
23	150	135	21
23	150	136	18
23	150	137	18
23	150	138	26
23	150	139	42
23	151	125	52
23	151	126	28
23	151	127	13
23	151	128	5
23	151	129	6
23	151	130	14
23	151	131	19
23	151	132	6
23	151	133	0
23	151	134	3
23	151	135	13
23	151	136	8
23	151	137	8
23	151	138	16
23	151	139	32
23	152	125	47
23	152	126	24
23	152	127	8
23	152	128	0
23	152	129	1
23	152	130	9
23	152	131	20
23	152	132	7
23	152	133	2
23	152	134	5
23	152	135	3
23	152	136	5
23	152	137	5
23	152	138	13
23	152	139	29
23	153	125	50
23	153	126	27
23	153	127	11
23	153	128	4
23	153	129	4
23	153	130	13
23	153	131	29
23	153	132	16
23	153	133	11
23	153	134	3
23	153	135	2
23	153	136	8
23	153	137	11
23	153	138	19
23	153	139	35
23	154	125	61
23	154	126	38
23	154	127	22
23	154	128	15
23	154	129	15
23	154	130	24
23	154	131	40
23	154	132	34
23	154	133	20
23	154	134	10
23	154	135	8
23	154	136	14
23	154	137	25
23	154	138	33
23	154	139	48
24	120	95	35
24	120	96	34
24	120	97	40
24	120	98	54
24	120	99	77
24	121	95	17
24	121	96	15
24	121	97	22
24	121	98	36
24	121	99	58
24	122	95	0
24	122	96	5
24	122	97	11
24	122	98	26
24	122	99	48
24	123	95	4
24	123	96	3
24	123	97	9
24	123	98	23
24	123	99	46
24	124	95	10
24	124	96	8
24	124	97	15
24	124	98	29
24	124	99	51
24	140	125	132
24	140	126	96
24	140	127	68
24	140	128	48
24	140	129	36
24	140	130	33
24	140	131	36
24	140	132	38
24	140	133	45
24	140	134	60
24	141	125	110
24	141	126	88
24	141	127	66
24	141	128	47
24	141	129	35
24	141	130	31
24	141	131	34
24	141	132	35
24	141	133	42
24	141	134	57
24	142	125	84
24	142	126	62
24	142	127	48
24	142	128	42
24	142	129	41
24	142	130	37
24	142	131	40
24	142	132	40
24	142	133	47
24	142	134	58
24	143	125	66
24	143	126	44
24	143	127	30
24	143	128	23
24	143	129	25
24	143	130	35
24	143	131	32
24	143	132	25
24	143	133	27
24	143	134	36
24	144	125	56
24	144	126	34
24	144	127	19
24	144	128	13
24	144	129	15
24	144	130	25
24	144	131	17
24	144	132	11
24	144	133	12
24	144	134	22
24	145	5	125
24	145	6	91
24	145	7	66
24	145	8	48
24	145	9	39
24	145	125	54
24	145	126	31
24	145	127	17
24	145	128	11
24	145	129	13
24	145	130	16
24	145	131	11
24	145	132	4
24	145	133	6
24	145	134	15
24	146	5	107
24	146	6	74
24	146	7	48
24	146	8	31
24	146	9	21
24	146	125	58
24	146	126	36
24	146	127	22
24	146	128	15
24	146	129	0
24	146	130	5
24	146	131	11
24	146	132	6
24	146	133	7
24	146	134	17
24	147	5	90
24	147	6	59
24	147	7	37
24	147	8	22
24	147	9	12
24	147	125	69
24	147	126	46
24	147	127	31
24	147	128	13
24	147	129	3
24	147	130	1
24	147	131	7
24	147	132	15
24	147	133	17
24	147	134	26
24	148	5	78
24	148	6	48
24	148	7	26
24	148	8	12
24	148	9	0
24	148	125	87
24	148	126	61
24	148	127	35
24	148	128	17
24	148	129	7
24	148	130	5
24	148	131	11
24	148	132	25
24	148	133	34
24	148	134	44
24	149	5	74
24	149	6	44
24	149	7	22
24	149	8	8
24	149	9	2
24	149	125	88
24	149	126	65
24	149	127	47
24	149	128	29
24	149	129	19
24	149	130	17
24	149	131	24
24	149	132	33
24	149	133	28
24	149	134	31
24	150	125	67
24	150	126	44
24	150	127	28
24	150	128	21
24	150	129	21
24	150	130	30
24	150	131	32
24	150	132	19
24	150	133	13
24	150	134	16
24	150	135	27
24	150	136	31
24	150	137	31
24	150	138	39
24	150	139	55
24	151	125	54
24	151	126	31
24	151	127	15
24	151	128	8
24	151	129	8
24	151	130	17
24	151	131	25
24	151	132	12
24	151	133	7
24	151	134	10
24	151	135	20
24	151	136	21
24	151	137	21
24	151	138	29
24	151	139	45
24	152	125	50
24	152	126	26
24	152	127	10
24	152	128	3
24	152	129	3
24	152	130	12
24	152	131	27
24	152	132	13
24	152	133	8
24	152	134	11
24	152	135	12
24	152	136	18
24	152	137	18
24	152	138	26
24	152	139	42
24	153	125	53
24	153	126	29
24	153	127	14
24	153	128	6
24	153	129	6
24	153	130	15
24	153	131	31
24	153	132	23
24	153	133	18
24	153	134	12
24	153	135	10
24	153	136	16
24	153	137	24
24	153	138	32
24	153	139	48
24	154	125	64
24	154	126	40
24	154	127	25
24	154	128	17
24	154	129	18
24	154	130	26
24	154	131	43
24	154	132	40
24	154	133	28
24	154	134	18
24	154	135	17
24	154	136	23
24	154	137	37
24	154	138	45
24	154	139	61
25	140	125	135
25	140	126	113
25	140	127	94
25	140	128	75
25	140	129	63
25	141	125	101
25	141	126	79
25	141	127	65
25	141	128	59
25	141	129	60
25	142	125	75
25	142	126	53
25	142	127	39
25	142	128	32
25	142	129	34
25	143	125	57
25	143	126	35
25	143	127	20
25	143	128	14
25	143	129	16
25	144	125	47
25	144	126	24
25	144	127	10
25	144	128	0
25	144	129	6
25	145	5	116
25	145	6	83
25	145	7	57
25	145	8	40
25	145	9	30
25	145	10	29
25	145	11	35
25	145	12	50
25	145	13	54
25	145	14	48
25	145	125	44
25	145	126	22
25	145	127	8
25	145	128	0
25	145	129	3
25	146	5	99
25	146	6	66
25	146	7	40
25	146	8	23
25	146	9	13
25	146	10	12
25	146	11	18
25	146	12	33
25	146	13	54
25	146	14	49
25	146	125	48
25	146	126	26
25	146	127	11
25	146	128	5
25	146	129	6
25	147	5	88
25	147	6	57
25	147	7	31
25	147	8	14
25	147	9	0
25	147	10	3
25	147	11	9
25	147	12	24
25	147	13	46
25	147	14	58
25	147	125	58
25	147	126	36
25	147	127	22
25	147	128	13
25	147	129	3
25	148	5	76
25	148	6	46
25	148	7	24
25	148	8	10
25	148	9	3
25	148	10	1
25	148	11	8
25	148	12	22
25	148	13	41
25	148	14	68
25	148	125	77
25	148	126	54
25	148	127	35
25	148	128	17
25	148	129	7
25	149	5	73
25	149	6	43
25	149	7	20
25	149	8	6
25	149	9	0
25	149	10	0
25	149	11	6
25	149	12	17
25	149	13	36
25	149	14	62
25	149	125	99
25	149	126	73
25	149	127	47
25	149	128	29
25	149	129	19
26	140	125	134
26	140	126	112
26	140	127	98
26	140	128	92
26	140	129	93
26	141	125	100
26	141	126	78
26	141	127	64
26	141	128	57
26	141	129	59
26	142	125	74
26	142	126	52
26	142	127	37
26	142	128	31
26	142	129	33
26	143	125	56
26	143	126	33
26	143	127	19
26	143	128	13
26	143	129	15
26	144	125	45
26	144	126	23
26	144	127	9
26	144	128	3
26	144	129	4
26	145	5	116
26	145	6	83
26	145	7	57
26	145	8	40
26	145	9	30
26	145	10	29
26	145	11	28
26	145	12	34
26	145	13	30
26	145	14	25
26	145	125	43
26	145	126	21
26	145	127	7
26	145	128	0
26	145	129	2
26	146	5	99
26	146	6	66
26	146	7	40
26	146	8	23
26	146	9	13
26	146	10	12
26	146	11	18
26	146	12	29
26	146	13	31
26	146	14	25
26	146	125	46
26	146	126	23
26	146	127	9
26	146	128	3
26	146	129	4
26	147	5	90
26	147	6	57
26	147	7	31
26	147	8	14
26	147	9	4
26	147	10	2
26	147	11	9
26	147	12	23
26	147	13	39
26	147	14	34
26	147	125	56
26	147	126	34
26	147	127	19
26	147	128	13
26	147	129	11
26	148	5	83
26	148	6	52
26	148	7	30
26	148	8	12
26	148	9	3
26	148	10	1
26	148	11	8
26	148	12	19
26	148	13	37
26	148	14	47
26	148	125	74
26	148	126	52
26	148	127	38
26	148	128	25
26	148	129	15
26	149	5	79
26	149	6	49
26	149	7	27
26	149	8	13
26	149	9	5
26	149	10	0
26	149	11	2
26	149	12	13
26	149	13	32
26	149	14	58
26	149	125	101
26	149	126	78
26	149	127	55
26	149	128	37
26	149	129	27
27	140	125	141
27	140	126	119
27	140	127	105
27	140	128	98
27	140	129	100
27	141	125	107
27	141	126	85
27	141	127	70
27	141	128	64
27	141	129	66
27	142	125	81
27	142	126	58
27	142	127	44
27	142	128	38
27	142	129	40
27	143	125	62
27	143	126	40
27	143	127	26
27	143	128	20
27	143	129	21
27	144	125	52
27	144	126	30
27	144	127	16
27	144	128	9
27	144	129	11
27	145	5	124
27	145	6	91
27	145	7	65
27	145	8	43
27	145	9	25
27	145	10	15
27	145	11	13
27	145	12	18
27	145	13	14
27	145	14	9
27	145	125	49
27	145	126	27
27	145	127	12
27	145	128	6
27	145	129	8
27	146	5	107
27	146	6	74
27	146	7	48
27	146	8	31
27	146	9	20
27	146	10	10
27	146	11	8
27	146	12	13
27	146	13	15
27	146	14	10
27	146	125	51
27	146	126	29
27	146	127	15
27	146	128	8
27	146	129	10
27	147	5	98
27	147	6	64
27	147	7	39
27	147	8	21
27	147	9	12
27	147	10	10
27	147	11	11
27	147	12	16
27	147	13	22
27	147	14	17
27	147	125	62
27	147	126	39
27	147	127	25
27	147	128	19
27	147	129	20
27	148	5	97
27	148	6	63
27	148	7	38
27	148	8	20
27	148	9	11
27	148	10	9
27	148	11	12
27	148	12	23
27	148	13	34
27	148	14	28
27	148	125	80
27	148	126	58
27	148	127	43
27	148	128	37
27	148	129	31
27	149	5	93
27	149	6	63
27	149	7	41
27	149	8	23
27	149	9	9
27	149	10	4
27	149	11	7
27	149	12	17
27	149	13	36
27	149	14	48
27	149	125	106
27	149	126	84
27	149	127	70
27	149	128	53
27	149	129	43
28	140	125	156
28	140	126	134
28	140	127	119
28	140	128	113
28	140	129	115
28	141	125	122
28	141	126	99
28	141	127	85
28	141	128	79
28	141	129	81
28	142	125	95
28	142	126	73
28	142	127	59
28	142	128	53
28	142	129	55
28	143	125	77
28	143	126	55
28	143	127	41
28	143	128	35
28	143	129	36
28	144	125	67
28	144	126	45
28	144	127	31
28	144	128	24
28	144	129	26
28	145	5	139
28	145	6	97
28	145	7	63
28	145	8	36
28	145	9	18
28	145	10	8
28	145	11	5
28	145	12	11
28	145	13	6
28	145	14	0
28	145	125	63
28	145	126	40
28	145	127	26
28	145	128	20
28	145	129	21
28	146	5	123
28	146	6	89
28	146	7	57
28	146	8	31
28	146	9	13
28	146	10	0
28	146	11	0
28	146	12	6
28	146	13	7
28	146	14	0
28	146	125	65
28	146	126	43
28	146	127	28
28	146	128	22
28	146	129	24
28	147	5	114
28	147	6	80
28	147	7	55
28	147	8	34
28	147	9	16
28	147	10	6
28	147	11	3
28	147	12	9
28	147	13	12
28	147	14	6
28	147	125	75
28	147	126	53
28	147	127	39
28	147	128	32
28	147	129	34
28	148	5	113
28	148	6	79
28	148	7	54
28	148	8	36
28	148	9	27
28	148	10	17
28	148	11	14
28	148	12	20
28	148	13	24
28	148	14	18
28	148	125	94
28	148	126	71
28	148	127	57
28	148	128	51
28	148	129	52
28	149	5	115
28	149	6	85
28	149	7	56
28	149	8	35
28	149	9	22
28	149	10	16
28	149	11	19
28	149	12	30
28	149	13	44
28	149	14	38
28	149	125	120
28	149	126	98
28	149	127	83
28	149	128	77
28	149	129	67
29	140	125	179
29	140	126	156
29	140	127	142
29	140	128	136
29	140	129	138
29	141	125	144
29	141	126	122
29	141	127	108
29	141	128	102
29	141	129	104
29	142	125	118
29	142	126	96
29	142	127	82
29	142	128	76
29	142	129	77
29	143	125	100
29	143	126	78
29	143	127	64
29	143	128	57
29	143	129	59
29	144	125	90
29	144	126	68
29	144	127	53
29	144	128	47
29	144	129	49
29	145	5	140
29	145	6	98
29	145	7	63
29	145	8	37
29	145	9	19
29	145	10	9
29	145	11	6
29	145	12	12
29	145	13	7
29	145	14	1
29	145	125	84
29	145	126	62
29	145	127	48
29	145	128	41
29	145	129	43
29	146	5	135
29	146	6	93
29	146	7	58
29	146	8	32
29	146	9	14
29	146	10	3
29	146	11	1
29	146	12	7
29	146	13	6
29	146	14	0
29	146	125	87
29	146	126	64
29	146	127	50
29	146	128	44
29	146	129	45
29	147	5	138
29	147	6	95
29	147	7	61
29	147	8	35
29	147	9	17
29	147	10	6
29	147	11	4
29	147	12	10
29	147	13	10
29	147	14	4
29	147	125	97
29	147	126	75
29	147	127	60
29	147	128	54
29	147	129	56
29	148	5	137
29	148	6	103
29	148	7	72
29	148	8	46
29	148	9	28
29	148	10	17
29	148	11	15
29	148	12	21
29	148	13	21
29	148	14	16
29	148	125	115
29	148	126	93
29	148	127	79
29	148	128	72
29	148	129	74
29	149	5	143
29	149	6	106
29	149	7	76
29	149	8	55
29	149	9	42
29	149	10	36
29	149	11	34
29	149	12	40
29	149	13	41
29	149	14	35
29	149	125	142
29	149	126	120
29	149	127	105
29	149	128	99
29	149	129	99
30	120	90	160
30	120	91	119
30	120	92	86
30	120	93	61
30	120	94	43
30	120	95	34
30	120	96	33
30	120	97	39
30	120	98	54
30	120	99	76
30	121	90	142
30	121	91	101
30	121	92	67
30	121	93	42
30	121	94	25
30	121	95	15
30	121	96	14
30	121	97	20
30	121	98	35
30	121	99	58
30	122	90	131
30	122	91	90
30	122	92	57
30	122	93	31
30	122	94	14
30	122	95	0
30	122	96	3
30	122	97	10
30	122	98	24
30	122	99	47
30	123	90	129
30	123	91	87
30	123	92	54
30	123	93	29
30	123	94	11
30	123	95	2
30	123	96	0
30	123	97	7
30	123	98	22
30	123	99	44
30	124	90	134
30	124	91	93
30	124	92	59
30	124	93	34
30	124	94	17
30	124	95	7
30	124	96	6
30	124	97	12
30	124	98	27
30	124	99	50
30	145	15	12
30	145	16	22
30	145	17	16
30	145	18	19
30	145	19	29
30	146	15	8
30	146	16	10
30	146	17	4
30	146	18	6
30	146	19	16
30	147	15	12
30	147	16	6
30	147	17	0
30	147	18	2
30	147	19	12
30	148	15	23
30	148	16	9
30	148	17	3
30	148	18	5
30	148	19	16
30	149	15	35
30	149	16	21
30	149	17	15
30	149	18	17
30	149	19	27
31	120	90	144
31	120	91	109
31	120	92	80
31	120	93	55
31	120	94	39
31	120	95	31
31	120	96	30
31	120	97	38
31	120	98	54
31	120	99	78
31	121	90	126
31	121	91	91
31	121	92	62
31	121	93	38
31	121	94	21
31	121	95	13
31	121	96	13
31	121	97	20
31	121	98	36
31	121	99	59
31	122	90	116
31	122	91	81
31	122	92	52
31	122	93	28
31	122	94	12
31	122	95	0
31	122	96	3
31	122	97	11
31	122	98	26
31	122	99	48
31	123	90	114
31	123	91	79
31	123	92	51
31	123	93	26
31	123	94	10
31	123	95	2
31	123	96	1
31	123	97	8
31	123	98	23
31	123	99	46
31	124	90	121
31	124	91	85
31	124	92	57
31	124	93	33
31	124	94	16
31	124	95	8
31	124	96	7
31	124	97	14
31	124	98	28
31	124	99	51
31	145	15	25
31	145	16	26
31	145	17	20
31	145	18	22
31	145	19	32
31	146	15	21
31	146	16	13
31	146	17	8
31	146	18	10
31	146	19	20
31	147	15	23
31	147	16	9
31	147	17	3
31	147	18	5
31	147	19	15
31	148	15	27
31	148	16	13
31	148	17	7
31	148	18	9
31	148	19	19
31	149	15	38
31	149	16	24
31	149	17	18
31	149	18	21
31	149	19	31
32	120	90	132
32	120	91	96
32	120	92	69
32	120	93	49
32	120	94	37
32	120	95	31
32	120	96	30
32	120	97	37
32	120	98	51
32	120	99	74
32	121	90	114
32	121	91	79
32	121	92	51
32	121	93	31
32	121	94	20
32	121	95	14
32	121	96	13
32	121	97	19
32	121	98	34
32	121	99	56
32	122	90	104
32	122	91	69
32	122	92	41
32	122	93	21
32	122	94	10
32	122	95	0
32	122	96	4
32	122	97	10
32	122	98	24
32	122	99	47
32	123	90	102
32	123	91	67
32	123	92	39
32	123	93	19
32	123	94	8
32	123	95	2
32	123	96	2
32	123	97	9
32	123	98	23
32	123	99	45
32	124	90	108
32	124	91	73
32	124	92	45
32	124	93	25
32	124	94	14
32	124	95	9
32	124	96	8
32	124	97	15
32	124	98	30
32	124	99	52
32	145	15	47
32	145	16	37
32	145	17	31
32	145	18	33
32	145	19	43
32	146	15	39
32	146	16	25
32	146	17	19
32	146	18	21
32	146	19	31
32	147	15	34
32	147	16	21
32	147	17	15
32	147	18	17
32	147	19	27
32	148	15	38
32	148	16	24
32	148	17	18
32	148	18	20
32	148	19	30
32	149	15	50
32	149	16	36
32	149	17	30
32	149	18	32
32	149	19	42
33	120	90	128
33	120	91	92
33	120	92	65
33	120	93	45
33	120	94	33
33	120	95	30
33	120	96	28
33	120	97	35
33	120	98	50
33	120	99	72
33	121	90	110
33	121	91	74
33	121	92	47
33	121	93	27
33	121	94	15
33	121	95	12
33	121	96	12
33	121	97	18
33	121	98	32
33	121	99	55
33	122	90	100
33	122	91	64
33	122	92	37
33	122	93	17
33	122	94	0
33	122	95	0
33	122	96	2
33	122	97	9
33	122	98	23
33	122	99	45
33	123	90	98
33	123	91	62
33	123	92	35
33	123	93	15
33	123	94	3
33	123	95	0
33	123	96	1
33	123	97	7
33	123	98	21
33	123	99	44
33	124	90	104
33	124	91	68
33	124	92	41
33	124	93	21
33	124	94	9
33	124	95	6
33	124	96	7
33	124	97	14
33	124	98	28
33	124	99	50
33	145	15	71
33	145	16	57
33	145	17	51
33	145	18	53
33	145	19	63
33	146	15	58
33	146	16	44
33	146	17	38
33	146	18	40
33	146	19	51
33	147	15	54
33	147	16	40
33	147	17	34
33	147	18	36
33	147	19	46
33	148	15	58
33	148	16	44
33	148	17	38
33	148	18	40
33	148	19	50
33	149	15	69
33	149	16	55
33	149	17	49
33	149	18	51
33	149	19	61
34	120	90	132
34	120	91	96
34	120	92	68
34	120	93	49
34	120	94	37
34	120	95	28
34	120	96	27
34	120	97	34
34	120	98	49
34	120	99	70
34	121	90	114
34	121	91	78
34	121	92	50
34	121	93	31
34	121	94	19
34	121	95	12
34	121	96	10
34	121	97	17
34	121	98	31
34	121	99	52
34	122	90	104
34	122	91	68
34	122	92	41
34	122	93	21
34	122	94	9
34	122	95	0
34	122	96	2
34	122	97	8
34	122	98	21
34	122	99	42
34	123	90	102
34	123	91	66
34	123	92	39
34	123	93	19
34	123	94	7
34	123	95	2
34	123	96	1
34	123	97	6
34	123	98	19
34	123	99	40
34	124	90	108
34	124	91	72
34	124	92	45
34	124	93	25
34	124	94	13
34	124	95	10
34	124	96	7
34	124	97	12
34	124	98	25
34	124	99	46
34	145	15	98
34	145	16	84
34	145	17	78
34	145	18	80
34	145	19	90
34	146	15	86
34	146	16	72
34	146	17	66
34	146	18	68
34	146	19	78
34	147	15	81
34	147	16	67
34	147	17	61
34	147	18	64
34	147	19	74
34	148	15	85
34	148	16	71
34	148	17	65
34	148	18	67
34	148	19	77
34	149	15	97
34	149	16	83
34	149	17	77
34	149	18	79
34	149	19	89
35	120	95	27
35	120	96	25
35	120	97	31
35	120	98	45
35	120	99	67
35	121	95	11
35	121	96	9
35	121	97	15
35	121	98	29
35	121	99	51
35	122	95	0
35	122	96	1
35	122	97	7
35	122	98	21
35	122	99	42
35	123	95	3
35	123	96	1
35	123	97	6
35	123	98	19
35	123	99	40
35	124	95	10
35	124	96	7
35	124	97	12
35	124	98	25
35	124	99	46
35	140	125	125
35	140	126	96
35	140	127	74
35	140	128	60
35	140	129	55
35	140	130	46
35	140	131	44
35	140	132	51
35	140	133	66
35	140	134	89
35	141	125	122
35	141	126	92
35	141	127	70
35	141	128	57
35	141	129	51
35	141	130	41
35	141	131	40
35	141	132	47
35	141	133	62
35	141	134	84
35	142	125	126
35	142	126	96
35	142	127	74
35	142	128	61
35	142	129	54
35	142	130	45
35	142	131	44
35	142	132	51
35	142	133	65
35	142	134	88
35	143	125	138
35	143	126	108
35	143	127	86
35	143	128	73
35	143	129	66
35	143	130	57
35	143	131	56
35	143	132	62
35	143	133	77
35	143	134	100
35	144	125	146
35	144	126	114
35	144	127	91
35	144	128	75
35	144	129	68
35	144	130	68
35	144	131	75
35	144	132	82
35	144	133	97
35	144	134	120
35	145	125	132
35	145	126	101
35	145	127	77
35	145	128	62
35	145	129	54
35	146	125	126
35	146	126	95
35	146	127	72
35	146	128	56
35	146	129	49
35	147	125	129
35	147	126	97
35	147	127	74
35	147	128	58
35	147	129	51
35	148	125	139
35	148	126	108
35	148	127	84
35	148	128	69
35	148	129	61
35	149	125	158
35	149	126	126
35	149	127	103
35	149	128	87
35	149	129	80
36	120	95	30
36	120	96	28
36	120	97	34
36	120	98	48
36	120	99	70
36	121	95	14
36	121	96	12
36	121	97	18
36	121	98	32
36	121	99	54
36	122	95	6
36	122	96	4
36	122	97	10
36	122	98	24
36	122	99	46
36	123	95	6
36	123	96	4
36	123	97	10
36	123	98	24
36	123	99	46
36	124	95	13
36	124	96	11
36	124	97	18
36	124	98	32
36	124	99	54
36	140	125	101
36	140	126	71
36	140	127	50
36	140	128	36
36	140	129	30
36	140	130	24
36	140	131	23
36	140	132	30
36	140	133	45
36	140	134	67
36	141	125	97
36	141	126	67
36	141	127	46
36	141	128	32
36	141	129	26
36	141	130	20
36	141	131	19
36	141	132	26
36	141	133	40
36	141	134	63
36	142	125	101
36	142	126	71
36	142	127	50
36	142	128	36
36	142	129	30
36	142	130	24
36	142	131	23
36	142	132	29
36	142	133	44
36	142	134	67
36	143	125	113
36	143	126	83
36	143	127	62
36	143	128	48
36	143	129	42
36	143	130	36
36	143	131	34
36	143	132	41
36	143	133	56
36	143	134	79
36	144	125	122
36	144	126	90
36	144	127	67
36	144	128	51
36	144	129	44
36	144	130	45
36	144	131	53
36	144	132	61
36	144	133	76
36	144	134	99
36	145	125	108
36	145	126	77
36	145	127	53
36	145	128	38
36	145	129	30
36	146	125	103
36	146	126	71
36	146	127	48
36	146	128	32
36	146	129	25
36	147	125	105
36	147	126	74
36	147	127	50
36	147	128	35
36	147	129	27
36	148	125	115
36	148	126	84
36	148	127	61
36	148	128	45
36	148	129	38
36	149	125	134
36	149	126	102
36	149	127	79
36	149	128	63
36	149	129	56
37	120	95	41
37	120	96	39
37	120	97	45
37	120	98	59
37	120	99	81
37	121	95	25
37	121	96	23
37	121	97	29
37	121	98	43
37	121	99	65
37	122	95	16
37	122	96	15
37	122	97	21
37	122	98	35
37	122	99	57
37	123	95	16
37	123	96	14
37	123	97	20
37	123	98	35
37	123	99	57
37	124	95	24
37	124	96	22
37	124	97	28
37	124	98	42
37	124	99	65
37	140	125	84
37	140	126	55
37	140	127	33
37	140	128	19
37	140	129	14
37	140	130	11
37	140	131	10
37	140	132	16
37	140	133	31
37	140	134	54
37	141	125	80
37	141	126	51
37	141	127	29
37	141	128	15
37	141	129	10
37	141	130	7
37	141	131	5
37	141	132	12
37	141	133	27
37	141	134	50
37	142	125	84
37	142	126	55
37	142	127	33
37	142	128	19
37	142	129	14
37	142	130	10
37	142	131	9
37	142	132	16
37	142	133	31
37	142	134	54
37	143	125	97
37	143	126	67
37	143	127	45
37	143	128	31
37	143	129	26
37	143	130	22
37	143	131	21
37	143	132	28
37	143	133	43
37	143	134	65
37	144	125	106
37	144	126	75
37	144	127	51
37	144	128	36
37	144	129	28
37	144	130	29
37	144	131	37
37	144	132	48
37	144	133	62
37	144	134	85
37	145	125	92
37	145	126	61
37	145	127	38
37	145	128	22
37	145	129	15
37	146	125	87
37	146	126	55
37	146	127	32
37	146	128	17
37	146	129	9
37	147	125	89
37	147	126	58
37	147	127	34
37	147	128	19
37	147	129	11
37	148	125	100
37	148	126	68
37	148	127	45
37	148	128	29
37	148	129	22
37	149	125	118
37	149	126	87
37	149	127	63
37	149	128	48
37	149	129	40
38	120	95	59
38	120	96	58
38	120	97	64
38	120	98	78
38	120	99	100
38	121	95	43
38	121	96	41
38	121	97	48
38	121	98	62
38	121	99	84
38	122	95	35
38	122	96	33
38	122	97	39
38	122	98	53
38	122	99	76
38	123	95	35
38	123	96	33
38	123	97	39
38	123	98	53
38	123	99	75
38	124	95	43
38	124	96	41
38	124	97	47
38	124	98	61
38	124	99	83
38	140	125	76
38	140	126	46
38	140	127	24
38	140	128	11
38	140	129	0
38	140	130	6
38	140	131	4
38	140	132	11
38	140	133	26
38	140	134	49
38	141	125	72
38	141	126	42
38	141	127	20
38	141	128	7
38	141	129	1
38	141	130	0
38	141	131	0
38	141	132	7
38	141	133	22
38	141	134	44
38	142	125	76
38	142	126	46
38	142	127	24
38	142	128	11
38	142	129	5
38	142	130	5
38	142	131	4
38	142	132	11
38	142	133	25
38	142	134	48
38	143	125	88
38	143	126	58
38	143	127	37
38	143	128	23
38	143	129	17
38	143	130	17
38	143	131	16
38	143	132	22
38	143	133	37
38	143	134	60
38	144	125	98
38	144	126	67
38	144	127	43
38	144	128	28
38	144	129	21
38	144	130	21
38	144	131	30
38	144	132	42
38	144	133	57
38	144	134	80
38	145	125	85
38	145	126	53
38	145	127	30
38	145	128	14
38	145	129	7
38	146	125	79
38	146	126	48
38	146	127	24
38	146	128	9
38	146	129	0
38	147	125	82
38	147	126	50
38	147	127	27
38	147	128	11
38	147	129	4
38	148	125	92
38	148	126	60
38	148	127	37
38	148	128	22
38	148	129	14
38	149	125	110
38	149	126	79
38	149	127	55
38	149	128	40
38	149	129	32
39	120	95	86
39	120	96	84
39	120	97	90
39	120	98	105
39	120	99	127
39	121	95	70
39	121	96	68
39	121	97	74
39	121	98	88
39	121	99	111
39	122	95	62
39	122	96	60
39	122	97	66
39	122	98	80
39	122	99	102
39	123	95	62
39	123	96	60
39	123	97	66
39	123	98	80
39	123	99	102
39	124	95	70
39	124	96	68
39	124	97	74
39	124	98	88
39	124	99	110
39	140	125	75
39	140	126	45
39	140	127	24
39	140	128	10
39	140	129	4
39	140	130	7
39	140	131	7
39	140	132	14
39	140	133	29
39	140	134	51
39	141	125	71
39	141	126	41
39	141	127	20
39	141	128	6
39	141	129	0
39	141	130	3
39	141	131	3
39	141	132	10
39	141	133	24
39	141	134	47
39	142	125	75
39	142	126	46
39	142	127	24
39	142	128	10
39	142	129	4
39	142	130	7
39	142	131	7
39	142	132	13
39	142	133	28
39	142	134	51
39	143	125	87
39	143	126	58
39	143	127	36
39	143	128	22
39	143	129	17
39	143	130	19
39	143	131	18
39	143	132	25
39	143	133	40
39	143	134	63
39	144	125	99
39	144	126	67
39	144	127	44
39	144	128	28
39	144	129	21
39	144	130	21
39	144	131	30
39	144	132	45
39	144	133	60
39	144	134	83
39	145	125	85
39	145	126	54
39	145	127	30
39	145	128	15
39	145	129	7
39	146	125	79
39	146	126	48
39	146	127	24
39	146	128	9
39	146	129	2
39	147	125	82
39	147	126	50
39	147	127	27
39	147	128	11
39	147	129	4
39	148	125	92
39	148	126	61
39	148	127	37
39	148	128	22
39	148	129	14
39	149	125	111
39	149	126	79
39	149	127	56
39	149	128	40
39	149	129	33
45	140	60	134
45	140	61	132
45	140	62	138
45	140	63	152
45	140	64	174
45	141	60	115
45	141	61	113
45	141	62	119
45	141	63	133
45	141	64	155
45	142	60	104
45	142	61	102
45	142	62	108
45	142	63	122
45	142	64	144
45	143	60	101
45	143	61	99
45	143	62	105
45	143	63	119
45	143	64	141
45	144	60	106
45	144	61	104
45	144	62	110
45	144	63	124
45	144	64	146
45	145	50	151
45	145	51	136
45	145	52	129
45	145	53	130
45	145	54	138
45	146	50	125
45	146	51	110
45	146	52	103
45	146	53	104
45	146	54	113
45	147	50	108
45	147	51	92
45	147	52	85
45	147	53	86
45	147	54	95
45	148	50	98
45	148	51	82
45	148	52	75
45	148	53	76
45	148	54	85
45	149	50	96
45	149	51	80
45	149	52	73
45	149	53	74
45	149	54	83
45	150	55	63
45	150	56	38
45	150	57	22
45	150	58	13
45	150	59	12
45	151	55	64
45	151	56	39
45	151	57	22
45	151	58	13
45	151	59	13
45	152	55	72
45	152	56	47
45	152	57	31
45	152	58	22
45	152	59	21
45	153	55	88
45	153	56	64
45	153	57	47
45	153	58	38
45	153	59	37
45	154	55	113
45	154	56	88
45	154	57	71
45	154	58	63
45	154	59	62
46	140	60	98
46	140	61	96
46	140	62	102
46	140	63	116
46	140	64	138
46	141	60	79
46	141	61	77
46	141	62	83
46	141	63	97
46	141	64	119
46	142	60	68
46	142	61	66
46	142	62	72
46	142	63	86
46	142	64	108
46	143	60	65
46	143	61	63
46	143	62	69
46	143	63	83
46	143	64	105
46	144	60	70
46	144	61	68
46	144	62	74
46	144	63	88
46	144	64	110
46	145	50	121
46	145	51	106
46	145	52	99
46	145	53	100
46	145	54	108
46	146	50	95
46	146	51	80
46	146	52	73
46	146	53	74
46	146	54	82
46	147	50	77
46	147	51	62
46	147	52	55
46	147	53	56
46	147	54	65
46	148	50	67
46	148	51	52
46	148	52	45
46	148	53	46
46	148	54	55
46	149	50	66
46	149	51	50
46	149	52	43
46	149	53	44
46	149	54	53
46	150	55	54
46	150	56	29
46	150	57	12
46	150	58	0
46	150	59	3
46	151	55	54
46	151	56	29
46	151	57	13
46	151	58	4
46	151	59	3
46	152	55	63
46	152	56	38
46	152	57	21
46	152	58	12
46	152	59	12
46	153	55	79
46	153	56	54
46	153	57	38
46	153	58	29
46	153	59	28
46	154	55	103
46	154	56	79
46	154	57	62
46	154	58	53
46	154	59	52
47	140	60	70
47	140	61	68
47	140	62	74
47	140	63	88
47	140	64	110
47	141	60	51
47	141	61	49
47	141	62	55
47	141	63	69
47	141	64	91
47	142	60	40
47	142	61	38
47	142	62	44
47	142	63	58
47	142	64	80
47	143	60	37
47	143	61	35
47	143	62	41
47	143	63	55
47	143	64	77
47	144	60	42
47	144	61	40
47	144	62	46
47	144	63	60
47	144	64	82
47	145	50	99
47	145	51	84
47	145	52	77
47	145	53	77
47	145	54	86
47	146	50	73
47	146	51	58
47	146	52	51
47	146	53	51
47	146	54	60
47	147	50	55
47	147	51	40
47	147	52	33
47	147	53	34
47	147	54	42
47	148	50	45
47	148	51	30
47	148	52	23
47	148	53	24
47	148	54	32
47	149	50	43
47	149	51	28
47	149	52	21
47	149	53	22
47	149	54	31
47	150	55	52
47	150	56	28
47	150	57	11
47	150	58	2
47	150	59	1
47	151	55	53
47	151	56	28
47	151	57	11
47	151	58	3
47	151	59	2
47	152	55	61
47	152	56	37
47	152	57	20
47	152	58	11
47	152	59	10
47	153	55	78
47	153	56	53
47	153	57	36
47	153	58	27
47	153	59	27
47	154	55	102
47	154	56	77
47	154	57	61
47	154	58	52
47	154	59	51
48	140	60	50
48	140	61	48
48	140	62	54
48	140	63	68
48	140	64	90
48	141	60	31
48	141	61	29
48	141	62	35
48	141	63	49
48	141	64	71
48	142	60	20
48	142	61	18
48	142	62	24
48	142	63	38
48	142	64	60
48	143	60	18
48	143	61	16
48	143	62	22
48	143	63	36
48	143	64	58
48	144	60	23
48	144	61	21
48	144	62	27
48	144	63	41
48	144	64	63
48	145	50	85
48	145	51	70
48	145	52	62
48	145	53	63
48	145	54	72
48	146	50	59
48	146	51	44
48	146	52	37
48	146	53	37
48	146	54	46
48	147	50	41
48	147	51	26
48	147	52	19
48	147	53	19
48	147	54	28
48	148	50	31
48	148	51	16
48	148	52	9
48	148	53	10
48	148	54	18
48	149	50	29
48	149	51	14
48	149	52	7
48	149	53	8
48	149	54	16
48	150	55	39
48	150	56	34
48	150	57	18
48	150	58	9
48	150	59	8
48	151	55	53
48	151	56	35
48	151	57	18
48	151	58	9
48	151	59	8
48	152	55	68
48	152	56	43
48	152	57	26
48	152	58	18
48	152	59	17
48	153	55	84
48	153	56	60
48	153	57	43
48	153	58	34
48	153	59	33
48	154	55	109
48	154	56	84
48	154	57	67
48	154	58	58
48	154	59	58
49	140	60	39
49	140	61	37
49	140	62	43
49	140	63	57
49	140	64	79
49	141	60	20
49	141	61	18
49	141	62	24
49	141	63	38
49	141	64	60
49	142	60	0
49	142	61	7
49	142	62	13
49	142	63	27
49	142	64	49
49	143	60	6
49	143	61	4
49	143	62	10
49	143	63	24
49	143	64	46
49	144	60	11
49	144	61	9
49	144	62	15
49	144	63	29
49	144	64	51
49	145	50	66
49	145	51	61
49	145	52	56
49	145	53	57
49	145	54	66
49	146	50	53
49	146	51	38
49	146	52	30
49	146	53	31
49	146	54	40
49	147	50	35
49	147	51	20
49	147	52	13
49	147	53	13
49	147	54	22
49	148	50	25
49	148	51	10
49	148	52	0
49	148	53	3
49	148	54	12
49	149	50	23
49	149	51	8
49	149	52	1
49	149	53	1
49	149	54	10
49	150	55	33
49	150	56	49
49	150	57	32
49	150	58	23
49	150	59	23
49	151	55	47
49	151	56	49
49	151	57	33
49	151	58	24
49	151	59	23
49	152	55	69
49	152	56	58
49	152	57	41
49	152	58	32
49	152	59	31
49	153	55	99
49	153	56	74
49	153	57	57
49	153	58	49
49	153	59	48
49	154	55	123
49	154	56	99
49	154	57	82
49	154	58	73
49	154	59	72
50	140	45	165
50	140	46	130
50	140	47	93
50	140	48	64
50	140	49	43
50	140	50	30
50	140	51	25
50	140	52	28
50	140	53	39
50	140	54	58
50	140	60	35
50	140	61	33
50	140	62	39
50	140	63	53
50	140	64	75
50	141	45	135
50	141	46	118
50	141	47	81
50	141	48	52
50	141	49	31
50	141	50	18
50	141	51	13
50	141	52	16
50	141	53	27
50	141	54	46
50	141	60	16
50	141	61	14
50	141	62	20
50	141	63	34
50	141	64	56
50	142	45	113
50	142	46	101
50	142	47	77
50	142	48	48
50	142	49	27
50	142	50	14
50	142	51	9
50	142	52	12
50	142	53	23
50	142	54	42
50	142	60	5
50	142	61	3
50	142	62	9
50	142	63	23
50	142	64	45
50	143	45	99
50	143	46	87
50	143	47	81
50	143	48	52
50	143	49	31
50	143	50	18
50	143	51	13
50	143	52	16
50	143	53	27
50	143	54	46
50	143	60	2
50	143	61	0
50	143	62	6
50	143	63	20
50	143	64	42
50	144	45	93
50	144	46	81
50	144	47	76
50	144	48	64
50	144	49	43
50	144	50	30
50	144	51	25
50	144	52	28
50	144	53	39
50	144	54	58
50	144	60	7
50	144	61	5
50	144	62	11
50	144	63	25
50	144	64	47
51	140	45	135
51	140	46	122
51	140	47	85
51	140	48	56
51	140	49	35
51	140	50	22
51	140	51	17
51	140	52	20
51	140	53	31
51	140	54	50
51	140	60	35
51	140	61	35
51	140	62	43
51	140	63	57
51	140	64	79
51	141	45	104
51	141	46	92
51	141	47	73
51	141	48	44
51	141	49	23
51	141	50	10
51	141	51	5
51	141	52	8
51	141	53	19
51	141	54	38
51	141	60	15
51	141	61	15
51	141	62	23
51	141	63	38
51	141	64	60
51	142	45	82
51	142	46	70
51	142	47	65
51	142	48	40
51	142	49	19
51	142	50	6
51	142	51	0
51	142	52	4
51	142	53	15
51	142	54	34
51	142	60	0
51	142	61	4
51	142	62	12
51	142	63	27
51	142	64	49
51	143	45	68
51	143	46	56
51	143	47	51
51	143	48	43
51	143	49	22
51	143	50	10
51	143	51	5
51	143	52	8
51	143	53	19
51	143	54	38
51	143	60	1
51	143	61	1
51	143	62	8
51	143	63	24
51	143	64	46
51	144	45	62
51	144	46	50
51	144	47	45
51	144	48	49
51	144	49	34
51	144	50	21
51	144	51	16
51	144	52	19
51	144	53	31
51	144	54	50
51	144	60	5
51	144	61	5
51	144	62	13
51	144	63	29
51	144	64	51
52	140	45	112
52	140	46	99
52	140	47	85
52	140	48	56
52	140	49	35
52	140	50	22
52	140	51	17
52	140	52	20
52	140	53	31
52	140	54	50
52	140	60	38
52	140	61	38
52	140	62	46
52	140	63	62
52	140	64	85
52	141	45	81
52	141	46	69
52	141	47	65
52	141	48	43
52	141	49	23
52	141	50	10
52	141	51	5
52	141	52	8
52	141	53	19
52	141	54	38
52	141	60	18
52	141	61	18
52	141	62	26
52	141	63	42
52	141	64	66
52	142	45	59
52	142	46	47
52	142	47	42
52	142	48	39
52	142	49	18
52	142	50	5
52	142	51	0
52	142	52	3
52	142	53	15
52	142	54	34
52	142	60	7
52	142	61	7
52	142	62	15
52	142	63	31
52	142	64	55
52	143	45	45
52	143	46	33
52	143	47	28
52	143	48	32
52	143	49	22
52	143	50	9
52	143	51	4
52	143	52	7
52	143	53	18
52	143	54	37
52	143	60	4
52	143	61	4
52	143	62	11
52	143	63	27
52	143	64	51
52	144	45	39
52	144	46	27
52	144	47	22
52	144	48	26
52	144	49	34
52	144	50	21
52	144	51	16
52	144	52	19
52	144	53	30
52	144	54	49
52	144	60	8
52	144	61	8
52	144	62	16
52	144	63	32
52	144	64	56
53	140	45	96
53	140	46	84
53	140	47	80
53	140	48	63
53	140	49	42
53	140	50	29
53	140	51	24
53	140	52	27
53	140	53	39
53	140	54	58
53	140	60	39
53	140	61	43
53	140	62	54
53	140	63	73
53	140	64	96
53	141	45	67
53	141	46	54
53	141	47	50
53	141	48	51
53	141	49	30
53	141	50	17
53	141	51	12
53	141	52	15
53	141	53	26
53	141	54	45
53	141	60	20
53	141	61	24
53	141	62	35
53	141	63	53
53	141	64	77
53	142	45	44
53	142	46	32
53	142	47	27
53	142	48	31
53	142	49	26
53	142	50	13
53	142	51	8
53	142	52	11
53	142	53	22
53	142	54	41
53	142	60	9
53	142	61	13
53	142	62	24
53	142	63	42
53	142	64	66
53	143	45	30
53	143	46	18
53	143	47	13
53	143	48	17
53	143	49	28
53	143	50	17
53	143	51	12
53	143	52	15
53	143	53	26
53	143	54	45
53	143	60	6
53	143	61	9
53	143	62	21
53	143	63	38
53	143	64	62
53	144	45	24
53	144	46	12
53	144	47	7
53	144	48	11
53	144	49	22
53	144	50	29
53	144	51	24
53	144	52	27
53	144	53	38
53	144	54	57
53	144	60	11
53	144	61	14
53	144	62	26
53	144	63	43
53	144	64	67
54	140	45	85
54	140	46	74
54	140	47	70
54	140	48	74
54	140	49	58
54	140	50	45
54	140	51	40
54	140	52	43
54	140	53	54
54	140	54	73
54	140	60	33
54	140	61	37
54	140	62	48
54	140	63	68
54	140	64	95
54	141	45	57
54	141	46	45
54	141	47	41
54	141	48	45
54	141	49	46
54	141	50	33
54	141	51	28
54	141	52	31
54	141	53	42
54	141	54	61
54	141	60	14
54	141	61	18
54	141	62	29
54	141	63	49
54	141	64	76
54	142	45	36
54	142	46	24
54	142	47	20
54	142	48	24
54	142	49	36
54	142	50	29
54	142	51	24
54	142	52	27
54	142	53	38
54	142	54	57
54	142	60	0
54	142	61	6
54	142	62	18
54	142	63	37
54	142	64	65
54	143	45	23
54	143	46	11
54	143	47	6
54	143	48	10
54	143	49	21
54	143	50	33
54	143	51	28
54	143	52	31
54	143	53	42
54	143	54	61
54	143	60	0
54	143	61	3
54	143	62	15
54	143	63	34
54	143	64	62
54	144	45	17
54	144	46	0
54	144	47	0
54	144	48	4
54	144	49	15
54	144	50	35
54	144	51	34
54	144	52	33
54	144	53	41
54	144	54	56
54	144	60	5
54	144	61	8
54	144	62	20
54	144	63	39
54	144	64	67
55	145	45	18
55	145	46	7
55	145	47	3
55	145	48	7
55	145	49	18
55	145	50	19
55	145	51	11
55	145	52	10
55	145	53	17
55	145	54	33
55	146	45	30
55	146	46	18
55	146	47	13
55	146	48	17
55	146	49	28
55	146	50	20
55	146	51	12
55	146	52	11
55	146	53	18
55	146	54	34
55	147	45	48
55	147	46	36
55	147	47	31
55	147	48	35
55	147	49	30
55	147	50	20
55	147	51	18
55	147	52	20
55	147	53	27
55	147	54	43
55	148	45	74
55	148	46	61
55	148	47	47
55	148	48	36
55	148	49	24
55	148	50	14
55	148	51	12
55	148	52	18
55	148	53	33
55	148	54	55
55	149	45	95
55	149	46	68
55	149	47	49
55	149	48	39
55	149	49	27
55	149	50	17
55	149	51	15
55	149	52	21
55	149	53	35
55	149	54	57
56	145	45	24
56	145	46	12
56	145	47	8
56	145	48	12
56	145	49	25
56	145	50	11
56	145	51	0
56	145	52	2
56	145	53	9
56	145	54	25
56	146	45	35
56	146	46	23
56	146	47	19
56	146	48	24
56	146	49	29
56	146	50	12
56	146	51	3
56	146	52	3
56	146	53	10
56	146	54	25
56	147	45	54
56	147	46	42
56	147	47	32
56	147	48	22
56	147	49	19
56	147	50	10
56	147	51	8
56	147	52	12
56	147	53	19
56	147	54	34
56	148	45	73
56	148	46	46
56	148	47	27
56	148	48	17
56	148	49	14
56	148	50	0
56	148	51	2
56	148	52	8
56	148	53	22
56	148	54	45
56	149	45	76
56	149	46	49
56	149	47	30
56	149	48	20
56	149	49	17
56	149	50	7
56	149	51	5
56	149	52	11
56	149	53	25
56	149	54	47
57	145	45	37
57	145	46	26
57	145	47	22
57	145	48	26
57	145	49	28
57	145	50	11
57	145	51	2
57	145	52	2
57	145	53	9
57	145	54	24
57	146	45	49
57	146	46	37
57	146	47	33
57	146	48	24
57	146	49	21
57	146	50	12
57	146	51	3
57	146	52	3
57	146	53	10
57	146	54	25
57	147	45	67
57	147	46	40
57	147	47	21
57	147	48	11
57	147	49	8
57	147	50	8
57	147	51	6
57	147	52	11
57	147	53	19
57	147	54	34
57	148	45	62
57	148	46	35
57	148	47	16
57	148	48	0
57	148	49	3
57	148	50	2
57	148	51	0
57	148	52	6
57	148	53	20
57	148	54	42
57	149	45	65
57	149	46	38
57	149	47	19
57	149	48	9
57	149	49	6
57	149	50	5
57	149	51	3
57	149	52	9
57	149	53	23
57	149	54	45
58	145	45	59
58	145	46	47
58	145	47	43
58	145	48	42
58	145	49	35
58	145	50	19
58	145	51	10
58	145	52	9
58	145	53	17
58	145	54	32
58	146	45	70
58	146	46	50
58	146	47	31
58	146	48	21
58	146	49	18
58	146	50	20
58	146	51	11
58	146	52	10
58	146	53	18
58	146	54	33
58	147	45	64
58	147	46	37
58	147	47	18
58	147	48	7
58	147	49	5
58	147	50	10
58	147	51	12
58	147	52	18
58	147	53	27
58	147	54	42
58	148	45	59
58	148	46	32
58	148	47	13
58	148	48	2
58	148	49	0
58	148	50	5
58	148	51	6
58	148	52	12
58	148	53	26
58	148	54	48
58	149	45	61
58	149	46	35
58	149	47	16
58	149	48	5
58	149	49	3
58	149	50	8
58	149	51	8
58	149	52	15
58	149	53	29
58	149	54	51
59	145	45	88
59	145	46	76
59	145	47	57
59	145	48	46
59	145	49	44
59	145	50	35
59	145	51	26
59	145	52	25
59	145	53	33
59	145	54	48
59	146	45	81
59	146	46	55
59	146	47	36
59	146	48	25
59	146	49	23
59	146	50	28
59	146	51	27
59	146	52	26
59	146	53	33
59	146	54	49
59	147	45	68
59	147	46	42
59	147	47	23
59	147	48	12
59	147	49	10
59	147	50	15
59	147	51	25
59	147	52	31
59	147	53	42
59	147	54	58
59	148	45	63
59	148	46	37
59	148	47	18
59	148	48	7
59	148	49	5
59	148	50	10
59	148	51	20
59	148	52	26
59	148	53	40
59	148	54	62
59	149	45	66
59	149	46	40
59	149	47	21
59	149	48	10
59	149	49	8
59	149	50	13
59	149	51	22
59	149	52	28
59	149	53	43
59	149	54	65
65	140	135	40
65	140	136	30
65	140	137	27
65	140	138	33
65	140	139	47
65	141	135	37
65	141	136	26
65	141	137	24
65	141	138	29
65	141	139	43
65	142	135	41
65	142	136	30
65	142	137	28
65	142	138	34
65	142	139	47
65	143	135	53
65	143	136	43
65	143	137	40
65	143	138	46
65	143	139	60
65	144	135	74
65	144	136	63
65	144	137	61
65	144	138	66
65	144	139	80
66	140	135	25
66	140	136	14
66	140	137	12
66	140	138	17
66	140	139	31
66	141	135	21
66	141	136	11
66	141	137	8
66	141	138	14
66	141	139	27
66	142	135	25
66	142	136	15
66	142	137	12
66	142	138	18
66	142	139	32
66	143	135	38
66	143	136	27
66	143	137	25
66	143	138	30
66	143	139	44
66	144	135	58
66	144	136	48
66	144	137	45
66	144	138	51
66	144	139	64
67	140	135	17
67	140	136	0
67	140	137	4
67	140	138	10
67	140	139	23
67	141	135	13
67	141	136	3
67	141	137	0
67	141	138	6
67	141	139	20
67	142	135	18
67	142	136	7
67	142	137	5
67	142	138	10
67	142	139	24
67	143	135	30
67	143	136	20
67	143	137	17
67	143	138	23
67	143	139	36
67	144	135	50
67	144	136	40
67	144	137	38
67	144	138	43
67	144	139	57
68	140	135	17
68	140	136	7
68	140	137	4
68	140	138	10
68	140	139	24
68	141	135	14
68	141	136	3
68	141	137	1
68	141	138	6
68	141	139	20
68	142	135	18
68	142	136	8
68	142	137	5
68	142	138	11
68	142	139	24
68	143	135	30
68	143	136	20
68	143	137	18
68	143	138	23
68	143	139	37
68	144	135	51
68	144	136	40
68	144	137	38
68	144	138	44
68	144	139	57
69	140	135	26
69	140	136	15
69	140	137	13
69	140	138	18
69	140	139	32
69	141	135	22
69	141	136	12
69	141	137	9
69	141	138	15
69	141	139	28
69	142	135	26
69	142	136	16
69	142	137	14
69	142	138	19
69	142	139	33
69	143	135	39
69	143	136	28
69	143	137	26
69	143	138	32
69	143	139	45
69	144	135	59
69	144	136	49
69	144	137	46
69	144	138	52
69	144	139	66
95	135	30	136
95	135	31	115
95	135	32	102
95	135	33	97
95	135	34	100
95	136	30	120
95	136	31	99
95	136	32	86
95	136	33	81
95	136	34	84
95	137	30	113
95	137	31	92
95	137	32	79
95	137	33	74
95	137	34	77
95	138	30	114
95	138	31	93
95	138	32	80
95	138	33	75
95	138	34	78
95	139	30	123
95	139	31	102
95	139	32	89
95	139	33	84
95	139	34	87
95	140	35	77
95	140	36	75
95	140	37	82
95	140	38	93
95	140	39	105
95	140	40	103
95	140	41	104
95	140	42	113
95	140	43	130
95	140	44	154
95	141	35	47
95	141	36	46
95	141	37	52
95	141	38	62
95	141	39	70
95	141	40	70
95	141	41	71
95	141	42	80
95	141	43	97
95	141	44	122
95	142	35	26
95	142	36	24
95	142	37	29
95	142	38	39
95	142	39	43
95	142	40	46
95	142	41	46
95	142	42	55
95	142	43	72
95	142	44	97
95	143	35	12
95	143	36	11
95	143	37	13
95	143	38	23
95	143	39	23
95	143	40	29
95	143	41	30
95	143	42	39
95	143	43	56
95	143	44	80
95	144	35	6
95	144	36	0
95	144	37	6
95	144	38	13
95	144	39	12
95	144	40	19
95	144	41	21
95	144	42	30
95	144	43	47
95	144	44	72
96	135	30	105
96	135	31	84
96	135	32	71
96	135	33	66
96	135	34	69
96	136	30	90
96	136	31	69
96	136	32	56
96	136	33	51
96	136	34	54
96	137	30	83
96	137	31	62
96	137	32	49
96	137	33	44
96	137	34	47
96	138	30	83
96	138	31	62
96	138	32	49
96	138	33	44
96	138	34	48
96	139	30	92
96	139	31	71
96	139	32	58
96	139	33	53
96	139	34	56
96	140	35	72
96	140	36	71
96	140	37	77
96	140	38	88
96	140	39	97
96	140	40	90
96	140	41	90
96	140	42	99
96	140	43	116
96	140	44	141
96	141	35	42
96	141	36	41
96	141	37	47
96	141	38	58
96	141	39	62
96	141	40	57
96	141	41	58
96	141	42	67
96	141	43	84
96	141	44	108
96	142	35	21
96	142	36	19
96	142	37	25
96	142	38	35
96	142	39	35
96	142	40	32
96	142	41	33
96	142	42	42
96	142	43	59
96	142	44	84
96	143	35	7
96	143	36	6
96	143	37	10
96	143	38	17
96	143	39	16
96	143	40	16
96	143	41	16
96	143	42	25
96	143	43	42
96	143	44	67
96	144	35	0
96	144	36	0
96	144	37	2
96	144	38	0
96	144	39	4
96	144	40	7
96	144	41	8
96	144	42	17
96	144	43	34
96	144	44	58
97	135	30	83
97	135	31	62
97	135	32	49
97	135	33	44
97	135	34	47
97	136	30	68
97	136	31	47
97	136	32	34
97	136	33	29
97	136	34	32
97	137	30	60
97	137	31	39
97	137	32	26
97	137	33	21
97	137	34	24
97	138	30	61
97	138	31	40
97	138	32	27
97	138	33	22
97	138	34	25
97	139	30	70
97	139	31	49
97	139	32	36
97	139	33	31
97	139	34	34
97	140	35	62
97	140	36	74
97	140	37	75
97	140	38	83
97	140	39	91
97	140	40	84
97	140	41	85
97	140	42	94
97	140	43	111
97	140	44	136
97	141	35	46
97	141	36	43
97	141	37	44
97	141	38	53
97	141	39	59
97	141	40	52
97	141	41	52
97	141	42	61
97	141	43	78
97	141	44	103
97	142	35	24
97	142	36	21
97	142	37	22
97	142	38	31
97	142	39	34
97	142	40	27
97	142	41	28
97	142	42	37
97	142	43	54
97	142	44	78
97	143	35	10
97	143	36	7
97	143	37	8
97	143	38	17
97	143	39	16
97	143	40	10
97	143	41	11
97	143	42	20
97	143	43	37
97	143	44	62
97	144	35	5
97	144	36	0
97	144	37	1
97	144	38	6
97	144	39	4
97	144	40	0
97	144	41	2
97	144	42	11
97	144	43	28
97	144	44	53
98	135	30	68
98	135	31	47
98	135	32	34
98	135	33	29
98	135	34	32
98	136	30	53
98	136	31	32
98	136	32	19
98	136	33	14
98	136	34	17
98	137	30	46
98	137	31	25
98	137	32	12
98	137	33	7
98	137	34	10
98	138	30	47
98	138	31	26
98	138	32	13
98	138	33	8
98	138	34	11
98	139	30	55
98	139	31	34
98	139	32	21
98	139	33	16
98	139	34	20
98	140	35	47
98	140	36	66
98	140	37	78
98	140	38	87
98	140	39	94
98	140	40	87
98	140	41	88
98	140	42	97
98	140	43	114
98	140	44	138
98	141	35	54
98	141	36	47
98	141	37	48
98	141	38	57
98	141	39	61
98	141	40	54
98	141	41	55
98	141	42	64
98	141	43	81
98	141	44	106
98	142	35	32
98	142	36	25
98	142	37	26
98	142	38	35
98	142	39	37
98	142	40	30
98	142	41	30
98	142	42	39
98	142	43	56
98	142	44	81
98	143	35	17
98	143	36	10
98	143	37	11
98	143	38	20
98	143	39	20
98	143	40	13
98	143	41	14
98	143	42	23
98	143	43	40
98	143	44	64
98	144	35	11
98	144	36	4
98	144	37	5
98	144	38	14
98	144	39	11
98	144	40	4
98	144	41	5
98	144	42	14
98	144	43	31
98	144	44	56
99	135	30	62
99	135	31	41
99	135	32	28
99	135	33	23
99	135	34	26
99	136	30	47
99	136	31	26
99	136	32	13
99	136	33	8
99	136	34	11
99	137	30	40
99	137	31	19
99	137	32	6
99	137	33	0
99	137	34	4
99	138	30	40
99	138	31	19
99	138	32	6
99	138	33	1
99	138	34	4
99	139	30	49
99	139	31	28
99	139	32	15
99	139	33	10
99	139	34	13
99	140	35	41
99	140	36	60
99	140	37	87
99	140	38	99
99	140	39	105
99	140	40	98
99	140	41	98
99	140	42	107
99	140	43	124
99	140	44	149
99	141	35	66
99	141	36	59
99	141	37	60
99	141	38	69
99	141	39	72
99	141	40	65
99	141	41	66
99	141	42	75
99	141	43	92
99	141	44	116
99	142	35	43
99	142	36	36
99	142	37	37
99	142	38	46
99	142	39	47
99	142	40	40
99	142	41	41
99	142	42	50
99	142	43	67
99	142	44	92
99	143	35	29
99	143	36	22
99	143	37	23
99	143	38	32
99	143	39	31
99	143	40	24
99	143	41	24
99	143	42	33
99	143	43	50
99	143	44	75
99	144	35	23
99	144	36	16
99	144	37	17
99	144	38	26
99	144	39	22
99	144	40	15
99	144	41	16
99	144	42	25
99	144	43	41
99	144	44	66
130	135	65	226
130	135	66	197
130	135	67	176
130	135	68	164
130	135	69	159
130	136	65	194
130	136	66	165
130	136	67	144
130	136	68	131
130	136	69	127
130	137	65	170
130	137	66	141
130	137	67	120
130	137	68	107
130	137	69	102
130	138	65	153
130	138	66	125
130	138	67	104
130	138	68	91
130	138	69	86
130	139	65	145
130	139	66	116
130	139	67	95
130	139	68	83
130	139	69	78
131	135	65	195
131	135	66	166
131	135	67	145
131	135	68	132
131	135	69	128
131	136	65	163
131	136	66	134
131	136	67	113
131	136	68	100
131	136	69	95
131	137	65	139
131	137	66	110
131	137	67	89
131	137	68	76
131	137	69	71
131	138	65	122
131	138	66	93
131	138	67	73
131	138	68	60
131	138	69	55
131	139	65	114
131	139	66	85
131	139	67	64
131	139	68	51
131	139	69	47
132	135	65	172
132	135	66	143
132	135	67	122
132	135	68	109
132	135	69	105
132	136	65	140
132	136	66	111
132	136	67	90
132	136	68	77
132	136	69	72
132	137	65	115
132	137	66	87
132	137	67	66
132	137	68	53
132	137	69	48
132	138	65	99
132	138	66	70
132	138	67	49
132	138	68	37
132	138	69	32
132	139	65	91
132	139	66	62
132	139	67	41
132	139	68	28
132	139	69	24
133	135	65	157
133	135	66	128
133	135	67	107
133	135	68	94
133	135	69	89
133	136	65	125
133	136	66	96
133	136	67	75
133	136	68	62
133	136	69	57
133	137	65	100
133	137	66	71
133	137	67	51
133	137	68	38
133	137	69	33
133	138	65	84
133	138	66	55
133	138	67	34
133	138	68	22
133	138	69	17
133	139	65	76
133	139	66	47
133	139	67	26
133	139	68	13
133	139	69	8
134	135	65	150
134	135	66	121
134	135	67	100
134	135	68	87
134	135	69	82
134	136	65	117
134	136	66	89
134	136	67	68
134	136	68	55
134	136	69	50
134	137	65	93
134	137	66	64
134	137	67	43
134	137	68	31
134	137	69	26
134	138	65	77
134	138	66	48
134	138	67	27
134	138	68	14
134	138	69	10
134	139	65	69
134	139	66	40
134	139	67	19
134	139	68	6
134	139	69	0
