#reforence point coordinates
103	5	101
#the number of meter size cube
32
#sacle
5
#cubeLen
50
#cubeWidth	cubeHeight	cubeDepth
100	5	100	
#XYX dis
0	125	225	87
0	125	226	72
0	125	227	64
0	125	228	65
0	125	229	74
0	125	245	220
0	125	246	196
0	125	247	181
0	125	248	173
0	125	249	173
0	126	225	59
0	126	226	44
0	126	227	36
0	126	228	37
0	126	229	46
0	126	245	186
0	126	246	162
0	126	247	146
0	126	248	138
0	126	249	138
0	127	225	39
0	127	226	24
0	127	227	16
0	127	228	17
0	127	229	26
0	127	245	160
0	127	246	136
0	127	247	120
0	127	248	112
0	127	249	112
0	128	225	27
0	128	226	12
0	128	227	0
0	128	228	5
0	128	229	14
0	128	245	141
0	128	246	117
0	128	247	101
0	128	248	94
0	128	249	94
0	129	225	15
0	129	226	8
0	129	227	0
0	129	228	1
0	129	229	10
0	129	245	131
0	129	246	107
0	129	247	91
0	129	248	83
0	129	249	83
0	130	220	56
0	130	221	31
0	130	222	14
0	130	223	0
0	130	224	4
0	130	225	11
0	130	226	12
0	130	227	4
0	130	228	5
0	130	229	14
0	131	220	59
0	131	221	34
0	131	222	17
0	131	223	8
0	131	224	7
0	131	225	14
0	131	226	24
0	131	227	16
0	131	228	17
0	131	229	26
0	132	220	71
0	132	221	46
0	132	222	29
0	132	223	20
0	132	224	19
0	132	225	26
0	132	226	39
0	132	227	36
0	132	228	37
0	132	229	39
0	133	220	90
0	133	221	65
0	133	222	48
0	133	223	39
0	133	224	38
0	133	225	45
0	133	226	57
0	133	227	53
0	133	228	58
0	133	229	54
0	134	220	117
0	134	221	92
0	134	222	75
0	134	223	66
0	134	224	65
0	134	225	72
0	134	226	83
0	134	227	79
0	134	228	83
0	134	229	77
1	125	225	89
1	125	226	74
1	125	227	67
1	125	228	67
1	125	229	76
1	125	245	188
1	125	246	165
1	125	247	149
1	125	248	141
1	125	249	141
1	126	225	61
1	126	226	46
1	126	227	39
1	126	228	39
1	126	229	48
1	126	245	154
1	126	246	130
1	126	247	114
1	126	248	106
1	126	249	107
1	127	225	41
1	127	226	26
1	127	227	19
1	127	228	19
1	127	229	28
1	127	245	128
1	127	246	104
1	127	247	88
1	127	248	80
1	127	249	80
1	128	225	24
1	128	226	14
1	128	227	7
1	128	228	7
1	128	229	16
1	128	245	109
1	128	246	85
1	128	247	70
1	128	248	62
1	128	249	62
1	129	225	12
1	129	226	10
1	129	227	3
1	129	228	3
1	129	229	12
1	129	245	99
1	129	246	75
1	129	247	59
1	129	248	51
1	129	249	52
1	130	220	52
1	130	221	27
1	130	222	10
1	130	223	1
1	130	224	0
1	130	225	7
1	130	226	12
1	130	227	7
1	130	228	7
1	130	229	15
1	131	220	55
1	131	221	30
1	131	222	13
1	131	223	4
1	131	224	4
1	131	225	11
1	131	226	14
1	131	227	10
1	131	228	14
1	131	229	15
1	132	220	67
1	132	221	42
1	132	222	25
1	132	223	16
1	132	224	15
1	132	225	22
1	132	226	24
1	132	227	20
1	132	228	24
1	132	229	22
1	133	220	86
1	133	221	61
1	133	222	44
1	133	223	35
1	133	224	34
1	133	225	41
1	133	226	41
1	133	227	38
1	133	228	42
1	133	229	37
1	134	220	114
1	134	221	89
1	134	222	72
1	134	223	63
1	134	224	62
1	134	225	69
1	134	226	67
1	134	227	63
1	134	228	68
1	134	229	60
2	125	225	100
2	125	226	84
2	125	227	77
2	125	228	78
2	125	229	86
2	125	245	165
2	125	246	141
2	125	247	125
2	125	248	117
2	125	249	117
2	126	225	72
2	126	226	56
2	126	227	49
2	126	228	50
2	126	229	58
2	126	245	130
2	126	246	106
2	126	247	90
2	126	248	83
2	126	249	83
2	127	225	49
2	127	226	36
2	127	227	29
2	127	228	30
2	127	229	39
2	127	245	104
2	127	246	80
2	127	247	64
2	127	248	56
2	127	249	56
2	128	225	29
2	128	226	24
2	128	227	17
2	128	228	18
2	128	229	27
2	128	245	85
2	128	246	62
2	128	247	46
2	128	248	38
2	128	249	38
2	129	225	16
2	129	226	11
2	129	227	7
2	129	228	11
2	129	229	15
2	129	245	75
2	129	246	51
2	129	247	35
2	129	248	28
2	129	249	28
2	130	220	56
2	130	221	31
2	130	222	14
2	130	223	5
2	130	224	4
2	130	225	11
2	130	226	0
2	130	227	1
2	130	228	5
2	130	229	0
2	131	220	60
2	131	221	35
2	131	222	18
2	131	223	9
2	131	224	8
2	131	225	14
2	131	226	6
2	131	227	2
2	131	228	7
2	131	229	5
2	132	220	71
2	132	221	46
2	132	222	29
2	132	223	20
2	132	224	19
2	132	225	25
2	132	226	16
2	132	227	12
2	132	228	16
2	132	229	12
2	133	220	91
2	133	221	66
2	133	222	49
2	133	223	40
2	133	224	39
2	133	225	43
2	133	226	34
2	133	227	30
2	133	228	34
2	133	229	28
2	134	220	118
2	134	221	93
2	134	222	76
2	134	223	67
2	134	224	66
2	134	225	69
2	134	226	59
2	134	227	56
2	134	228	60
2	134	229	51
3	125	225	110
3	125	226	103
3	125	227	95
3	125	228	95
3	125	229	103
3	125	245	149
3	125	246	125
3	125	247	109
3	125	248	101
3	125	249	101
3	126	225	73
3	126	226	69
3	126	227	62
3	126	228	62
3	126	229	70
3	126	245	114
3	126	246	90
3	126	247	75
3	126	248	67
3	126	249	67
3	127	225	43
3	127	226	44
3	127	227	36
3	127	228	36
3	127	229	44
3	127	245	88
3	127	246	64
3	127	247	48
3	127	248	40
3	127	249	41
3	128	225	21
3	128	226	23
3	128	227	19
3	128	228	19
3	128	229	27
3	128	245	70
3	128	246	46
3	128	247	30
3	128	248	22
3	128	249	22
3	129	225	8
3	129	226	10
3	129	227	7
3	129	228	10
3	129	229	14
3	129	245	59
3	129	246	35
3	129	247	20
3	129	248	12
3	129	249	12
3	130	220	69
3	130	221	44
3	130	222	27
3	130	223	18
3	130	224	8
3	130	225	0
3	130	226	0
3	130	227	1
3	130	228	5
3	130	229	5
3	131	220	72
3	131	221	47
3	131	222	30
3	131	223	21
3	131	224	10
3	131	225	4
3	131	226	6
3	131	227	3
3	131	228	7
3	131	229	4
3	132	220	84
3	132	221	59
3	132	222	42
3	132	223	33
3	132	224	21
3	132	225	15
3	132	226	15
3	132	227	12
3	132	228	17
3	132	229	11
3	133	220	103
3	133	221	78
3	133	222	61
3	133	223	52
3	133	224	39
3	133	225	33
3	133	226	33
3	133	227	30
3	133	228	34
3	133	229	26
3	134	220	130
3	134	221	105
3	134	222	88
3	134	223	79
3	134	224	66
3	134	225	59
3	134	226	58
3	134	227	56
3	134	228	60
3	134	229	50
4	125	225	108
4	125	226	96
4	125	227	88
4	125	228	88
4	125	229	96
4	125	245	141
4	125	246	117
4	125	247	101
4	125	248	93
4	125	249	93
4	126	225	71
4	126	226	62
4	126	227	55
4	126	228	55
4	126	229	63
4	126	245	106
4	126	246	83
4	126	247	67
4	126	248	59
4	126	249	59
4	127	225	41
4	127	226	37
4	127	227	29
4	127	228	29
4	127	229	37
4	127	245	80
4	127	246	56
4	127	247	40
4	127	248	33
4	127	249	33
4	128	225	20
4	128	226	20
4	128	227	12
4	128	228	12
4	128	229	20
4	128	245	62
4	128	246	38
4	128	247	22
4	128	248	14
4	128	249	14
4	129	225	6
4	129	226	7
4	129	227	0
4	129	228	3
4	129	229	11
4	129	245	51
4	129	246	28
4	129	247	12
4	129	248	0
4	129	249	4
4	130	220	89
4	130	221	64
4	130	222	42
4	130	223	20
4	130	224	6
4	130	225	0
4	130	226	0
4	130	227	0
4	130	228	2
4	130	229	10
4	131	220	93
4	131	221	68
4	131	222	45
4	131	223	23
4	131	224	9
4	131	225	3
4	131	226	2
4	131	227	3
4	131	228	8
4	131	229	11
4	132	220	104
4	132	221	79
4	132	222	55
4	132	223	33
4	132	224	19
4	132	225	13
4	132	226	12
4	132	227	12
4	132	228	20
4	132	229	17
4	133	220	123
4	133	221	98
4	133	222	74
4	133	223	51
4	133	224	37
4	133	225	31
4	133	226	29
4	133	227	30
4	133	228	37
4	133	229	30
4	134	220	151
4	134	221	126
4	134	222	100
4	134	223	78
4	134	224	64
4	134	225	58
4	134	226	55
4	134	227	56
4	134	228	58
4	134	229	52
5	125	245	141
5	125	246	117
5	125	247	101
5	125	248	93
5	125	249	94
5	126	245	107
5	126	246	83
5	126	247	67
5	126	248	59
5	126	249	59
5	127	245	80
5	127	246	56
5	127	247	41
5	127	248	33
5	127	249	33
5	128	245	62
5	128	246	38
5	128	247	22
5	128	248	14
5	128	249	15
5	129	245	52
5	129	246	28
5	129	247	12
5	129	248	4
5	129	249	4
5	130	225	6
5	130	226	4
5	130	227	1
5	130	228	3
5	130	229	0
5	130	230	5
5	130	231	14
5	130	232	16
5	130	233	13
5	130	234	17
5	130	235	9
5	130	236	9
5	130	237	15
5	130	238	23
5	130	239	22
5	131	225	9
5	131	226	7
5	131	227	4
5	131	228	9
5	131	229	2
5	131	230	4
5	131	231	13
5	131	232	18
5	131	233	15
5	131	234	13
5	131	235	5
5	131	236	5
5	131	237	13
5	131	238	20
5	131	239	24
5	132	225	19
5	132	226	16
5	132	227	16
5	132	228	14
5	132	229	7
5	132	230	9
5	132	231	18
5	132	232	27
5	132	233	25
5	132	234	18
5	132	235	9
5	132	236	9
5	132	237	14
5	132	238	22
5	132	239	28
5	133	225	37
5	133	226	34
5	133	227	35
5	133	228	27
5	133	229	20
5	133	230	22
5	133	231	31
5	133	232	45
5	133	233	42
5	133	234	29
5	133	235	19
5	133	236	16
5	133	237	22
5	133	238	31
5	133	239	40
5	134	225	64
5	134	226	59
5	134	227	60
5	134	228	48
5	134	229	42
5	134	230	43
5	134	231	53
5	134	232	67
5	134	233	63
5	134	234	45
5	134	235	34
5	134	236	32
5	134	237	37
5	134	238	48
5	134	239	59
6	125	245	149
6	125	246	125
6	125	247	109
6	125	248	102
6	125	249	102
6	126	245	115
6	126	246	91
6	126	247	75
6	126	248	67
6	126	249	67
6	127	245	88
6	127	246	65
6	127	247	49
6	127	248	41
6	127	249	41
6	128	245	70
6	128	246	46
6	128	247	30
6	128	248	23
6	128	249	23
6	129	245	60
6	129	246	36
6	129	247	20
6	129	248	12
6	129	249	12
6	130	225	21
6	130	226	13
6	130	227	10
6	130	228	8
6	130	229	0
6	130	230	1
6	130	231	10
6	130	232	0
6	130	233	3
6	130	234	8
6	130	235	0
6	130	236	0
6	130	237	5
6	130	238	12
6	130	239	7
6	131	225	23
6	131	226	16
6	131	227	14
6	131	228	7
6	131	229	0
6	131	230	2
6	131	231	10
6	131	232	7
6	131	233	4
6	131	234	9
6	131	235	0
6	131	236	0
6	131	237	3
6	131	238	8
6	131	239	8
6	132	225	33
6	132	226	28
6	132	227	25
6	132	228	12
6	132	229	5
6	132	230	7
6	132	231	12
6	132	232	17
6	132	233	14
6	132	234	13
6	132	235	4
6	132	236	1
6	132	237	6
6	132	238	9
6	132	239	12
6	133	225	52
6	133	226	46
6	133	227	40
6	133	228	25
6	133	229	19
6	133	230	19
6	133	231	23
6	133	232	34
6	133	233	32
6	133	234	22
6	133	235	11
6	133	236	9
6	133	237	14
6	133	238	18
6	133	239	24
6	134	225	78
6	134	226	72
6	134	227	61
6	134	228	46
6	134	229	40
6	134	230	37
6	134	231	41
6	134	232	53
6	134	233	56
6	134	234	37
6	134	235	27
6	134	236	24
6	134	237	30
6	134	238	35
6	134	239	45
7	125	245	165
7	125	246	141
7	125	247	126
7	125	248	117
7	125	249	108
7	126	245	131
7	126	246	107
7	126	247	91
7	126	248	82
7	126	249	73
7	127	245	105
7	127	246	81
7	127	247	65
7	127	248	55
7	127	249	46
7	128	245	86
7	128	246	62
7	128	247	47
7	128	248	36
7	128	249	27
7	129	245	76
7	129	246	52
7	129	247	36
7	129	248	25
7	129	249	16
7	130	225	41
7	130	226	30
7	130	227	27
7	130	228	11
7	130	229	4
7	130	230	5
7	130	231	9
7	130	232	3
7	130	233	0
7	130	234	5
7	130	235	0
7	130	236	3
7	130	237	3
7	130	238	5
7	130	239	0
7	131	225	45
7	131	226	34
7	131	227	27
7	131	228	13
7	131	229	4
7	131	230	0
7	131	231	4
7	131	232	5
7	131	233	2
7	131	234	7
7	131	235	2
7	131	236	1
7	131	237	0
7	131	238	1
7	131	239	0
7	132	225	55
7	132	226	45
7	132	227	33
7	132	228	18
7	132	229	7
7	132	230	2
7	132	231	6
7	132	232	14
7	132	233	11
7	132	234	15
7	132	235	4
7	132	236	2
7	132	237	1
7	132	238	4
7	132	239	5
7	133	225	74
7	133	226	64
7	133	227	46
7	133	228	29
7	133	229	17
7	133	230	13
7	133	231	17
7	133	232	28
7	133	233	29
7	133	234	22
7	133	235	11
7	133	236	9
7	133	237	10
7	133	238	14
7	133	239	17
7	134	225	100
7	134	226	89
7	134	227	67
7	134	228	48
7	134	229	35
7	134	230	31
7	134	231	35
7	134	232	47
7	134	233	55
7	134	234	37
7	134	235	27
7	134	236	24
7	134	237	27
7	134	238	31
7	134	239	37
8	125	245	182
8	125	246	149
8	125	247	124
8	125	248	107
8	125	249	98
8	126	245	141
8	126	246	114
8	126	247	89
8	126	248	72
8	126	249	63
8	127	245	108
8	127	246	87
8	127	247	62
8	127	248	45
8	127	249	36
8	128	245	83
8	128	246	68
8	128	247	43
8	128	248	26
8	128	249	17
8	129	245	66
8	129	246	57
8	129	247	32
8	129	248	15
8	129	249	0
8	130	225	66
8	130	226	56
8	130	227	38
8	130	228	23
8	130	229	12
8	130	230	7
8	130	231	11
8	130	232	8
8	130	233	5
8	130	234	8
8	130	235	4
8	130	236	7
8	130	237	7
8	130	238	6
8	130	239	0
8	131	225	70
8	131	226	59
8	131	227	39
8	131	228	18
8	131	229	6
8	131	230	2
8	131	231	6
8	131	232	10
8	131	233	7
8	131	234	10
8	131	235	6
8	131	236	7
8	131	237	3
8	131	238	2
8	131	239	1
8	132	225	81
8	132	226	69
8	132	227	41
8	132	228	21
8	132	229	9
8	132	230	4
8	132	231	8
8	132	232	20
8	132	233	17
8	132	234	21
8	132	235	12
8	132	236	9
8	132	237	5
8	132	238	5
8	132	239	5
8	133	225	100
8	133	226	80
8	133	227	51
8	133	228	31
8	133	229	19
8	133	230	15
8	133	231	19
8	133	232	30
8	133	233	34
8	133	234	30
8	133	235	20
8	133	236	17
8	133	237	14
8	133	238	17
8	133	239	17
8	134	225	127
8	134	226	98
8	134	227	70
8	134	228	50
8	134	229	37
8	134	230	33
8	134	231	37
8	134	232	49
8	134	233	60
8	134	234	46
8	134	235	35
8	134	236	33
8	134	237	31
8	134	238	34
8	134	239	37
9	125	245	164
9	125	246	147
9	125	247	122
9	125	248	105
9	125	249	96
9	126	245	123
9	126	246	112
9	126	247	87
9	126	248	70
9	126	249	61
9	127	245	90
9	127	246	85
9	127	247	60
9	127	248	43
9	127	249	34
9	128	245	65
9	128	246	66
9	128	247	41
9	128	248	24
9	128	249	15
9	129	245	48
9	129	246	55
9	129	247	30
9	129	248	13
9	129	249	4
9	130	225	100
9	130	226	82
9	130	227	54
9	130	228	34
9	130	229	22
9	130	230	18
9	130	231	21
9	130	232	22
9	130	233	19
9	130	234	20
9	130	235	15
9	130	236	19
9	130	237	16
9	130	238	15
9	130	239	7
9	131	225	103
9	131	226	77
9	131	227	49
9	131	228	28
9	131	229	16
9	131	230	12
9	131	231	16
9	131	232	23
9	131	233	20
9	131	234	22
9	131	235	17
9	131	236	20
9	131	237	12
9	131	238	10
9	131	239	6
9	132	225	114
9	132	226	79
9	132	227	51
9	132	228	31
9	132	229	19
9	132	230	14
9	132	231	18
9	132	232	30
9	132	233	30
9	132	234	32
9	132	235	28
9	132	236	21
9	132	237	15
9	132	238	14
9	132	239	11
9	133	225	126
9	133	226	90
9	133	227	61
9	133	228	41
9	133	229	29
9	133	230	25
9	133	231	29
9	133	232	40
9	133	233	48
9	133	234	46
9	133	235	36
9	133	236	30
9	133	237	25
9	133	238	26
9	133	239	23
9	134	225	144
9	134	226	108
9	134	227	80
9	134	228	60
9	134	229	47
9	134	230	43
9	134	231	47
9	134	232	59
9	134	233	73
9	134	234	62
9	134	235	51
9	134	236	47
9	134	237	43
9	134	238	45
9	134	239	43
10	130	235	35
10	130	236	38
10	130	237	27
10	130	238	12
10	130	239	5
10	130	240	5
10	130	241	11
10	130	242	0
10	130	243	4
10	130	244	13
10	130	245	29
10	130	246	42
10	130	247	33
10	130	248	16
10	130	249	7
10	131	235	37
10	131	236	38
10	131	237	23
10	131	238	8
10	131	239	0
10	131	240	1
10	131	241	10
10	131	242	3
10	131	243	3
10	131	244	12
10	131	245	28
10	131	246	38
10	131	247	38
10	131	248	21
10	131	249	12
10	132	235	47
10	132	236	40
10	132	237	27
10	132	238	12
10	132	239	4
10	132	240	5
10	132	241	14
10	132	242	10
10	132	243	10
10	132	244	19
10	132	245	35
10	132	246	42
10	132	247	43
10	132	248	34
10	132	249	25
10	133	235	60
10	133	236	49
10	133	237	39
10	133	238	24
10	133	239	16
10	133	240	17
10	133	241	26
10	133	242	25
10	133	243	25
10	133	244	34
10	133	245	50
10	133	246	54
10	133	247	55
10	133	248	55
10	133	249	46
10	134	235	76
10	134	236	67
10	134	237	59
10	134	238	44
10	134	239	36
10	134	240	37
10	134	241	46
10	134	242	48
10	134	243	48
10	134	244	57
10	134	245	73
10	134	246	75
10	134	247	75
10	134	248	84
10	134	249	75
11	130	235	63
11	130	236	52
11	130	237	28
11	130	238	13
11	130	239	6
11	130	240	7
11	130	241	10
11	130	242	2
11	130	243	3
11	130	244	11
11	130	245	28
11	130	246	21
11	130	247	22
11	130	248	31
11	130	249	22
11	131	235	65
11	131	236	47
11	131	237	24
11	131	238	9
11	131	239	2
11	131	240	3
11	131	241	9
11	131	242	1
11	131	243	2
11	131	244	10
11	131	245	24
11	131	246	17
11	131	247	18
11	131	248	27
11	131	249	27
11	132	235	75
11	132	236	51
11	132	237	28
11	132	238	13
11	132	239	6
11	132	240	7
11	132	241	16
11	132	242	8
11	132	243	9
11	132	244	17
11	132	245	29
11	132	246	22
11	132	247	22
11	132	248	31
11	132	249	40
11	133	235	90
11	133	236	63
11	133	237	40
11	133	238	25
11	133	239	18
11	133	240	19
11	133	241	28
11	133	242	23
11	133	243	23
11	133	244	29
11	133	245	41
11	133	246	34
11	133	247	35
11	133	248	43
11	133	249	60
11	134	235	107
11	134	236	83
11	134	237	60
11	134	238	45
11	134	239	38
11	134	240	39
11	134	241	47
11	134	242	44
11	134	243	42
11	134	244	48
11	134	245	61
11	134	246	54
11	134	247	55
11	134	248	64
11	134	249	80
12	130	235	92
12	130	236	61
12	130	237	38
12	130	238	23
12	130	239	15
12	130	240	16
12	130	241	16
12	130	242	8
12	130	243	6
12	130	244	8
12	130	245	15
12	130	246	8
12	130	247	9
12	130	248	18
12	130	249	34
12	131	235	88
12	131	236	57
12	131	237	34
12	131	238	19
12	131	239	11
12	131	240	12
12	131	241	13
12	131	242	0
12	131	243	1
12	131	244	7
12	131	245	12
12	131	246	5
12	131	247	6
12	131	248	14
12	131	249	31
12	132	235	92
12	132	236	61
12	132	237	38
12	132	238	22
12	132	239	15
12	132	240	16
12	132	241	16
12	132	242	6
12	132	243	4
12	132	244	10
12	132	245	16
12	132	246	9
12	132	247	10
12	132	248	19
12	132	249	35
12	133	235	104
12	133	236	73
12	133	237	50
12	133	238	34
12	133	239	27
12	133	240	28
12	133	241	27
12	133	242	17
12	133	243	15
12	133	244	21
12	133	245	28
12	133	246	21
12	133	247	22
12	133	248	31
12	133	249	48
12	134	235	124
12	134	236	93
12	134	237	70
12	134	238	54
12	134	239	47
12	134	240	48
12	134	241	46
12	134	242	36
12	134	243	34
12	134	244	40
12	134	245	48
12	134	246	42
12	134	247	42
12	134	248	51
12	134	249	68
13	130	235	110
13	130	236	78
13	130	237	55
13	130	238	40
13	130	239	33
13	130	240	34
13	130	241	18
13	130	242	8
13	130	243	0
13	130	244	2
13	130	245	9
13	130	246	0
13	130	247	5
13	130	248	11
13	130	249	20
13	131	235	105
13	131	236	74
13	131	237	51
13	131	238	36
13	131	239	29
13	131	240	30
13	131	241	13
13	131	242	3
13	131	243	1
13	131	244	1
13	131	245	0
13	131	246	0
13	131	247	1
13	131	248	8
13	131	249	18
13	132	235	109
13	132	236	78
13	132	237	55
13	132	238	40
13	132	239	33
13	132	240	34
13	132	241	16
13	132	242	6
13	132	243	4
13	132	244	8
13	132	245	8
13	132	246	4
13	132	247	5
13	132	248	13
13	132	249	23
13	133	235	121
13	133	236	90
13	133	237	67
13	133	238	52
13	133	239	45
13	133	240	45
13	133	241	27
13	133	242	17
13	133	243	15
13	133	244	21
13	133	245	18
13	133	246	16
13	133	247	18
13	133	248	26
13	133	249	37
13	134	235	141
13	134	236	110
13	134	237	87
13	134	238	72
13	134	239	65
13	134	240	64
13	134	241	46
13	134	242	36
13	134	243	34
13	134	244	40
13	134	245	36
13	134	246	34
13	134	247	38
13	134	248	47
13	134	249	58
14	130	235	135
14	130	236	104
14	130	237	81
14	130	238	65
14	130	239	58
14	130	240	43
14	130	241	25
14	130	242	14
14	130	243	5
14	130	244	4
14	130	245	7
14	130	246	6
14	130	247	0
14	130	248	5
14	130	249	10
14	131	235	131
14	131	236	100
14	131	237	77
14	131	238	61
14	131	239	54
14	131	240	38
14	131	241	20
14	131	242	10
14	131	243	4
14	131	244	0
14	131	245	2
14	131	246	0
14	131	247	0
14	131	248	2
14	131	249	9
14	132	235	135
14	132	236	104
14	132	237	81
14	132	238	65
14	132	239	58
14	132	240	41
14	132	241	23
14	132	242	13
14	132	243	11
14	132	244	7
14	132	245	4
14	132	246	2
14	132	247	5
14	132	248	7
14	132	249	16
14	133	235	147
14	133	236	116
14	133	237	92
14	133	238	77
14	133	239	70
14	133	240	52
14	133	241	34
14	133	242	24
14	133	243	23
14	133	244	18
14	133	245	14
14	133	246	12
14	133	247	13
14	133	248	19
14	133	249	31
14	134	235	132
14	134	236	136
14	134	237	112
14	134	238	97
14	134	239	90
14	134	240	71
14	134	241	53
14	134	242	44
14	134	243	42
14	134	244	38
14	134	245	32
14	134	246	29
14	134	247	28
14	134	248	35
14	134	249	50
15	130	245	7
15	130	246	0
15	130	247	4
15	130	248	6
15	130	249	0
15	131	245	3
15	131	246	0
15	131	247	1
15	131	248	4
15	131	249	1
15	132	245	6
15	132	246	2
15	132	247	1
15	132	248	8
15	132	249	8
15	133	245	18
15	133	246	10
15	133	247	8
15	133	248	15
15	133	249	22
15	134	245	34
15	134	246	25
15	134	247	24
15	134	248	31
15	134	249	41
15	135	215	38
15	135	216	35
15	135	217	40
15	135	218	53
15	135	219	73
15	135	230	29
15	135	231	27
15	135	232	34
15	135	233	48
15	135	234	70
15	136	215	19
15	136	216	16
15	136	217	20
15	136	218	33
15	136	219	54
15	136	230	30
15	136	231	28
15	136	232	34
15	136	233	49
15	136	234	71
15	137	215	0
15	137	216	4
15	137	217	9
15	137	218	22
15	137	219	43
15	137	230	38
15	137	231	37
15	137	232	43
15	137	233	57
15	137	234	80
15	138	215	4
15	138	216	1
15	138	217	6
15	138	218	18
15	138	219	39
15	138	230	55
15	138	231	54
15	138	232	60
15	138	233	74
15	138	234	96
15	139	215	9
15	139	216	5
15	139	217	10
15	139	218	23
15	139	219	44
15	139	230	80
15	139	231	78
15	139	232	85
15	139	233	99
15	139	234	121
16	130	245	12
16	130	246	0
16	130	247	1
16	130	248	7
16	130	249	2
16	131	245	7
16	131	246	3
16	131	247	0
16	131	248	1
16	131	249	0
16	132	245	11
16	132	246	6
16	132	247	4
16	132	248	4
16	132	249	4
16	133	245	22
16	133	246	13
16	133	247	12
16	133	248	15
16	133	249	14
16	134	245	38
16	134	246	29
16	134	247	28
16	134	248	33
16	134	249	33
16	135	215	38
16	135	216	34
16	135	217	39
16	135	218	52
16	135	219	73
16	135	230	12
16	135	231	11
16	135	232	17
16	135	233	31
16	135	234	53
16	136	215	18
16	136	216	15
16	136	217	20
16	136	218	33
16	136	219	53
16	136	230	13
16	136	231	11
16	136	232	18
16	136	233	32
16	136	234	54
16	137	215	7
16	137	216	4
16	137	217	8
16	137	218	21
16	137	219	42
16	137	230	22
16	137	231	20
16	137	232	26
16	137	233	41
16	137	234	63
16	138	215	3
16	138	216	0
16	138	217	5
16	138	218	18
16	138	219	39
16	138	230	39
16	138	231	37
16	138	232	43
16	138	233	57
16	138	234	80
16	139	215	8
16	139	216	5
16	139	217	10
16	139	218	22
16	139	219	43
16	139	230	63
16	139	231	62
16	139	232	68
16	139	233	82
16	139	234	105
17	130	245	14
17	130	246	5
17	130	247	3
17	130	248	7
17	130	249	6
17	131	245	15
17	131	246	5
17	131	247	2
17	131	248	1
17	131	249	0
17	132	245	23
17	132	246	13
17	132	247	4
17	132	248	4
17	132	249	3
17	133	245	34
17	133	246	24
17	133	247	15
17	133	248	15
17	133	249	11
17	134	245	50
17	134	246	41
17	134	247	34
17	134	248	33
17	134	249	27
17	135	215	45
17	135	216	42
17	135	217	47
17	135	218	59
17	135	219	80
17	135	230	0
17	135	231	2
17	135	232	8
17	135	233	22
17	135	234	45
17	136	215	26
17	136	216	22
17	136	217	27
17	136	218	40
17	136	219	61
17	136	230	4
17	136	231	3
17	136	232	9
17	136	233	23
17	136	234	45
17	137	215	14
17	137	216	11
17	137	217	16
17	137	218	29
17	137	219	49
17	137	230	13
17	137	231	11
17	137	232	18
17	137	233	32
17	137	234	54
17	138	215	11
17	138	216	8
17	138	217	12
17	138	218	25
17	138	219	46
17	138	230	30
17	138	231	28
17	138	232	34
17	138	233	49
17	138	234	71
17	139	215	15
17	139	216	12
17	139	217	17
17	139	218	30
17	139	219	51
17	139	230	55
17	139	231	53
17	139	232	59
17	139	233	74
17	139	234	96
18	130	245	24
18	130	246	15
18	130	247	13
18	130	248	15
18	130	249	14
18	131	245	25
18	131	246	15
18	131	247	10
18	131	248	9
18	131	249	6
18	132	245	33
18	132	246	21
18	132	247	12
18	132	248	12
18	132	249	6
18	133	245	48
18	133	246	32
18	133	247	23
18	133	248	23
18	133	249	14
18	134	245	67
18	134	246	50
18	134	247	42
18	134	248	40
18	134	249	29
18	135	215	60
18	135	216	57
18	135	217	62
18	135	218	75
18	135	219	96
18	135	230	3
18	135	231	1
18	135	232	7
18	135	233	22
18	135	234	44
18	136	215	41
18	136	216	38
18	136	217	43
18	136	218	55
18	136	219	76
18	136	230	4
18	136	231	2
18	136	232	8
18	136	233	23
18	136	234	45
18	137	215	30
18	137	216	26
18	137	217	31
18	137	218	44
18	137	219	65
18	137	230	12
18	137	231	11
18	137	232	17
18	137	233	31
18	137	234	54
18	138	215	26
18	138	216	23
18	138	217	28
18	138	218	41
18	138	219	61
18	138	230	29
18	138	231	28
18	138	232	34
18	138	233	48
18	138	234	70
18	139	215	31
18	139	216	28
18	139	217	32
18	139	218	45
18	139	219	66
18	139	230	54
18	139	231	52
18	139	232	59
18	139	233	73
18	139	234	94
19	130	245	43
19	130	246	33
19	130	247	31
19	130	248	31
19	130	249	24
19	131	245	43
19	131	246	33
19	131	247	26
19	131	248	25
19	131	249	16
19	132	245	51
19	132	246	37
19	132	247	28
19	132	248	26
19	132	249	16
19	133	245	64
19	133	246	48
19	133	247	39
19	133	248	34
19	133	249	24
19	134	245	83
19	134	246	66
19	134	247	58
19	134	248	50
19	134	249	40
19	135	215	84
19	135	216	81
19	135	217	85
19	135	218	98
19	135	219	119
19	135	230	10
19	135	231	8
19	135	232	15
19	135	233	29
19	135	234	40
19	136	215	64
19	136	216	61
19	136	217	66
19	136	218	79
19	136	219	100
19	136	230	11
19	136	231	9
19	136	232	16
19	136	233	30
19	136	234	37
19	137	215	53
19	137	216	50
19	137	217	55
19	137	218	67
19	137	219	88
19	137	230	20
19	137	231	18
19	137	232	24
19	137	233	39
19	137	234	42
19	138	215	50
19	138	216	46
19	138	217	51
19	138	218	64
19	138	219	85
19	138	230	37
19	138	231	35
19	138	232	41
19	138	233	55
19	138	234	56
19	139	215	54
19	139	216	51
19	139	217	56
19	139	218	69
19	139	219	89
19	139	230	61
19	139	231	60
19	139	232	66
19	139	233	80
19	139	234	77
20	135	235	14
20	135	236	0
20	135	237	5
20	135	238	12
20	135	239	28
20	136	235	11
20	136	236	3
20	136	237	2
20	136	238	9
20	136	239	25
20	137	235	17
20	137	236	8
20	137	237	7
20	137	238	15
20	137	239	30
20	138	235	30
20	138	236	21
20	138	237	21
20	138	238	28
20	138	239	43
20	139	235	51
20	139	236	43
20	139	237	42
20	139	238	49
20	139	239	65
20	140	210	122
20	140	211	100
20	140	212	86
20	140	213	80
20	140	214	81
20	141	210	90
20	141	211	68
20	141	212	54
20	141	213	49
20	141	214	50
20	142	210	67
20	142	211	45
20	142	212	31
20	142	213	25
20	142	214	27
20	143	210	51
20	143	211	29
20	143	212	15
20	143	213	9
20	143	214	11
20	144	210	43
20	144	211	21
20	144	212	7
20	144	213	0
20	144	214	3
20	145	245	79
20	145	246	57
20	145	247	43
20	145	248	36
20	145	249	38
20	146	245	80
20	146	246	58
20	146	247	44
20	146	248	37
20	146	249	39
20	147	245	89
20	147	246	67
20	147	247	52
20	147	248	46
20	147	249	48
20	148	245	106
20	148	246	83
20	148	247	69
20	148	248	63
20	148	249	64
20	149	245	131
20	149	246	108
20	149	247	94
20	149	248	88
20	149	249	89
21	135	235	13
21	135	236	4
21	135	237	4
21	135	238	11
21	135	239	26
21	136	235	10
21	136	236	1
21	136	237	1
21	136	238	8
21	136	239	24
21	137	235	15
21	137	236	7
21	137	237	6
21	137	238	13
21	137	239	29
21	138	235	29
21	138	236	20
21	138	237	19
21	138	238	27
21	138	239	42
21	139	235	50
21	139	236	41
21	139	237	41
21	139	238	48
21	139	239	63
21	140	210	123
21	140	211	101
21	140	212	84
21	140	213	76
21	140	214	75
21	141	210	91
21	141	211	69
21	141	212	54
21	141	213	45
21	141	214	45
21	142	210	68
21	142	211	46
21	142	212	31
21	142	213	23
21	142	214	22
21	143	210	52
21	143	211	30
21	143	212	16
21	143	213	8
21	143	214	7
21	144	210	44
21	144	211	22
21	144	212	8
21	144	213	0
21	144	214	1
21	145	245	59
21	145	246	37
21	145	247	23
21	145	248	16
21	145	249	18
21	146	245	60
21	146	246	38
21	146	247	24
21	146	248	17
21	146	249	19
21	147	245	69
21	147	246	47
21	147	247	32
21	147	248	26
21	147	249	28
21	148	245	86
21	148	246	63
21	148	247	49
21	148	248	43
21	148	249	44
21	149	245	111
21	149	246	88
21	149	247	74
21	149	248	68
21	149	249	69
22	135	235	19
22	135	236	11
22	135	237	10
22	135	238	18
22	135	239	33
22	136	235	17
22	136	236	8
22	136	237	8
22	136	238	15
22	136	239	30
22	137	235	22
22	137	236	13
22	137	237	13
22	137	238	20
22	137	239	36
22	138	235	35
22	138	236	27
22	138	237	26
22	138	238	34
22	138	239	49
22	139	235	57
22	139	236	48
22	139	237	47
22	139	238	55
22	139	239	70
22	140	210	128
22	140	211	103
22	140	212	87
22	140	213	78
22	140	214	78
22	141	210	97
22	141	211	73
22	141	212	56
22	141	213	48
22	141	214	47
22	142	210	75
22	142	211	50
22	142	212	34
22	142	213	25
22	142	214	24
22	143	210	60
22	143	211	36
22	143	212	19
22	143	213	10
22	143	214	10
22	144	210	53
22	144	211	29
22	144	212	12
22	144	213	4
22	144	214	3
22	145	245	47
22	145	246	25
22	145	247	11
22	145	248	0
22	145	249	6
22	146	245	48
22	146	246	26
22	146	247	12
22	146	248	5
22	146	249	7
22	147	245	57
22	147	246	35
22	147	247	20
22	147	248	14
22	147	249	16
22	148	245	74
22	148	246	51
22	148	247	37
22	148	248	31
22	148	249	32
22	149	245	99
22	149	246	76
22	149	247	62
22	149	248	56
22	149	249	57
23	135	235	34
23	135	236	26
23	135	237	25
23	135	238	32
23	135	239	48
23	136	235	32
23	136	236	23
23	136	237	22
23	136	238	30
23	136	239	45
23	137	235	37
23	137	236	28
23	137	237	28
23	137	238	35
23	137	239	50
23	138	235	50
23	138	236	41
23	138	237	41
23	138	238	48
23	138	239	64
23	139	235	71
23	139	236	63
23	139	237	62
23	139	238	70
23	139	239	85
23	140	210	139
23	140	211	114
23	140	212	97
23	140	213	89
23	140	214	88
23	141	210	108
23	141	211	83
23	141	212	67
23	141	213	58
23	141	214	58
23	142	210	85
23	142	211	61
23	142	212	44
23	142	213	36
23	142	214	35
23	143	210	71
23	143	211	46
23	143	212	30
23	143	213	21
23	143	214	20
23	144	210	64
23	144	211	39
23	144	212	23
23	144	213	14
23	144	214	14
23	145	245	43
23	145	246	21
23	145	247	7
23	145	248	0
23	145	249	2
23	146	245	44
23	146	246	22
23	146	247	8
23	146	248	1
23	146	249	3
23	147	245	53
23	147	246	31
23	147	247	16
23	147	248	10
23	147	249	12
23	148	245	70
23	148	246	47
23	148	247	33
23	148	248	27
23	148	249	28
23	149	245	95
23	149	246	72
23	149	247	58
23	149	248	52
23	149	249	42
24	135	235	57
24	135	236	48
24	135	237	48
24	135	238	55
24	135	239	71
24	136	235	54
24	136	236	46
24	136	237	45
24	136	238	52
24	136	239	68
24	137	235	60
24	137	236	51
24	137	237	50
24	137	238	58
24	137	239	73
24	138	235	73
24	138	236	64
24	138	237	64
24	138	238	71
24	138	239	86
24	139	235	94
24	139	236	86
24	139	237	85
24	139	238	92
24	139	239	108
24	140	210	157
24	140	211	132
24	140	212	116
24	140	213	107
24	140	214	107
24	141	210	126
24	141	211	102
24	141	212	85
24	141	213	77
24	141	214	76
24	142	210	104
24	142	211	79
24	142	212	63
24	142	213	54
24	142	214	53
24	143	210	89
24	143	211	65
24	143	212	48
24	143	213	39
24	143	214	39
24	144	210	83
24	144	211	58
24	144	212	41
24	144	213	33
24	144	214	32
24	145	245	47
24	145	246	25
24	145	247	11
24	145	248	4
24	145	249	6
24	146	245	48
24	146	246	26
24	146	247	12
24	146	248	5
24	146	249	7
24	147	245	57
24	147	246	35
24	147	247	20
24	147	248	14
24	147	249	16
24	148	245	74
24	148	246	51
24	148	247	37
24	148	248	31
24	148	249	22
24	149	245	99
24	149	246	76
24	149	247	50
24	149	248	31
24	149	249	21
25	135	235	88
25	135	236	79
25	135	237	79
25	135	238	86
25	135	239	101
25	135	245	136
25	135	246	102
25	135	247	76
25	135	248	58
25	135	249	49
25	136	235	85
25	136	236	76
25	136	237	76
25	136	238	83
25	136	239	99
25	136	245	113
25	136	246	79
25	136	247	53
25	136	248	35
25	136	249	25
25	137	235	90
25	137	236	82
25	137	237	81
25	137	238	88
25	137	239	104
25	137	245	97
25	137	246	64
25	137	247	38
25	137	248	20
25	137	249	10
25	138	235	84
25	138	236	76
25	138	237	76
25	138	238	83
25	138	239	99
25	138	245	90
25	138	246	56
25	138	247	30
25	138	248	13
25	138	249	0
25	139	235	81
25	139	236	73
25	139	237	73
25	139	238	81
25	139	239	97
25	139	245	91
25	139	246	57
25	139	247	31
25	139	248	13
25	139	249	3
25	140	220	97
25	140	221	91
25	140	222	93
25	140	223	103
25	140	224	121
25	141	220	63
25	141	221	57
25	141	222	59
25	141	223	69
25	141	224	87
25	142	220	37
25	142	221	31
25	142	222	33
25	142	223	43
25	142	224	61
25	143	220	19
25	143	221	13
25	143	222	16
25	143	223	26
25	143	224	44
25	144	220	10
25	144	221	0
25	144	222	6
25	144	223	16
25	144	224	34
25	145	245	59
25	145	246	37
25	145	247	23
25	145	248	16
25	145	249	18
25	146	245	60
25	146	246	38
25	146	247	24
25	146	248	17
25	146	249	19
25	147	245	69
25	147	246	47
25	147	247	32
25	147	248	26
25	147	249	19
25	148	245	86
25	148	246	63
25	148	247	39
25	148	248	20
25	148	249	9
25	149	245	94
25	149	246	64
25	149	247	37
25	149	248	18
25	149	249	8
26	135	235	109
26	135	236	101
26	135	237	101
26	135	238	109
26	135	239	125
26	135	245	137
26	135	246	104
26	135	247	78
26	135	248	60
26	135	249	50
26	136	235	83
26	136	236	75
26	136	237	74
26	136	238	82
26	136	239	98
26	136	245	114
26	136	246	80
26	136	247	54
26	136	248	37
26	136	249	27
26	137	235	64
26	137	236	56
26	137	237	56
26	137	238	64
26	137	239	80
26	137	245	99
26	137	246	65
26	137	247	39
26	137	248	21
26	137	249	11
26	138	235	54
26	138	236	46
26	138	237	46
26	138	238	53
26	138	239	69
26	138	245	92
26	138	246	58
26	138	247	32
26	138	248	14
26	138	249	4
26	139	235	51
26	139	236	43
26	139	237	43
26	139	238	51
26	139	239	67
26	139	245	92
26	139	246	58
26	139	247	33
26	139	248	15
26	139	249	5
26	140	220	95
26	140	221	89
26	140	222	91
26	140	223	101
26	140	224	119
26	141	220	61
26	141	221	55
26	141	222	57
26	141	223	68
26	141	224	86
26	142	220	36
26	142	221	30
26	142	222	32
26	142	223	42
26	142	224	60
26	143	220	18
26	143	221	12
26	143	222	14
26	143	223	24
26	143	224	42
26	144	220	8
26	144	221	2
26	144	222	4
26	144	223	14
26	144	224	32
26	145	245	79
26	145	246	57
26	145	247	43
26	145	248	36
26	145	249	38
26	146	245	80
26	146	246	58
26	146	247	44
26	146	248	37
26	146	249	32
26	147	245	89
26	147	246	61
26	147	247	40
26	147	248	25
26	147	249	14
26	148	245	81
26	148	246	51
26	148	247	30
26	148	248	15
26	148	249	0
26	149	245	79
26	149	246	49
26	149	247	27
26	149	248	13
26	149	249	3
27	135	235	87
27	135	236	79
27	135	237	79
27	135	238	87
27	135	239	103
27	135	245	147
27	135	246	113
27	135	247	87
27	135	248	69
27	135	249	59
27	136	235	61
27	136	236	52
27	136	237	52
27	136	238	60
27	136	239	76
27	136	245	124
27	136	246	90
27	136	247	64
27	136	248	46
27	136	249	36
27	137	235	42
27	137	236	34
27	137	237	34
27	137	238	42
27	137	239	58
27	137	245	108
27	137	246	74
27	137	247	49
27	137	248	31
27	137	249	21
27	138	235	32
27	138	236	24
27	138	237	23
27	138	238	31
27	138	239	47
27	138	245	101
27	138	246	67
27	138	247	41
27	138	248	23
27	138	249	14
27	139	235	29
27	139	236	21
27	139	237	21
27	139	238	29
27	139	239	43
27	139	245	102
27	139	246	68
27	139	247	42
27	139	248	24
27	139	249	14
27	140	220	102
27	140	221	96
27	140	222	98
27	140	223	108
27	140	224	126
27	141	220	68
27	141	221	62
27	141	222	64
27	141	223	74
27	141	224	92
27	142	220	42
27	142	221	36
27	142	222	38
27	142	223	48
27	142	224	66
27	143	220	24
27	143	221	18
27	143	222	20
27	143	223	30
27	143	224	49
27	144	220	15
27	144	221	9
27	144	222	11
27	144	223	21
27	144	224	39
27	145	245	107
27	145	246	85
27	145	247	71
27	145	248	63
27	145	249	57
27	146	245	102
27	146	246	72
27	146	247	51
27	146	248	37
27	146	249	31
27	147	245	84
27	147	246	54
27	147	247	32
27	147	248	19
27	147	249	13
27	148	245	73
27	148	246	44
27	148	247	22
27	148	248	8
27	148	249	0
27	149	245	71
27	149	246	42
27	149	247	20
27	149	248	6
27	149	249	1
28	135	235	73
28	135	236	65
28	135	237	65
28	135	238	73
28	135	239	86
28	135	245	164
28	135	246	130
28	135	247	105
28	135	248	87
28	135	249	77
28	136	235	46
28	136	236	38
28	136	237	38
28	136	238	46
28	136	239	59
28	136	245	141
28	136	246	107
28	136	247	81
28	136	248	63
28	136	249	54
28	137	235	28
28	137	236	20
28	137	237	20
28	137	238	28
28	137	239	40
28	137	245	126
28	137	246	92
28	137	247	66
28	137	248	48
28	137	249	38
28	138	235	18
28	138	236	9
28	138	237	9
28	138	238	17
28	138	239	28
28	138	245	118
28	138	246	85
28	138	247	59
28	138	248	41
28	138	249	31
28	139	235	15
28	139	236	7
28	139	237	7
28	139	238	15
28	139	239	25
28	139	245	119
28	139	246	85
28	139	247	59
28	139	248	42
28	139	249	32
28	140	220	116
28	140	221	110
28	140	222	112
28	140	223	122
28	140	224	126
28	141	220	82
28	141	221	76
28	141	222	78
28	141	223	88
28	141	224	106
28	142	220	56
28	142	221	51
28	142	222	53
28	142	223	63
28	142	224	81
28	143	220	39
28	143	221	33
28	143	222	35
28	143	223	45
28	143	224	63
28	144	220	29
28	144	221	23
28	144	222	25
28	144	223	35
28	144	224	53
28	145	245	129
28	145	246	99
28	145	247	77
28	145	248	64
28	145	249	58
28	146	245	102
28	146	246	73
28	146	247	51
28	146	248	37
28	146	249	32
28	147	245	84
28	147	246	54
28	147	247	33
28	147	248	19
28	147	249	14
28	148	245	74
28	148	246	44
28	148	247	23
28	148	248	9
28	148	249	3
28	149	245	72
28	149	246	42
28	149	247	20
28	149	248	7
28	149	249	1
29	135	235	67
29	135	236	59
29	135	237	59
29	135	238	65
29	135	239	76
29	135	245	142
29	135	246	156
29	135	247	130
29	135	248	112
29	135	249	102
29	136	235	40
29	136	236	32
29	136	237	32
29	136	238	38
29	136	239	49
29	136	245	116
29	136	246	132
29	136	247	107
29	136	248	89
29	136	249	79
29	137	235	22
29	137	236	14
29	137	237	14
29	137	238	19
29	137	239	29
29	137	245	97
29	137	246	117
29	137	247	91
29	137	248	74
29	137	249	64
29	138	235	12
29	138	236	0
29	138	237	0
29	138	238	8
29	138	239	18
29	138	245	87
29	138	246	107
29	138	247	84
29	138	248	66
29	138	249	56
29	139	235	9
29	139	236	1
29	139	237	1
29	139	238	5
29	139	239	15
29	139	245	85
29	139	246	105
29	139	247	85
29	139	248	67
29	139	249	57
29	140	220	138
29	140	221	132
29	140	222	135
29	140	223	129
29	140	224	97
29	141	220	105
29	141	221	99
29	141	222	101
29	141	223	111
29	141	224	114
29	142	220	79
29	142	221	73
29	142	222	75
29	142	223	85
29	142	224	103
29	143	220	61
29	143	221	55
29	143	222	57
29	143	223	67
29	143	224	85
29	144	220	51
29	144	221	45
29	144	222	48
29	144	223	58
29	144	224	76
29	145	245	137
29	145	246	107
29	145	247	86
29	145	248	72
29	145	249	67
29	146	245	111
29	146	246	81
29	146	247	60
29	146	248	46
29	146	249	40
29	147	245	93
29	147	246	63
29	147	247	41
29	147	248	28
29	147	249	22
29	148	245	82
29	148	246	53
29	148	247	31
29	148	248	18
29	148	249	12
29	149	245	80
29	149	246	51
29	149	247	29
29	149	248	15
29	149	249	10
30	135	225	90
30	135	226	74
30	135	227	66
30	135	228	66
30	135	229	74
30	135	235	69
30	135	236	61
30	135	237	61
30	135	238	63
30	135	239	73
30	135	240	91
30	135	241	99
30	135	242	101
30	135	243	97
30	135	244	101
30	136	225	66
30	136	226	50
30	136	227	43
30	136	228	43
30	136	229	51
30	136	235	42
30	136	236	34
30	136	237	33
30	136	238	36
30	136	239	46
30	136	240	62
30	136	241	70
30	136	242	75
30	136	243	71
30	136	244	75
30	137	225	51
30	137	226	35
30	137	227	27
30	137	228	27
30	137	229	35
30	137	235	24
30	137	236	16
30	137	237	14
30	137	238	17
30	137	239	27
30	137	240	41
30	137	241	48
30	137	242	57
30	137	243	53
30	137	244	56
30	138	225	43
30	138	226	27
30	138	227	20
30	138	228	20
30	138	229	28
30	138	235	13
30	138	236	5
30	138	237	3
30	138	238	5
30	138	239	16
30	138	240	27
30	138	241	35
30	138	242	46
30	138	243	42
30	138	244	46
30	139	225	44
30	139	226	28
30	139	227	20
30	139	228	20
30	139	229	28
30	139	235	11
30	139	236	3
30	139	237	0
30	139	238	2
30	139	239	13
30	139	240	22
30	139	241	30
30	139	242	44
30	139	243	40
30	139	244	44
30	145	230	125
30	145	231	100
30	145	232	83
30	145	233	74
30	145	234	73
30	146	230	128
30	146	231	103
30	146	232	87
30	146	233	78
30	146	234	77
30	147	230	140
30	147	231	115
30	147	232	98
30	147	233	89
30	147	234	88
30	148	230	159
30	148	231	134
30	148	232	117
30	148	233	108
30	148	234	107
30	149	230	186
30	149	231	162
30	149	232	145
30	149	233	136
30	149	234	135
31	135	225	77
31	135	226	61
31	135	227	53
31	135	228	53
31	135	229	61
31	135	235	79
31	135	236	71
31	135	237	66
31	135	238	69
31	135	239	76
31	135	240	76
31	135	241	84
31	135	242	80
31	135	243	76
31	135	244	80
31	136	225	53
31	136	226	37
31	136	227	29
31	136	228	30
31	136	229	38
31	136	235	52
31	136	236	44
31	136	237	39
31	136	238	42
31	136	239	47
31	136	240	47
31	136	241	55
31	136	242	54
31	136	243	50
31	136	244	53
31	137	225	38
31	137	226	22
31	137	227	14
31	137	228	14
31	137	229	22
31	137	235	34
31	137	236	26
31	137	237	20
31	137	238	22
31	137	239	26
31	137	240	26
31	137	241	34
31	137	242	35
31	137	243	31
31	137	244	35
31	138	225	30
31	138	226	14
31	138	227	6
31	138	228	6
31	138	229	15
31	138	235	23
31	138	236	14
31	138	237	9
31	138	238	11
31	138	239	13
31	138	240	13
31	138	241	21
31	138	242	25
31	138	243	21
31	138	244	25
31	139	225	31
31	139	226	15
31	139	227	7
31	139	228	7
31	139	229	15
31	139	235	21
31	139	236	11
31	139	237	6
31	139	238	8
31	139	239	8
31	139	240	8
31	139	241	16
31	139	242	23
31	139	243	19
31	139	244	22
31	145	230	95
31	145	231	70
31	145	232	53
31	145	233	44
31	145	234	43
31	146	230	98
31	146	231	73
31	146	232	56
31	146	233	47
31	146	234	46
31	147	230	109
31	147	231	85
31	147	232	68
31	147	233	59
31	147	234	58
31	148	230	129
31	148	231	104
31	148	232	87
31	148	233	78
31	148	234	77
31	149	230	156
31	149	231	131
31	149	232	114
31	149	233	106
31	149	234	105
32	135	225	72
32	135	226	56
32	135	227	48
32	135	228	48
32	135	229	56
32	135	235	97
32	135	236	86
32	135	237	80
32	135	238	78
32	135	239	70
32	135	240	70
32	135	241	77
32	135	242	67
32	135	243	62
32	135	244	66
32	136	225	48
32	136	226	32
32	136	227	24
32	136	228	24
32	136	229	32
32	136	235	70
32	136	236	59
32	136	237	53
32	136	238	49
32	136	239	40
32	136	240	40
32	136	241	48
32	136	242	40
32	136	243	36
32	136	244	40
32	137	225	33
32	137	226	17
32	137	227	9
32	137	228	9
32	137	229	17
32	137	235	52
32	137	236	39
32	137	237	34
32	137	238	27
32	137	239	19
32	137	240	19
32	137	241	27
32	137	242	22
32	137	243	18
32	137	244	22
32	138	225	25
32	138	226	9
32	138	227	0
32	138	228	1
32	138	229	9
32	138	235	41
32	138	236	28
32	138	237	23
32	138	238	14
32	138	239	6
32	138	240	6
32	138	241	14
32	138	242	12
32	138	243	7
32	138	244	11
32	139	225	26
32	139	226	10
32	139	227	2
32	139	228	2
32	139	229	10
32	139	235	39
32	139	236	25
32	139	237	19
32	139	238	9
32	139	239	0
32	139	240	1
32	139	241	9
32	139	242	9
32	139	243	5
32	139	244	9
32	145	230	72
32	145	231	48
32	145	232	31
32	145	233	22
32	145	234	21
32	146	230	76
32	146	231	51
32	146	232	34
32	146	233	25
32	146	234	24
32	147	230	87
32	147	231	62
32	147	232	45
32	147	233	37
32	147	234	36
32	148	230	107
32	148	231	82
32	148	232	65
32	148	233	56
32	148	234	55
32	149	230	134
32	149	231	109
32	149	232	92
32	149	233	83
32	149	234	82
33	135	225	75
33	135	226	59
33	135	227	51
33	135	228	51
33	135	229	59
33	135	235	121
33	135	236	107
33	135	237	95
33	135	238	79
33	135	239	71
33	135	240	71
33	135	241	74
33	135	242	61
33	135	243	57
33	135	244	61
33	136	225	51
33	136	226	35
33	136	227	27
33	136	228	27
33	136	229	35
33	136	235	94
33	136	236	80
33	136	237	66
33	136	238	50
33	136	239	42
33	136	240	42
33	136	241	47
33	136	242	35
33	136	243	31
33	136	244	35
33	137	225	36
33	137	226	20
33	137	227	12
33	137	228	12
33	137	229	20
33	137	235	75
33	137	236	61
33	137	237	45
33	137	238	29
33	137	239	21
33	137	240	21
33	137	241	29
33	137	242	17
33	137	243	12
33	137	244	16
33	138	225	28
33	138	226	12
33	138	227	4
33	138	228	4
33	138	229	12
33	138	235	63
33	138	236	50
33	138	237	32
33	138	238	16
33	138	239	8
33	138	240	7
33	138	241	15
33	138	242	6
33	138	243	0
33	138	244	6
33	139	225	29
33	139	226	13
33	139	227	5
33	139	228	5
33	139	229	13
33	139	235	60
33	139	236	47
33	139	237	27
33	139	238	10
33	139	239	2
33	139	240	2
33	139	241	10
33	139	242	4
33	139	243	0
33	139	244	4
33	145	230	58
33	145	231	33
33	145	232	16
33	145	233	8
33	145	234	7
33	146	230	62
33	146	231	37
33	146	232	20
33	146	233	11
33	146	234	10
33	147	230	73
33	147	231	48
33	147	232	31
33	147	233	22
33	147	234	21
33	148	230	92
33	148	231	67
33	148	232	51
33	148	233	42
33	148	234	41
33	149	230	120
33	149	231	95
33	149	232	78
33	149	233	69
33	149	234	68
34	135	225	85
34	135	226	70
34	135	227	62
34	135	228	62
34	135	229	70
34	135	235	151
34	135	236	128
34	135	237	104
34	135	238	88
34	135	239	80
34	135	240	80
34	135	241	76
34	135	242	64
34	135	243	60
34	135	244	64
34	136	225	62
34	136	226	46
34	136	227	38
34	136	228	38
34	136	229	46
34	136	235	124
34	136	236	99
34	136	237	75
34	136	238	59
34	136	239	51
34	136	240	51
34	136	241	50
34	136	242	38
34	136	243	33
34	136	244	37
34	137	225	46
34	137	226	31
34	137	227	23
34	137	228	23
34	137	229	31
34	137	235	104
34	137	236	78
34	137	237	54
34	137	238	38
34	137	239	30
34	137	240	30
34	137	241	32
34	137	242	19
34	137	243	15
34	137	244	19
34	138	225	39
34	138	226	23
34	138	227	15
34	138	228	15
34	138	229	23
34	138	235	93
34	138	236	65
34	138	237	41
34	138	238	25
34	138	239	17
34	138	240	17
34	138	241	21
34	138	242	9
34	138	243	5
34	138	244	9
34	139	225	39
34	139	226	24
34	139	227	16
34	139	228	16
34	139	229	24
34	139	235	90
34	139	236	60
34	139	237	36
34	139	238	20
34	139	239	12
34	139	240	12
34	139	241	19
34	139	242	7
34	139	243	2
34	139	244	6
34	145	230	52
34	145	231	27
34	145	232	10
34	145	233	0
34	145	234	0
34	146	230	55
34	146	231	31
34	146	232	14
34	146	233	5
34	146	234	4
34	147	230	67
34	147	231	42
34	147	232	25
34	147	233	16
34	147	234	15
34	148	230	86
34	148	231	61
34	148	232	44
34	148	233	35
34	148	234	34
34	149	230	114
34	149	231	89
34	149	232	72
34	149	233	63
34	149	234	59
35	140	235	112
35	140	236	80
35	140	237	56
35	140	238	40
35	140	239	32
35	141	235	76
35	141	236	76
35	141	237	60
35	141	238	51
35	141	239	43
35	142	235	45
35	142	236	51
35	142	237	56
35	142	238	47
35	142	239	47
35	143	235	22
35	143	236	28
35	143	237	40
35	143	238	43
35	143	239	51
35	144	235	7
35	144	236	14
35	144	237	23
35	144	238	27
35	144	239	38
35	145	230	54
35	145	231	29
35	145	232	12
35	145	233	3
35	145	234	0
35	145	235	0
35	145	236	7
35	145	237	14
35	145	238	18
35	145	239	29
35	146	230	57
35	146	231	32
35	146	232	15
35	146	233	6
35	146	234	3
35	146	235	1
35	146	236	8
35	146	237	13
35	146	238	17
35	146	239	28
35	147	230	69
35	147	231	44
35	147	232	27
35	147	233	18
35	147	234	12
35	147	235	11
35	147	236	17
35	147	237	21
35	147	238	24
35	147	239	36
35	148	230	88
35	148	231	63
35	148	232	46
35	148	233	37
35	148	234	29
35	148	235	28
35	148	236	34
35	148	237	36
35	148	238	39
35	148	239	51
35	149	230	115
35	149	231	90
35	149	232	74
35	149	233	64
35	149	234	54
35	149	235	53
35	149	236	59
35	149	237	59
35	149	238	62
35	149	239	74
36	140	235	90
36	140	236	65
36	140	237	49
36	140	238	40
36	140	239	40
36	141	235	78
36	141	236	53
36	141	237	37
36	141	238	28
36	141	239	28
36	142	235	49
36	142	236	49
36	142	237	33
36	142	238	24
36	142	239	24
36	143	235	26
36	143	236	32
36	143	237	29
36	143	238	28
36	143	239	27
36	144	235	11
36	144	236	17
36	144	237	13
36	144	238	16
36	144	239	27
36	145	230	64
36	145	231	39
36	145	232	22
36	145	233	13
36	145	234	6
36	145	235	4
36	145	236	8
36	145	237	0
36	145	238	7
36	145	239	19
36	146	230	67
36	146	231	42
36	146	232	25
36	146	233	16
36	146	234	7
36	146	235	5
36	146	236	7
36	146	237	3
36	146	238	6
36	146	239	18
36	147	230	78
36	147	231	53
36	147	232	37
36	147	233	26
36	147	234	16
36	147	235	14
36	147	236	15
36	147	237	10
36	147	238	14
36	147	239	25
36	148	230	98
36	148	231	73
36	148	232	56
36	148	233	43
36	148	234	33
36	148	235	31
36	148	236	30
36	148	237	25
36	148	238	29
36	148	239	40
36	149	230	125
36	149	231	100
36	149	232	83
36	149	233	68
36	149	234	58
36	149	235	56
36	149	236	53
36	149	237	48
36	149	238	52
36	149	239	63
37	140	235	74
37	140	236	50
37	140	237	33
37	140	238	25
37	140	239	24
37	141	235	62
37	141	236	38
37	141	237	21
37	141	238	13
37	141	239	12
37	142	235	58
37	142	236	34
37	142	237	17
37	142	238	9
37	142	239	8
37	143	235	38
37	143	236	31
37	143	237	21
37	143	238	13
37	143	239	12
37	144	235	23
37	144	236	14
37	144	237	10
37	144	238	13
37	144	239	24
37	145	230	81
37	145	231	56
37	145	232	40
37	145	233	27
37	145	234	17
37	145	235	16
37	145	236	6
37	145	237	1
37	145	238	5
37	145	239	16
37	146	230	85
37	146	231	60
37	146	232	43
37	146	233	28
37	146	234	19
37	146	235	17
37	146	236	5
37	146	237	0
37	146	238	4
37	146	239	15
37	147	230	96
37	147	231	71
37	147	232	54
37	147	233	37
37	147	234	28
37	147	235	25
37	147	236	12
37	147	237	7
37	147	238	11
37	147	239	22
37	148	230	115
37	148	231	91
37	148	232	72
37	148	233	54
37	148	234	45
37	148	235	40
37	148	236	27
37	148	237	23
37	148	238	26
37	148	239	38
37	149	230	143
37	149	231	118
37	149	232	97
37	149	233	80
37	149	234	70
37	149	235	63
37	149	236	50
37	149	237	46
37	149	238	49
37	149	239	61
38	140	235	67
38	140	236	43
38	140	237	26
38	140	238	18
38	140	239	17
38	141	235	55
38	141	236	31
38	141	237	14
38	141	238	6
38	141	239	5
38	142	235	51
38	142	236	26
38	142	237	10
38	142	238	0
38	142	239	1
38	143	235	49
38	143	236	30
38	143	237	14
38	143	238	5
38	143	239	5
38	144	235	32
38	144	236	20
38	144	237	15
38	144	238	17
38	144	239	17
38	145	230	107
38	145	231	82
38	145	232	65
38	145	233	47
38	145	234	37
38	145	235	24
38	145	236	11
38	145	237	7
38	145	238	10
38	145	239	21
38	146	230	110
38	146	231	86
38	146	232	66
38	146	233	48
38	146	234	38
38	146	235	23
38	146	236	10
38	146	237	6
38	146	238	9
38	146	239	21
38	147	230	122
38	147	231	97
38	147	232	75
38	147	233	57
38	147	234	47
38	147	235	30
38	147	236	17
38	147	237	13
38	147	238	16
38	147	239	28
38	148	230	141
38	148	231	116
38	148	232	92
38	148	233	74
38	148	234	64
38	148	235	45
38	148	236	33
38	148	237	28
38	148	238	31
38	148	239	43
38	149	230	169
38	149	231	143
38	149	232	117
38	149	233	99
38	149	234	89
38	149	235	68
38	149	236	56
38	149	237	51
38	149	238	55
38	149	239	66
39	140	235	68
39	140	236	43
39	140	237	27
39	140	238	18
39	140	239	18
39	141	235	56
39	141	236	31
39	141	237	15
39	141	238	6
39	141	239	6
39	142	235	52
39	142	236	27
39	142	237	11
39	142	238	2
39	142	239	2
39	143	235	56
39	143	236	31
39	143	237	15
39	143	238	6
39	143	239	6
39	144	235	46
39	144	236	33
39	144	237	26
39	144	238	18
39	144	239	17
39	145	230	141
39	145	231	116
39	145	232	92
39	145	233	75
39	145	234	57
39	145	235	37
39	145	236	24
39	145	237	20
39	145	238	23
39	145	239	21
39	146	230	144
39	146	231	119
39	146	232	93
39	146	233	76
39	146	234	57
39	146	235	36
39	146	236	24
39	146	237	19
39	146	238	23
39	146	239	21
39	147	230	156
39	147	231	128
39	147	232	102
39	147	233	85
39	147	234	64
39	147	235	43
39	147	236	31
39	147	237	26
39	147	238	30
39	147	239	29
39	148	230	175
39	148	231	145
39	148	232	119
39	148	233	102
39	148	234	79
39	148	235	58
39	148	236	46
39	148	237	41
39	148	238	45
39	148	239	44
39	149	230	202
39	149	231	170
39	149	232	145
39	149	233	127
39	149	234	102
39	149	235	82
39	149	236	69
39	149	237	65
39	149	238	68
39	149	239	68
40	140	240	17
40	140	241	20
40	140	242	31
40	140	243	51
40	140	244	78
40	141	240	4
40	141	241	8
40	141	242	19
40	141	243	38
40	141	244	65
40	142	240	0
40	142	241	3
40	142	242	14
40	142	243	33
40	142	244	61
40	143	240	3
40	143	241	6
40	143	242	17
40	143	243	37
40	143	244	63
40	144	240	12
40	144	241	9
40	144	242	14
40	144	243	26
40	144	244	47
40	145	240	0
40	145	241	1
40	145	242	5
40	145	243	18
40	145	244	39
40	145	245	67
40	145	246	104
40	145	247	124
40	145	248	104
40	145	249	93
40	146	240	4
40	146	241	1
40	146	242	5
40	146	243	18
40	146	244	38
40	146	245	67
40	146	246	104
40	146	247	122
40	146	248	103
40	146	249	91
40	147	240	12
40	147	241	8
40	147	242	13
40	147	243	26
40	147	244	46
40	147	245	75
40	147	246	111
40	147	247	128
40	147	248	109
40	147	249	98
40	148	240	28
40	148	241	24
40	148	242	29
40	148	243	41
40	148	244	62
40	148	245	91
40	148	246	127
40	148	247	139
40	148	248	124
40	148	249	112
40	149	240	51
40	149	241	48
40	149	242	53
40	149	243	65
40	149	244	86
40	149	245	114
40	149	246	151
40	149	247	159
40	149	248	146
40	149	249	134
41	140	240	21
41	140	241	24
41	140	242	35
41	140	243	54
41	140	244	82
41	141	240	8
41	141	241	11
41	141	242	22
41	141	243	42
41	141	244	69
41	142	240	3
41	142	241	6
41	142	242	18
41	142	243	37
41	142	244	64
41	143	240	6
41	143	241	10
41	143	242	21
41	143	243	40
41	143	244	66
41	144	240	15
41	144	241	11
41	144	242	16
41	144	243	29
41	144	244	49
41	145	240	7
41	145	241	3
41	145	242	8
41	145	243	21
41	145	244	41
41	145	245	70
41	145	246	100
41	145	247	88
41	145	248	71
41	145	249	59
41	146	240	6
41	146	241	3
41	146	242	8
41	146	243	20
41	146	244	41
41	146	245	70
41	146	246	96
41	146	247	84
41	146	248	69
41	146	249	58
41	147	240	14
41	147	241	11
41	147	242	15
41	147	243	28
41	147	244	49
41	147	245	77
41	147	246	99
41	147	247	88
41	147	248	76
41	147	249	64
41	148	240	30
41	148	241	27
41	148	242	31
41	148	243	44
41	148	244	64
41	148	245	93
41	148	246	111
41	148	247	100
41	148	248	90
41	148	249	78
41	149	240	54
41	149	241	50
41	149	242	55
41	149	243	68
41	149	244	88
41	149	245	117
41	149	246	131
41	149	247	119
41	149	248	112
41	149	249	101
42	140	240	32
42	140	241	35
42	140	242	47
42	140	243	66
42	140	244	93
42	141	240	19
42	141	241	23
42	141	242	34
42	141	243	53
42	141	244	80
42	142	240	15
42	142	241	18
42	142	242	29
42	142	243	48
42	142	244	76
42	143	240	18
42	143	241	21
42	143	242	32
42	143	243	52
42	143	244	76
42	144	240	25
42	144	241	22
42	144	242	27
42	144	243	39
42	144	244	60
42	145	240	17
42	145	241	14
42	145	242	18
42	145	243	31
42	145	244	52
42	145	245	80
42	145	246	68
42	145	247	56
42	145	248	46
42	145	249	34
42	146	240	17
42	146	241	14
42	146	242	18
42	146	243	31
42	146	244	51
42	146	245	80
42	146	246	64
42	146	247	52
42	146	248	44
42	146	249	32
42	147	240	25
42	147	241	21
42	147	242	26
42	147	243	39
42	147	244	59
42	147	245	87
42	147	246	67
42	147	247	56
42	147	248	50
42	147	249	39
42	148	240	40
42	148	241	37
42	148	242	42
42	148	243	54
42	148	244	75
42	148	245	99
42	148	246	79
42	148	247	68
42	148	248	64
42	148	249	53
42	149	240	64
42	149	241	61
42	149	242	66
42	149	243	78
42	149	244	99
42	149	245	119
42	149	246	99
42	149	247	87
42	149	248	84
42	149	249	75
43	140	240	52
43	140	241	55
43	140	242	66
43	140	243	85
43	140	244	113
43	141	240	39
43	141	241	42
43	141	242	53
43	141	243	73
43	141	244	100
43	142	240	34
43	142	241	37
43	142	242	49
43	142	243	68
43	142	244	95
43	143	240	37
43	143	241	41
43	143	242	52
43	143	243	71
43	143	244	94
43	144	240	44
43	144	241	40
43	144	242	45
43	144	243	58
43	144	244	78
43	145	240	36
43	145	241	32
43	145	242	37
43	145	243	49
43	145	244	70
43	145	245	63
43	145	246	44
43	145	247	32
43	145	248	28
43	145	249	16
43	146	240	35
43	146	241	32
43	146	242	37
43	146	243	49
43	146	244	70
43	146	245	59
43	146	246	40
43	146	247	28
43	146	248	24
43	146	249	15
43	147	240	43
43	147	241	40
43	147	242	44
43	147	243	57
43	147	244	78
43	147	245	63
43	147	246	44
43	147	247	32
43	147	248	28
43	147	249	21
43	148	240	59
43	148	241	56
43	148	242	60
43	148	243	73
43	148	244	93
43	148	245	75
43	148	246	55
43	148	247	44
43	148	248	40
43	148	249	36
43	149	240	83
43	149	241	79
43	149	242	84
43	149	243	97
43	149	244	117
43	149	245	95
43	149	246	75
43	149	247	64
43	149	248	60
43	149	249	58
44	140	240	79
44	140	241	82
44	140	242	94
44	140	243	113
44	140	244	140
44	141	240	66
44	141	241	70
44	141	242	81
44	141	243	100
44	141	244	127
44	142	240	62
44	142	241	65
44	142	242	76
44	142	243	95
44	142	244	123
44	143	240	65
44	143	241	68
44	143	242	80
44	143	243	99
44	143	244	108
44	144	240	70
44	144	241	67
44	144	242	72
44	144	243	84
44	144	244	87
44	145	240	62
44	145	241	59
44	145	242	63
44	145	243	76
44	145	244	75
44	145	245	48
44	145	246	28
44	145	247	16
44	145	248	13
44	145	249	0
44	146	240	62
44	146	241	58
44	146	242	63
44	146	243	76
44	146	244	71
44	146	245	43
44	146	246	24
44	146	247	12
44	146	248	8
44	146	249	5
44	147	240	70
44	147	241	66
44	147	242	71
44	147	243	84
44	147	244	75
44	147	245	47
44	147	246	28
44	147	247	16
44	147	248	12
44	147	249	12
44	148	240	85
44	148	241	82
44	148	242	87
44	148	243	99
44	148	244	87
44	148	245	59
44	148	246	39
44	148	247	28
44	148	248	24
44	148	249	26
44	149	240	109
44	149	241	106
44	149	242	110
44	149	243	123
44	149	244	107
44	149	245	79
44	149	246	59
44	149	247	48
44	149	248	44
44	149	249	48
45	145	245	40
45	145	246	20
45	145	247	8
45	145	248	5
45	145	249	6
45	146	245	35
45	146	246	16
45	146	247	0
45	146	248	0
45	146	249	4
45	147	245	39
45	147	246	20
45	147	247	8
45	147	248	4
45	147	249	9
45	148	245	51
45	148	246	32
45	148	247	20
45	148	248	16
45	148	249	21
45	149	245	71
45	149	246	51
45	149	247	40
45	149	248	36
45	149	249	40
46	145	245	40
46	145	246	20
46	145	247	8
46	145	248	5
46	145	249	9
46	146	245	36
46	146	246	16
46	146	247	4
46	146	248	1
46	146	249	5
46	147	245	39
46	147	246	20
46	147	247	8
46	147	248	4
46	147	249	9
46	148	245	51
46	148	246	32
46	148	247	20
46	148	248	16
46	148	249	21
46	149	245	71
46	149	246	51
46	149	247	40
46	149	248	36
46	149	249	40
47	145	245	48
47	145	246	28
47	145	247	16
47	145	248	11
47	145	249	7
47	146	245	44
47	146	246	24
47	146	247	12
47	146	248	0
47	146	249	2
47	147	245	48
47	147	246	28
47	147	247	16
47	147	248	9
47	147	249	5
47	148	245	59
47	148	246	40
47	148	247	28
47	148	248	20
47	148	249	16
47	149	245	79
47	149	246	60
47	149	247	48
47	149	248	38
47	149	249	29
48	145	245	64
48	145	246	40
48	145	247	21
48	145	248	9
48	145	249	5
48	146	245	60
48	146	246	35
48	146	247	15
48	146	248	4
48	146	249	0
48	147	245	64
48	147	246	38
48	147	247	18
48	147	248	7
48	147	249	3
48	148	245	75
48	148	246	49
48	148	247	29
48	148	248	17
48	148	249	14
48	149	245	95
48	149	246	65
48	149	247	39
48	149	248	22
48	149	249	12
49	145	245	74
49	145	246	46
49	145	247	26
49	145	248	15
49	145	249	11
49	146	245	69
49	146	246	41
49	146	247	21
49	146	248	9
49	146	249	6
49	147	245	72
49	147	246	44
49	147	247	24
49	147	248	12
49	147	249	9
49	148	245	83
49	148	246	55
49	148	247	35
49	148	248	19
49	148	249	9
49	149	245	90
49	149	246	56
49	149	247	30
49	149	248	13
49	149	249	0
