#reforence point coordinates
98	5	103
#the number of meter size cube
10
#sacle
5
#cubeLen
50
#cubeWidth	cubeHeight	cubeDepth
100	5	100	
#XYX dis
0	135	15	61
0	135	16	34
0	135	17	16
0	135	18	0
0	135	19	2
0	136	15	60
0	136	16	33
0	136	17	14
0	136	18	3
0	136	19	0
0	137	15	66
0	137	16	39
0	137	17	20
0	137	18	9
0	137	19	7
0	138	15	81
0	138	16	54
0	138	17	35
0	138	18	24
0	138	19	21
0	139	15	103
0	139	16	76
0	139	17	57
0	139	18	46
0	139	19	43
0	140	0	89
0	140	1	78
0	140	2	75
0	140	3	80
0	140	4	93
0	141	0	71
0	141	1	59
0	141	2	56
0	141	3	61
0	141	4	74
0	142	0	60
0	142	1	49
0	142	2	45
0	142	3	50
0	142	4	63
0	143	0	57
0	143	1	46
0	143	2	43
0	143	3	47
0	143	4	60
0	144	0	62
0	144	1	51
0	144	2	48
0	144	3	53
0	144	4	65
0	145	5	34
0	145	6	25
0	145	7	21
0	145	8	24
0	145	9	35
0	146	5	23
0	146	6	14
0	146	7	12
0	146	8	15
0	146	9	26
0	147	5	20
0	147	6	11
0	147	7	10
0	147	8	15
0	147	9	22
0	148	5	25
0	148	6	16
0	148	7	14
0	148	8	21
0	148	9	26
0	149	5	38
0	149	6	28
0	149	7	27
0	149	8	33
0	149	9	37
1	135	15	64
1	135	16	37
1	135	17	18
1	135	18	7
1	135	19	4
1	136	15	62
1	136	16	35
1	136	17	16
1	136	18	5
1	136	19	2
1	137	15	69
1	137	16	42
1	137	17	23
1	137	18	12
1	137	19	9
1	138	15	83
1	138	16	56
1	138	17	37
1	138	18	26
1	138	19	23
1	139	15	105
1	139	16	78
1	139	17	60
1	139	18	49
1	139	19	46
1	140	0	67
1	140	1	56
1	140	2	53
1	140	3	58
1	140	4	71
1	141	0	48
1	141	1	37
1	141	2	34
1	141	3	39
1	141	4	52
1	142	0	38
1	142	1	26
1	142	2	23
1	142	3	28
1	142	4	41
1	143	0	35
1	143	1	23
1	143	2	20
1	143	3	25
1	143	4	38
1	144	0	40
1	144	1	29
1	144	2	25
1	144	3	30
1	144	4	43
1	145	5	25
1	145	6	16
1	145	7	11
1	145	8	14
1	145	9	24
1	146	5	14
1	146	6	0
1	146	7	0
1	146	8	6
1	146	9	12
1	147	5	11
1	147	6	0
1	147	7	1
1	147	8	5
1	147	9	8
1	148	5	16
1	148	6	7
1	148	7	5
1	148	8	10
1	148	9	12
1	149	5	27
1	149	6	17
1	149	7	15
1	149	8	21
1	149	9	23
2	135	15	74
2	135	16	47
2	135	17	28
2	135	18	17
2	135	19	14
2	136	15	72
2	136	16	45
2	136	17	27
2	136	18	16
2	136	19	13
2	137	15	79
2	137	16	52
2	137	17	33
2	137	18	22
2	137	19	19
2	138	15	93
2	138	16	66
2	138	17	47
2	138	18	36
2	138	19	34
2	139	15	116
2	139	16	89
2	139	17	70
2	139	18	59
2	139	19	56
2	140	0	53
2	140	1	42
2	140	2	39
2	140	3	44
2	140	4	56
2	141	0	34
2	141	1	23
2	141	2	20
2	141	3	25
2	141	4	38
2	142	0	23
2	142	1	12
2	142	2	9
2	142	3	14
2	142	4	27
2	143	0	20
2	143	1	9
2	143	2	6
2	143	3	11
2	143	4	24
2	144	0	26
2	144	1	14
2	144	2	11
2	144	3	16
2	144	4	29
2	145	5	25
2	145	6	15
2	145	7	10
2	145	8	13
2	145	9	18
2	146	5	14
2	146	6	5
2	146	7	1
2	146	8	4
2	146	9	6
2	147	5	11
2	147	6	2
2	147	7	0
2	147	8	0
2	147	9	2
2	148	5	14
2	148	6	4
2	148	7	2
2	148	8	3
2	148	9	6
2	149	5	24
2	149	6	14
2	149	7	12
2	149	8	13
2	149	9	17
3	135	15	92
3	135	16	65
3	135	17	46
3	135	18	36
3	135	19	33
3	136	15	91
3	136	16	64
3	136	17	45
3	136	18	34
3	136	19	31
3	137	15	97
3	137	16	70
3	137	17	51
3	137	18	40
3	137	19	37
3	138	15	112
3	138	16	85
3	138	17	66
3	138	18	55
3	138	19	52
3	139	15	134
3	139	16	107
3	139	17	88
3	139	18	77
3	139	19	74
3	140	0	47
3	140	1	36
3	140	2	33
3	140	3	37
3	140	4	50
3	141	0	28
3	141	1	17
3	141	2	14
3	141	3	19
3	141	4	31
3	142	0	17
3	142	1	0
3	142	2	3
3	142	3	8
3	142	4	21
3	143	0	14
3	143	1	3
3	143	2	0
3	143	3	5
3	143	4	18
3	144	0	19
3	144	1	8
3	144	2	5
3	144	3	10
3	144	4	23
3	145	5	33
3	145	6	21
3	145	7	16
3	145	8	19
3	145	9	20
3	146	5	22
3	146	6	13
3	146	7	8
3	146	8	6
3	146	9	8
3	147	5	17
3	147	6	7
3	147	7	3
3	147	8	1
3	147	9	4
3	148	5	19
3	148	6	9
3	148	7	4
3	148	8	3
3	148	9	8
3	149	5	29
3	149	6	19
3	149	7	14
3	149	8	12
3	149	9	19
4	135	15	119
4	135	16	92
4	135	17	73
4	135	18	62
4	135	19	59
4	136	15	117
4	136	16	90
4	136	17	71
4	136	18	60
4	136	19	57
4	137	15	123
4	137	16	97
4	137	17	78
4	137	18	67
4	137	19	64
4	138	15	138
4	138	16	111
4	138	17	92
4	138	18	81
4	138	19	78
4	139	15	160
4	139	16	133
4	139	17	114
4	139	18	104
4	139	19	101
4	140	0	49
4	140	1	37
4	140	2	34
4	140	3	39
4	140	4	52
4	141	0	30
4	141	1	19
4	141	2	15
4	141	3	20
4	141	4	33
4	142	0	19
4	142	1	8
4	142	2	5
4	142	3	9
4	142	4	22
4	143	0	16
4	143	1	5
4	143	2	2
4	143	3	7
4	143	4	19
4	144	0	21
4	144	1	10
4	144	2	7
4	144	3	12
4	144	4	25
4	145	5	49
4	145	6	36
4	145	7	31
4	145	8	24
4	145	9	18
4	146	5	35
4	146	6	25
4	146	7	17
4	146	8	12
4	146	9	5
4	147	5	29
4	147	6	20
4	147	7	10
4	147	8	7
4	147	9	0
4	148	5	32
4	148	6	21
4	148	7	12
4	148	8	10
4	148	9	5
4	149	5	42
4	149	6	31
4	149	7	21
4	149	8	20
4	149	9	16
5	145	10	19
5	145	11	28
5	145	12	46
5	145	13	71
5	145	14	105
5	146	10	7
5	146	11	16
5	146	12	34
5	146	13	59
5	146	14	80
5	147	10	2
5	147	11	12
5	147	12	29
5	147	13	45
5	147	14	55
5	148	10	6
5	148	11	16
5	148	12	26
5	148	13	28
5	148	14	39
5	149	10	18
5	149	11	23
5	149	12	17
5	149	13	20
5	149	14	30
5	155	25	85
5	155	26	60
5	155	27	43
5	155	28	33
5	155	29	32
5	156	25	78
5	156	26	53
5	156	27	35
5	156	28	26
5	156	29	25
5	157	25	79
5	157	26	53
5	157	27	33
5	157	28	21
5	157	29	16
5	158	25	69
5	158	26	41
5	158	27	21
5	158	28	8
5	158	29	4
5	159	25	65
5	159	26	37
5	159	27	16
5	159	28	4
5	159	29	0
6	145	10	27
6	145	11	36
6	145	12	54
6	145	13	79
6	145	14	100
6	146	10	14
6	146	11	24
6	146	12	41
6	146	13	57
6	146	14	68
6	147	10	10
6	147	11	20
6	147	12	30
6	147	13	33
6	147	14	43
6	148	10	14
6	148	11	19
6	148	12	14
6	148	13	16
6	148	14	27
6	149	10	25
6	149	11	11
6	149	12	5
6	149	13	8
6	149	14	18
6	155	25	70
6	155	26	45
6	155	27	27
6	155	28	18
6	155	29	16
6	156	25	63
6	156	26	37
6	156	27	20
6	156	28	10
6	156	29	9
6	157	25	63
6	157	26	38
6	157	27	20
6	157	28	11
6	157	29	10
6	158	25	72
6	158	26	44
6	158	27	23
6	158	28	11
6	158	29	7
6	159	25	68
6	159	26	39
6	159	27	19
6	159	28	7
6	159	29	2
7	145	10	42
7	145	11	52
7	145	12	69
7	145	13	86
7	145	14	96
7	146	10	30
7	146	11	40
7	146	12	51
7	146	13	53
7	146	14	64
7	147	10	26
7	147	11	32
7	147	12	26
7	147	13	29
7	147	14	39
7	148	10	29
7	148	11	15
7	148	12	10
7	148	13	12
7	148	14	22
7	149	10	20
7	149	11	7
7	149	12	0
7	149	13	3
7	149	14	14
7	155	25	62
7	155	26	37
7	155	27	20
7	155	28	10
7	155	29	9
7	156	25	55
7	156	26	30
7	156	27	12
7	156	28	0
7	156	29	1
7	157	25	56
7	157	26	30
7	157	27	13
7	157	28	3
7	157	29	2
7	158	25	64
7	158	26	39
7	158	27	21
7	158	28	12
7	158	29	11
7	159	25	78
7	159	26	50
7	159	27	30
7	159	28	17
7	159	29	13
8	145	10	66
8	145	11	76
8	145	12	87
8	145	13	90
8	145	14	100
8	146	10	54
8	146	11	60
8	146	12	55
8	146	13	57
8	146	14	67
8	147	10	49
8	147	11	36
8	147	12	30
8	147	13	32
8	147	14	43
8	148	10	33
8	148	11	19
8	148	12	13
8	148	13	16
8	148	14	26
8	149	10	24
8	149	11	10
8	149	12	5
8	149	13	7
8	149	14	17
8	155	25	57
8	155	26	38
8	155	27	20
8	155	28	11
8	155	29	9
8	156	25	55
8	156	26	30
8	156	27	13
8	156	28	3
8	156	29	2
8	157	25	56
8	157	26	31
8	157	27	13
8	157	28	4
8	157	29	2
8	158	25	65
8	158	26	39
8	158	27	22
8	158	28	12
8	158	29	11
8	159	25	81
8	159	26	56
8	159	27	38
8	159	28	29
8	159	29	28
9	145	10	98
9	145	11	91
9	145	12	92
9	145	13	101
9	145	14	112
9	146	10	86
9	146	11	72
9	146	12	66
9	146	13	69
9	146	14	79
9	147	10	61
9	147	11	47
9	147	12	42
9	147	13	44
9	147	14	54
9	148	10	45
9	148	11	31
9	148	12	25
9	148	13	28
9	148	14	38
9	149	10	36
9	149	11	22
9	149	12	17
9	149	13	19
9	149	14	29
9	155	25	33
9	155	26	34
9	155	27	29
9	155	28	19
9	155	29	18
9	156	25	50
9	156	26	39
9	156	27	21
9	156	28	12
9	156	29	10
9	157	25	64
9	157	26	39
9	157	27	22
9	157	28	12
9	157	29	11
9	158	25	73
9	158	26	48
9	158	27	30
9	158	28	21
9	158	29	19
9	159	25	90
9	159	26	64
9	159	27	47
9	159	28	37
9	159	29	36
10	135	5	21
10	135	6	10
10	135	7	7
10	135	8	12
10	135	9	26
10	135	10	25
10	135	11	24
10	135	12	31
10	135	13	46
10	135	14	61
10	136	5	24
10	136	6	13
10	136	7	10
10	136	8	15
10	136	9	24
10	136	10	14
10	136	11	13
10	136	12	20
10	136	13	35
10	136	14	49
10	137	5	35
10	137	6	24
10	137	7	21
10	137	8	26
10	137	9	21
10	137	10	12
10	137	11	11
10	137	12	18
10	137	13	33
10	137	14	46
10	138	5	54
10	138	6	43
10	138	7	40
10	138	8	44
10	138	9	27
10	138	10	17
10	138	11	16
10	138	12	23
10	138	13	38
10	138	14	51
10	139	5	81
10	139	6	70
10	139	7	67
10	139	8	57
10	139	9	40
10	139	10	31
10	139	11	24
10	139	12	25
10	139	13	34
10	139	14	51
10	140	10	20
10	140	11	13
10	140	12	13
10	140	13	22
10	140	14	39
10	141	10	16
10	141	11	9
10	141	12	10
10	141	13	19
10	141	14	36
10	142	10	21
10	142	11	14
10	142	12	15
10	142	13	23
10	142	14	40
10	143	10	33
10	143	11	26
10	143	12	27
10	143	13	36
10	143	14	53
10	144	10	54
10	144	11	47
10	144	12	48
10	144	13	57
10	144	14	73
10	150	25	57
10	150	26	57
10	150	27	65
10	150	28	81
10	150	29	105
10	151	25	33
10	151	26	33
10	151	27	41
10	151	28	57
10	151	29	81
10	152	25	17
10	152	26	17
10	152	27	25
10	152	28	42
10	152	29	66
10	153	25	10
10	153	26	10
10	153	27	18
10	153	28	34
10	153	29	58
10	154	25	10
10	154	26	10
10	154	27	18
10	154	28	34
10	154	29	50
11	135	5	14
11	135	6	0
11	135	7	0
11	135	8	5
11	135	9	18
11	135	10	16
11	135	11	15
11	135	12	22
11	135	13	31
11	135	14	42
11	136	5	17
11	136	6	6
11	136	7	3
11	136	8	8
11	136	9	14
11	136	10	0
11	136	11	4
11	136	12	11
11	136	13	19
11	136	14	31
11	137	5	28
11	137	6	17
11	137	7	14
11	137	8	19
11	137	9	12
11	137	10	3
11	137	11	2
11	137	12	9
11	137	13	16
11	137	14	28
11	138	5	47
11	138	6	36
11	138	7	33
11	138	8	35
11	138	9	17
11	138	10	8
11	138	11	7
11	138	12	14
11	138	13	21
11	138	14	32
11	139	5	74
11	139	6	63
11	139	7	60
11	139	8	48
11	139	9	31
11	139	10	22
11	139	11	16
11	139	12	17
11	139	13	26
11	139	14	43
11	140	10	12
11	140	11	0
11	140	12	5
11	140	13	14
11	140	14	31
11	141	10	8
11	141	11	1
11	141	12	2
11	141	13	11
11	141	14	28
11	142	10	13
11	142	11	6
11	142	12	7
11	142	13	15
11	142	14	32
11	143	10	25
11	143	11	18
11	143	12	19
11	143	13	28
11	143	14	45
11	144	10	46
11	144	11	39
11	144	12	40
11	144	13	49
11	144	14	65
11	150	25	49
11	150	26	49
11	150	27	57
11	150	28	74
11	150	29	98
11	151	25	26
11	151	26	26
11	151	27	34
11	151	28	50
11	151	29	74
11	152	25	10
11	152	26	10
11	152	27	18
11	152	28	34
11	152	29	58
11	153	25	0
11	153	26	2
11	153	27	10
11	153	28	26
11	153	29	50
11	154	25	2
11	154	26	2
11	154	27	11
11	154	28	27
11	154	29	51
12	135	5	15
12	135	6	4
12	135	7	1
12	135	8	6
12	135	9	19
12	135	10	15
12	135	11	14
12	135	12	17
12	135	13	20
12	135	14	32
12	136	5	18
12	136	6	7
12	136	7	4
12	136	8	9
12	136	9	13
12	136	10	4
12	136	11	3
12	136	12	0
12	136	13	9
12	136	14	21
12	137	5	29
12	137	6	18
12	137	7	15
12	137	8	20
12	137	9	11
12	137	10	2
12	137	11	1
12	137	12	2
12	137	13	6
12	137	14	17
12	138	5	48
12	138	6	37
12	138	7	34
12	138	8	33
12	138	9	16
12	138	10	7
12	138	11	6
12	138	12	7
12	138	13	10
12	138	14	22
12	139	5	75
12	139	6	64
12	139	7	61
12	139	8	47
12	139	9	30
12	139	10	21
12	139	11	16
12	139	12	17
12	139	13	23
12	139	14	35
12	140	10	12
12	140	11	5
12	140	12	5
12	140	13	14
12	140	14	31
12	141	10	8
12	141	11	1
12	141	12	2
12	141	13	11
12	141	14	28
12	142	10	13
12	142	11	6
12	142	12	7
12	142	13	15
12	142	14	32
12	143	10	25
12	143	11	18
12	143	12	19
12	143	13	28
12	143	14	45
12	144	10	46
12	144	11	39
12	144	12	40
12	144	13	49
12	144	14	65
12	150	25	50
12	150	26	50
12	150	27	58
12	150	28	74
12	150	29	98
12	151	25	26
12	151	26	26
12	151	27	34
12	151	28	50
12	151	29	74
12	152	25	10
12	152	26	10
12	152	27	19
12	152	28	35
12	152	29	59
12	153	25	3
12	153	26	3
12	153	27	11
12	153	28	27
12	153	29	51
12	154	25	3
12	154	26	3
12	154	27	11
12	154	28	27
12	154	29	51
13	135	5	24
13	135	6	13
13	135	7	10
13	135	8	15
13	135	9	28
13	135	10	22
13	135	11	19
13	135	12	14
13	135	13	18
13	135	14	30
13	136	5	27
13	136	6	16
13	136	7	13
13	136	8	18
13	136	9	20
13	136	10	11
13	136	11	7
13	136	12	3
13	136	13	7
13	136	14	18
13	137	5	38
13	137	6	27
13	137	7	24
13	137	8	29
13	137	9	18
13	137	10	9
13	137	11	4
13	137	12	0
13	137	13	3
13	137	14	15
13	138	5	57
13	138	6	46
13	138	7	43
13	138	8	40
13	138	9	23
13	138	10	14
13	138	11	9
13	138	12	4
13	138	13	8
13	138	14	20
13	139	5	83
13	139	6	73
13	139	7	70
13	139	8	54
13	139	9	37
13	139	10	28
13	139	11	21
13	139	12	17
13	139	13	21
13	139	14	33
13	140	10	20
13	140	11	13
13	140	12	13
13	140	13	22
13	140	14	39
13	141	10	16
13	141	11	9
13	141	12	10
13	141	13	19
13	141	14	36
13	142	10	21
13	142	11	14
13	142	12	15
13	142	13	23
13	142	14	40
13	143	10	33
13	143	11	26
13	143	12	27
13	143	13	36
13	143	14	53
13	144	10	54
13	144	11	47
13	144	12	48
13	144	13	57
13	144	14	73
13	150	25	58
13	150	26	58
13	150	27	67
13	150	28	83
13	150	29	107
13	151	25	35
13	151	26	35
13	151	27	43
13	151	28	59
13	151	29	83
13	152	25	19
13	152	26	19
13	152	27	27
13	152	28	43
13	152	29	67
13	153	25	11
13	153	26	11
13	153	27	19
13	153	28	35
13	153	29	60
13	154	25	11
13	154	26	12
13	154	27	20
13	154	28	36
13	154	29	60
14	135	5	41
14	135	6	30
14	135	7	27
14	135	8	32
14	135	9	45
14	135	10	37
14	135	11	24
14	135	12	20
14	135	13	24
14	135	14	36
14	136	5	44
14	136	6	33
14	136	7	30
14	136	8	35
14	136	9	35
14	136	10	25
14	136	11	13
14	136	12	9
14	136	13	13
14	136	14	24
14	137	5	55
14	137	6	44
14	137	7	41
14	137	8	46
14	137	9	33
14	137	10	22
14	137	11	10
14	137	12	5
14	137	13	9
14	137	14	21
14	138	5	74
14	138	6	63
14	138	7	60
14	138	8	55
14	138	9	38
14	138	10	27
14	138	11	14
14	138	12	10
14	138	13	14
14	138	14	26
14	139	5	100
14	139	6	90
14	139	7	87
14	139	8	69
14	139	9	52
14	139	10	39
14	139	11	27
14	139	12	23
14	139	13	27
14	139	14	38
14	140	10	36
14	140	11	29
14	140	12	29
14	140	13	38
14	140	14	55
14	141	10	32
14	141	11	25
14	141	12	26
14	141	13	35
14	141	14	52
14	142	10	37
14	142	11	30
14	142	12	31
14	142	13	39
14	142	14	56
14	143	10	49
14	143	11	42
14	143	12	43
14	143	13	52
14	143	14	69
14	144	10	70
14	144	11	63
14	144	12	64
14	144	13	73
14	144	14	89
14	150	25	75
14	150	26	75
14	150	27	83
14	150	28	99
14	150	29	123
14	151	25	51
14	151	26	51
14	151	27	59
14	151	28	75
14	151	29	100
14	152	25	35
14	152	26	36
14	152	27	44
14	152	28	60
14	152	29	84
14	153	25	28
14	153	26	28
14	153	27	36
14	153	28	52
14	153	29	76
14	154	25	28
14	154	26	28
14	154	27	36
14	154	28	52
14	154	29	76
20	135	0	76
20	135	1	47
20	135	2	25
20	135	3	12
20	135	4	6
20	136	0	70
20	136	1	41
20	136	2	19
20	136	3	6
20	136	4	0
20	137	0	72
20	137	1	42
20	137	2	21
20	137	3	8
20	137	4	2
20	138	0	82
20	138	1	52
20	138	2	31
20	138	3	17
20	138	4	12
20	139	0	99
20	139	1	70
20	139	2	49
20	139	3	35
20	139	4	30
21	135	0	78
21	135	1	48
21	135	2	27
21	135	3	14
21	135	4	8
21	136	0	72
21	136	1	42
21	136	2	21
21	136	3	7
21	136	4	2
21	137	0	74
21	137	1	44
21	137	2	23
21	137	3	9
21	137	4	4
21	138	0	83
21	138	1	54
21	138	2	32
21	138	3	19
21	138	4	14
21	139	0	101
21	139	1	72
21	139	2	50
21	139	3	37
21	139	4	31
22	135	0	88
22	135	1	58
22	135	2	37
22	135	3	23
22	135	4	18
22	136	0	81
22	136	1	52
22	136	2	31
22	136	3	17
22	136	4	12
22	137	0	83
22	137	1	54
22	137	2	32
22	137	3	19
22	137	4	13
22	138	0	93
22	138	1	64
22	138	2	42
22	138	3	29
22	138	4	23
22	139	0	111
22	139	1	81
22	139	2	60
22	139	3	46
22	139	4	41
23	135	0	105
23	135	1	76
23	135	2	54
23	135	3	41
23	135	4	35
23	136	0	99
23	136	1	70
23	136	2	48
23	136	3	35
23	136	4	29
23	137	0	101
23	137	1	71
23	137	2	50
23	137	3	37
23	137	4	31
23	138	0	111
23	138	1	81
23	138	2	60
23	138	3	46
23	138	4	41
23	139	0	128
23	139	1	99
23	139	2	78
23	139	3	64
23	139	4	59
24	135	0	131
24	135	1	101
24	135	2	80
24	135	3	67
24	135	4	61
24	136	0	125
24	136	1	95
24	136	2	74
24	136	3	60
24	136	4	55
24	137	0	127
24	137	1	97
24	137	2	76
24	137	3	62
24	137	4	57
24	138	0	136
24	138	1	107
24	138	2	85
24	138	3	72
24	138	4	67
24	139	0	154
24	139	1	125
24	139	2	103
24	139	3	90
24	139	4	84
