#reforence point coordinates
99	5	103
#the number of meter size cube
45
#sacle
5
#cubeLen
50
#cubeWidth	cubeHeight	cubeDepth
100	5	100	
#XYX dis
140	155	5	65
140	155	6	63
140	155	7	69
140	155	8	81
140	155	9	91
140	156	5	47
140	156	6	45
140	156	7	51
140	156	8	65
140	156	9	84
140	157	5	38
140	157	6	35
140	157	7	41
140	157	8	55
140	157	9	77
140	158	5	36
140	158	6	34
140	158	7	39
140	158	8	53
140	158	9	75
140	159	5	42
140	159	6	40
140	159	7	46
140	159	8	59
140	159	9	81
141	155	5	46
141	155	6	44
141	155	7	49
141	155	8	51
141	155	9	61
141	156	5	28
141	156	6	26
141	156	7	32
141	156	8	44
141	156	9	54
141	157	5	18
141	157	6	16
141	157	7	22
141	157	8	36
141	157	9	55
141	158	5	17
141	158	6	14
141	158	7	20
141	158	8	34
141	158	9	56
141	159	5	23
141	159	6	21
141	159	7	26
141	159	8	40
141	159	9	62
142	155	5	35
142	155	6	33
142	155	7	27
142	155	8	29
142	155	9	39
142	156	5	17
142	156	6	15
142	156	7	20
142	156	8	22
142	156	9	32
142	157	5	0
142	157	6	5
142	157	7	11
142	157	8	23
142	157	9	33
142	158	5	6
142	158	6	3
142	158	7	9
142	158	8	23
142	158	9	42
142	159	5	12
142	159	6	9
142	159	7	15
142	159	8	29
142	159	9	51
143	155	5	32
143	155	6	19
143	155	7	13
143	155	8	15
143	155	9	26
143	156	5	14
143	156	6	12
143	156	7	6
143	156	8	8
143	156	9	19
143	157	5	4
143	157	6	2
143	157	7	7
143	157	8	9
143	157	9	20
143	158	5	2
143	158	6	0
143	158	7	6
143	158	8	18
143	158	9	29
143	159	5	9
143	159	6	6
143	159	7	12
143	159	8	26
143	159	9	46
144	155	5	27
144	155	6	13
144	155	7	7
144	155	8	10
144	155	9	20
144	156	5	19
144	156	6	6
144	156	7	0
144	156	8	3
144	156	9	13
144	157	5	9
144	157	6	7
144	157	7	1
144	157	8	4
144	157	9	14
144	158	5	7
144	158	6	5
144	158	7	10
144	158	8	13
144	158	9	23
144	159	5	13
144	159	6	11
144	159	7	17
144	159	8	30
144	159	9	40
175	155	0	117
175	155	1	97
175	155	2	86
175	155	3	82
175	155	4	87
175	156	0	114
175	156	1	95
175	156	2	83
175	156	3	80
175	156	4	84
175	157	0	120
175	157	1	100
175	157	2	88
175	157	3	85
175	157	4	89
175	158	0	131
175	158	1	112
175	158	2	100
175	158	3	96
175	158	4	100
175	159	0	140
175	159	1	120
175	159	2	108
175	159	3	105
175	159	4	109
176	155	0	85
176	155	1	66
176	155	2	54
176	155	3	51
176	155	4	55
176	156	0	83
176	156	1	63
176	156	2	51
176	156	3	48
176	156	4	52
176	157	0	88
176	157	1	68
176	157	2	57
176	157	3	53
176	157	4	57
176	158	0	96
176	158	1	77
176	158	2	65
176	158	3	61
176	158	4	65
176	159	0	105
176	159	1	85
176	159	2	73
176	159	3	70
176	159	4	74
177	155	0	62
177	155	1	42
177	155	2	30
177	155	3	27
177	155	4	31
177	156	0	59
177	156	1	39
177	156	2	28
177	156	3	24
177	156	4	28
177	157	0	64
177	157	1	44
177	157	2	33
177	157	3	29
177	157	4	34
177	158	0	69
177	158	1	49
177	158	2	38
177	158	3	34
177	158	4	38
177	159	0	78
177	159	1	58
177	159	2	46
177	159	3	42
177	159	4	47
178	155	0	46
178	155	1	26
178	155	2	15
178	155	3	11
178	155	4	15
178	156	0	43
178	156	1	23
178	156	2	12
178	156	3	8
178	156	4	13
178	157	0	48
178	157	1	29
178	157	2	17
178	157	3	14
178	157	4	18
178	158	0	50
178	158	1	30
178	158	2	19
178	158	3	15
178	158	4	19
178	159	0	59
178	159	1	39
178	159	2	27
178	159	3	23
178	159	4	28
179	155	0	38
179	155	1	18
179	155	2	0
179	155	3	3
179	155	4	8
179	156	0	35
179	156	1	16
179	156	2	4
179	156	3	0
179	156	4	5
179	157	0	39
179	157	1	19
179	157	2	0
179	157	3	3
179	157	4	8
179	158	0	39
179	158	1	19
179	158	2	8
179	158	3	4
179	158	4	8
179	159	0	48
179	159	1	28
179	159	2	16
179	159	3	12
179	159	4	17
180	155	0	38
180	155	1	19
180	155	2	7
180	155	3	3
180	155	4	8
180	156	0	35
180	156	1	16
180	156	2	4
180	156	3	0
180	156	4	3
180	157	0	36
180	157	1	16
180	157	2	4
180	157	3	0
180	157	4	1
180	158	0	36
180	158	1	16
180	158	2	5
180	158	3	1
180	158	4	5
180	159	0	45
180	159	1	25
180	159	2	13
180	159	3	9
180	159	4	14
180	160	0	61
180	160	1	41
180	160	2	30
180	160	3	26
180	160	4	30
180	161	0	86
180	161	1	66
180	161	2	53
180	161	3	48
180	161	4	50
180	162	0	66
180	162	1	44
180	162	2	31
180	162	3	25
180	162	4	28
180	163	0	51
180	163	1	30
180	163	2	16
180	163	3	10
180	163	4	13
180	164	0	44
180	164	1	23
180	164	2	9
180	164	3	0
180	164	4	6
180	165	0	46
180	165	1	24
180	165	2	11
180	165	3	5
180	165	4	7
180	166	0	43
180	166	1	32
180	166	2	20
180	166	3	14
180	166	4	17
180	167	0	25
180	167	1	15
180	167	2	12
180	167	3	18
180	167	4	31
180	168	0	16
180	168	1	0
180	168	2	3
180	168	3	8
180	168	4	22
180	169	0	14
180	169	1	3
180	169	2	1
180	169	3	6
180	169	4	20
181	155	0	46
181	155	1	27
181	155	2	15
181	155	3	12
181	155	4	14
181	156	0	44
181	156	1	24
181	156	2	13
181	156	3	6
181	156	4	4
181	157	0	41
181	157	1	21
181	157	2	9
181	157	3	3
181	157	4	1
181	158	0	41
181	158	1	21
181	158	2	10
181	158	3	6
181	158	4	6
181	159	0	50
181	159	1	30
181	159	2	18
181	159	3	14
181	159	4	19
181	160	0	66
181	160	1	46
181	160	2	35
181	160	3	31
181	160	4	35
181	161	0	85
181	161	1	63
181	161	2	50
181	161	3	44
181	161	4	47
181	162	0	62
181	162	1	41
181	162	2	27
181	162	3	22
181	162	4	24
181	163	0	48
181	163	1	26
181	163	2	12
181	163	3	7
181	163	4	9
181	164	0	41
181	164	1	19
181	164	2	6
181	164	3	0
181	164	4	3
181	165	0	42
181	165	1	21
181	165	2	7
181	165	3	1
181	165	4	4
181	166	0	43
181	166	1	30
181	166	2	16
181	166	3	11
181	166	4	13
181	167	0	25
181	167	1	15
181	167	2	12
181	167	3	18
181	167	4	30
181	168	0	16
181	168	1	5
181	168	2	3
181	168	3	8
181	168	4	22
181	169	0	14
181	169	1	4
181	169	2	1
181	169	3	7
181	169	4	20
182	155	0	63
182	155	1	43
182	155	2	32
182	155	3	25
182	155	4	22
182	156	0	60
182	156	1	40
182	156	2	24
182	156	3	14
182	156	4	12
182	157	0	53
182	157	1	34
182	157	2	22
182	157	3	11
182	157	4	9
182	158	0	54
182	158	1	34
182	158	2	22
182	158	3	17
182	158	4	15
182	159	0	62
182	159	1	43
182	159	2	31
182	159	3	27
182	159	4	28
182	160	0	79
182	160	1	59
182	160	2	47
182	160	3	44
182	160	4	48
182	161	0	89
182	161	1	68
182	161	2	54
182	161	3	49
182	161	4	51
182	162	0	67
182	162	1	45
182	162	2	32
182	162	3	26
182	162	4	28
182	163	0	52
182	163	1	30
182	163	2	17
182	163	3	11
182	163	4	14
182	164	0	45
182	164	1	24
182	164	2	10
182	164	3	5
182	164	4	7
182	165	0	47
182	165	1	25
182	165	2	11
182	165	3	6
182	165	4	8
182	166	0	51
182	166	1	34
182	166	2	21
182	166	3	15
182	166	4	18
182	167	0	33
182	167	1	23
182	167	2	20
182	167	3	26
182	167	4	35
182	168	0	24
182	168	1	13
182	168	2	11
182	168	3	16
182	168	4	30
182	169	0	22
182	169	1	12
182	169	2	9
182	169	3	15
182	169	4	28
183	155	0	87
183	155	1	67
183	155	2	51
183	155	3	41
183	155	4	39
183	156	0	82
183	156	1	59
183	156	2	40
183	156	3	30
183	156	4	28
183	157	0	74
183	157	1	55
183	157	2	38
183	157	3	28
183	157	4	26
183	158	0	75
183	158	1	55
183	158	2	43
183	158	3	33
183	158	4	31
183	159	0	83
183	159	1	64
183	159	2	52
183	159	3	47
183	159	4	44
183	160	0	100
183	160	1	80
183	160	2	68
183	160	3	65
183	160	4	66
183	161	0	102
183	161	1	80
183	161	2	67
183	161	3	61
183	161	4	64
183	162	0	79
183	162	1	58
183	162	2	44
183	162	3	38
183	162	4	41
183	163	0	64
183	163	1	43
183	163	2	29
183	163	3	24
183	163	4	26
183	164	0	58
183	164	1	36
183	164	2	23
183	164	3	17
183	164	4	19
183	165	0	59
183	165	1	37
183	165	2	24
183	165	3	18
183	165	4	21
183	166	0	67
183	166	1	47
183	166	2	33
183	166	3	28
183	166	4	30
183	167	0	50
183	167	1	39
183	167	2	37
183	167	3	42
183	167	4	47
183	168	0	40
183	168	1	29
183	168	2	27
183	168	3	32
183	168	4	46
183	169	0	38
183	169	1	28
183	169	2	25
183	169	3	31
183	169	4	44
184	155	0	119
184	155	1	94
184	155	2	75
184	155	3	65
184	155	4	63
184	156	0	109
184	156	1	83
184	156	2	65
184	156	3	55
184	156	4	52
184	157	0	103
184	157	1	80
184	157	2	62
184	157	3	52
184	157	4	50
184	158	0	104
184	158	1	84
184	158	2	68
184	158	3	57
184	158	4	55
184	159	0	112
184	159	1	93
184	159	2	81
184	159	3	71
184	159	4	69
184	160	0	129
184	160	1	109
184	160	2	97
184	160	3	92
184	160	4	90
184	161	0	122
184	161	1	101
184	161	2	87
184	161	3	82
184	161	4	84
184	162	0	100
184	162	1	78
184	162	2	64
184	162	3	59
184	162	4	61
184	163	0	85
184	163	1	63
184	163	2	50
184	163	3	44
184	163	4	47
184	164	0	78
184	164	1	57
184	164	2	43
184	164	3	37
184	164	4	40
184	165	0	79
184	165	1	58
184	165	2	44
184	165	3	39
184	165	4	41
184	166	0	89
184	166	1	67
184	166	2	54
184	166	3	48
184	166	4	50
184	167	0	74
184	167	1	63
184	167	2	61
184	167	3	65
184	167	4	68
184	168	0	64
184	168	1	53
184	168	2	51
184	168	3	56
184	168	4	70
184	169	0	62
184	169	1	52
184	169	2	49
184	169	3	55
184	169	4	68
195	185	40	111
195	185	41	89
195	185	42	76
195	185	43	70
195	185	44	72
195	185	50	67
195	185	51	69
195	185	52	78
195	185	53	95
195	185	54	120
195	185	60	68
195	185	61	60
195	185	62	60
195	185	63	69
195	185	64	85
195	186	40	115
195	186	41	93
195	186	42	80
195	186	43	74
195	186	44	76
195	186	50	65
195	186	51	66
195	186	52	75
195	186	53	92
195	186	54	118
195	186	60	61
195	186	61	53
195	186	62	53
195	186	63	62
195	186	64	78
195	187	40	127
195	187	41	105
195	187	42	91
195	187	43	86
195	187	44	88
195	187	50	70
195	187	51	72
195	187	52	81
195	187	53	98
195	187	54	123
195	187	60	62
195	187	61	54
195	187	62	54
195	187	63	63
195	187	64	79
195	188	40	147
195	188	41	125
195	188	42	111
195	188	43	106
195	188	44	108
195	188	50	84
195	188	51	85
195	188	52	94
195	188	53	111
195	188	54	137
195	188	60	71
195	188	61	63
195	188	62	64
195	188	63	72
195	188	64	88
195	189	40	174
195	189	41	153
195	189	42	139
195	189	43	134
195	189	44	136
195	189	50	105
195	189	51	107
195	189	52	116
195	189	53	133
195	189	54	158
195	189	60	88
195	189	61	80
195	189	62	81
195	189	63	89
195	189	64	105
196	185	40	81
196	185	41	60
196	185	42	46
196	185	43	40
196	185	44	43
196	185	50	39
196	185	51	40
196	185	52	50
196	185	53	67
196	185	54	92
196	185	60	43
196	185	61	35
196	185	62	35
196	185	63	44
196	185	64	60
196	186	40	85
196	186	41	64
196	186	42	50
196	186	43	44
196	186	44	47
196	186	50	37
196	186	51	38
196	186	52	47
196	186	53	64
196	186	54	89
196	186	60	36
196	186	61	28
196	186	62	29
196	186	63	37
196	186	64	53
196	187	40	97
196	187	41	75
196	187	42	62
196	187	43	56
196	187	44	59
196	187	50	42
196	187	51	43
196	187	52	53
196	187	53	70
196	187	54	95
196	187	60	37
196	187	61	29
196	187	62	30
196	187	63	38
196	187	64	54
196	188	40	117
196	188	41	95
196	188	42	82
196	188	43	76
196	188	44	79
196	188	50	56
196	188	51	57
196	188	52	66
196	188	53	83
196	188	54	108
196	188	60	46
196	188	61	38
196	188	62	39
196	188	63	47
196	188	64	63
196	189	40	145
196	189	41	123
196	189	42	110
196	189	43	104
196	189	44	107
196	189	50	77
196	189	51	78
196	189	52	88
196	189	53	105
196	189	54	130
196	189	60	63
196	189	61	55
196	189	62	56
196	189	63	64
196	189	64	80
197	185	40	60
197	185	41	38
197	185	42	24
197	185	43	19
197	185	44	21
197	185	50	19
197	185	51	20
197	185	52	29
197	185	53	47
197	185	54	72
197	185	60	26
197	185	61	18
197	185	62	19
197	185	63	27
197	185	64	43
197	186	40	64
197	186	41	42
197	186	42	28
197	186	43	23
197	186	44	25
197	186	50	17
197	186	51	18
197	186	52	27
197	186	53	44
197	186	54	69
197	186	60	19
197	186	61	11
197	186	62	12
197	186	63	20
197	186	64	36
197	187	40	75
197	187	41	54
197	187	42	40
197	187	43	35
197	187	44	37
197	187	50	22
197	187	51	23
197	187	52	32
197	187	53	50
197	187	54	75
197	187	60	20
197	187	61	12
197	187	62	13
197	187	63	21
197	187	64	37
197	188	40	95
197	188	41	74
197	188	42	60
197	188	43	55
197	188	44	57
197	188	50	36
197	188	51	37
197	188	52	46
197	188	53	63
197	188	54	88
197	188	60	29
197	188	61	21
197	188	62	22
197	188	63	30
197	188	64	46
197	189	40	123
197	189	41	102
197	189	42	88
197	189	43	83
197	189	44	85
197	189	50	57
197	189	51	58
197	189	52	67
197	189	53	85
197	189	54	110
197	189	60	46
197	189	61	38
197	189	62	39
197	189	63	47
197	189	64	63
198	185	40	46
198	185	41	25
198	185	42	11
198	185	43	5
198	185	44	8
198	185	50	7
198	185	51	8
198	185	52	17
198	185	53	34
198	185	54	59
198	185	60	17
198	185	61	9
198	185	62	10
198	185	63	18
198	185	64	34
198	186	40	50
198	186	41	28
198	186	42	15
198	186	43	9
198	186	44	12
198	186	50	4
198	186	51	6
198	186	52	15
198	186	53	32
198	186	54	57
198	186	60	10
198	186	61	0
198	186	62	3
198	186	63	11
198	186	64	27
198	187	40	62
198	187	41	40
198	187	42	27
198	187	43	21
198	187	44	24
198	187	50	10
198	187	51	11
198	187	52	20
198	187	53	37
198	187	54	63
198	187	60	11
198	187	61	3
198	187	62	4
198	187	63	12
198	187	64	28
198	188	40	82
198	188	41	60
198	188	42	46
198	188	43	41
198	188	44	43
198	188	50	23
198	188	51	25
198	188	52	34
198	188	53	51
198	188	54	76
198	188	60	20
198	188	61	13
198	188	62	13
198	188	63	21
198	188	64	37
198	189	40	106
198	189	41	85
198	189	42	71
198	189	43	65
198	189	44	68
198	189	50	45
198	189	51	46
198	189	52	55
198	189	53	72
198	189	54	98
198	189	60	37
198	189	61	30
198	189	62	30
198	189	63	38
198	189	64	55
199	185	40	41
199	185	41	19
199	185	42	5
199	185	43	0
199	185	44	2
199	185	50	0
199	185	51	4
199	185	52	13
199	185	53	30
199	185	54	55
199	185	60	16
199	185	61	8
199	185	62	9
199	185	63	17
199	185	64	33
199	186	40	44
199	186	41	23
199	186	42	9
199	186	43	4
199	186	44	6
199	186	50	0
199	186	51	1
199	186	52	10
199	186	53	28
199	186	54	53
199	186	60	9
199	186	61	1
199	186	62	2
199	186	63	10
199	186	64	26
199	187	40	54
199	187	41	32
199	187	42	19
199	187	43	13
199	187	44	15
199	187	50	6
199	187	51	7
199	187	52	16
199	187	53	33
199	187	54	58
199	187	60	10
199	187	61	3
199	187	62	3
199	187	63	11
199	187	64	27
199	188	40	71
199	188	41	49
199	188	42	35
199	188	43	29
199	188	44	32
199	188	50	19
199	188	51	20
199	188	52	30
199	188	53	47
199	188	54	72
199	188	60	19
199	188	61	12
199	188	62	12
199	188	63	20
199	188	64	37
199	189	40	95
199	189	41	74
199	189	42	60
199	189	43	54
199	189	44	56
199	189	50	41
199	189	51	42
199	189	52	51
199	189	53	68
199	189	54	93
199	189	60	36
199	189	61	29
199	189	62	29
199	189	63	37
199	189	64	54
205	155	45	185
205	155	46	167
205	155	47	158
205	155	48	157
205	155	49	163
205	156	45	150
205	156	46	133
205	156	47	123
205	156	48	122
205	156	49	129
205	157	45	124
205	157	46	106
205	157	47	97
205	157	48	95
205	157	49	102
205	158	45	105
205	158	46	88
205	158	47	78
205	158	48	77
205	158	49	84
205	159	45	95
205	159	46	77
205	159	47	68
205	159	48	66
205	159	49	73
206	155	45	157
206	155	46	139
206	155	47	130
206	155	48	129
206	155	49	135
206	156	45	122
206	156	46	105
206	156	47	95
206	156	48	94
206	156	49	101
206	157	45	96
206	157	46	78
206	157	47	69
206	157	48	68
206	157	49	74
206	158	45	77
206	158	46	60
206	158	47	50
206	158	48	49
206	158	49	56
206	159	45	67
206	159	46	49
206	159	47	40
206	159	48	38
206	159	49	45
207	155	45	132
207	155	46	119
207	155	47	110
207	155	48	109
207	155	49	115
207	156	45	102
207	156	46	85
207	156	47	76
207	156	48	74
207	156	49	81
207	157	45	76
207	157	46	58
207	157	47	49
207	157	48	48
207	157	49	54
207	158	45	57
207	158	46	40
207	158	47	30
207	158	48	29
207	158	49	36
207	159	45	47
207	159	46	29
207	159	47	20
207	159	48	19
207	159	49	25
208	155	45	99
208	155	46	98
208	155	47	98
208	155	48	97
208	155	49	103
208	156	45	76
208	156	46	73
208	156	47	64
208	156	48	62
208	156	49	69
208	157	45	61
208	157	46	46
208	157	47	37
208	157	48	36
208	157	49	42
208	158	45	45
208	158	46	28
208	158	47	19
208	158	48	17
208	158	49	24
208	159	45	35
208	159	46	17
208	159	47	0
208	159	48	7
208	159	49	13
209	155	45	74
209	155	46	73
209	155	47	81
209	155	48	93
209	155	49	99
209	156	45	51
209	156	46	50
209	156	47	58
209	156	48	58
209	156	49	65
209	157	45	36
209	157	46	35
209	157	47	33
209	157	48	32
209	157	49	38
209	158	45	29
209	158	46	24
209	158	47	15
209	158	48	13
209	158	49	20
209	159	45	30
209	159	46	13
209	159	47	4
209	159	48	3
209	159	49	9
210	155	45	57
210	155	46	56
210	155	47	64
210	155	48	79
210	155	49	102
210	156	45	34
210	156	46	33
210	156	47	41
210	156	48	56
210	156	49	69
210	157	45	19
210	157	46	18
210	157	47	25
210	157	48	36
210	157	49	42
210	158	45	12
210	158	46	11
210	158	47	18
210	158	48	17
210	158	49	24
210	159	45	13
210	159	46	12
210	159	47	8
210	159	48	7
210	159	49	13
211	155	45	48
211	155	46	47
211	155	47	55
211	155	48	70
211	155	49	93
211	156	45	25
211	156	46	24
211	156	47	32
211	156	48	47
211	156	49	70
211	157	45	10
211	157	46	9
211	157	47	17
211	157	48	32
211	157	49	54
211	158	45	0
211	158	46	2
211	158	47	9
211	158	48	25
211	158	49	36
211	159	45	4
211	159	46	3
211	159	47	10
211	159	48	19
211	159	49	25
212	155	45	47
212	155	46	46
212	155	47	54
212	155	48	69
212	155	49	92
212	156	45	24
212	156	46	23
212	156	47	31
212	156	48	46
212	156	49	69
212	157	45	9
212	157	46	8
212	157	47	16
212	157	48	31
212	157	49	54
212	158	45	2
212	158	46	1
212	158	47	8
212	158	48	24
212	158	49	47
212	159	45	3
212	159	46	2
212	159	47	9
212	159	48	25
212	159	49	45
213	155	45	54
213	155	46	53
213	155	47	61
213	155	48	76
213	155	49	99
213	156	45	31
213	156	46	30
213	156	47	38
213	156	48	53
213	156	49	76
213	157	45	16
213	157	46	15
213	157	47	23
213	157	48	38
213	157	49	61
213	158	45	9
213	158	46	8
213	158	47	15
213	158	48	31
213	158	49	54
213	159	45	10
213	159	46	9
213	159	47	16
213	159	48	32
213	159	49	55
214	155	45	69
214	155	46	68
214	155	47	76
214	155	48	91
214	155	49	114
214	156	45	46
214	156	46	45
214	156	47	53
214	156	48	68
214	156	49	91
214	157	45	31
214	157	46	30
214	157	47	38
214	157	48	53
214	157	49	76
214	158	45	24
214	158	46	23
214	158	47	31
214	158	48	46
214	158	49	69
214	159	45	25
214	159	46	24
214	159	47	31
214	159	48	47
214	159	49	70
215	150	0	152
215	150	1	150
215	150	2	147
215	150	3	149
215	150	4	160
215	151	0	111
215	151	1	109
215	151	2	116
215	151	3	124
215	151	4	135
215	152	0	78
215	152	1	77
215	152	2	83
215	152	3	98
215	152	4	117
215	153	0	54
215	153	1	52
215	153	2	59
215	153	3	73
215	153	4	92
215	154	0	37
215	154	1	36
215	154	2	42
215	154	3	56
215	154	4	76
215	155	0	29
215	155	1	27
215	155	2	33
215	155	3	48
215	155	4	67
215	156	0	28
215	156	1	27
215	156	2	33
215	156	3	47
215	156	4	66
215	157	0	28
215	157	1	29
215	157	2	37
215	157	3	49
215	157	4	66
215	158	0	31
215	158	1	32
215	158	2	39
215	158	3	48
215	158	4	66
215	159	0	43
215	159	1	41
215	159	2	46
215	159	3	56
215	159	4	73
215	160	0	40
215	160	1	37
215	160	2	41
215	160	3	54
215	160	4	75
215	161	0	44
215	161	1	41
215	161	2	45
215	161	3	58
215	161	4	79
215	162	0	56
215	162	1	52
215	162	2	57
215	162	3	70
215	162	4	91
215	163	0	75
215	163	1	72
215	163	2	77
215	163	3	90
215	163	4	111
215	164	0	58
215	164	1	62
215	164	2	74
215	164	3	94
215	164	4	122
215	165	0	38
215	165	1	42
215	165	2	53
215	165	3	73
215	165	4	101
215	166	0	25
215	166	1	29
215	166	2	41
215	166	3	61
215	166	4	88
215	167	0	20
215	167	1	24
215	167	2	36
215	167	3	56
215	167	4	84
215	168	0	24
215	168	1	27
215	168	2	39
215	168	3	59
215	168	4	87
215	169	0	35
215	169	1	39
215	169	2	51
215	169	3	70
215	169	4	98
215	180	70	119
215	180	71	85
215	180	72	58
215	180	73	40
215	180	74	30
215	181	70	102
215	181	71	68
215	181	72	42
215	181	73	24
215	181	74	13
215	182	70	94
215	182	71	60
215	182	72	33
215	182	73	15
215	182	74	0
215	183	70	93
215	183	71	59
215	183	72	33
215	183	73	14
215	183	74	4
215	184	70	101
215	184	71	66
215	184	72	40
215	184	73	22
215	184	74	12
216	150	0	131
216	150	1	117
216	150	2	112
216	150	3	114
216	150	4	125
216	151	0	95
216	151	1	92
216	151	2	87
216	151	3	89
216	151	4	100
216	152	0	62
216	152	1	60
216	152	2	67
216	152	3	72
216	152	4	83
216	153	0	37
216	153	1	36
216	153	2	42
216	153	3	54
216	153	4	74
216	154	0	21
216	154	1	19
216	154	2	26
216	154	3	38
216	154	4	57
216	155	0	12
216	155	1	11
216	155	2	17
216	155	3	29
216	155	4	48
216	156	0	12
216	156	1	10
216	156	2	17
216	156	3	28
216	156	4	47
216	157	0	11
216	157	1	12
216	157	2	19
216	157	3	28
216	157	4	46
216	158	0	14
216	158	1	15
216	158	2	19
216	158	3	28
216	158	4	45
216	159	0	24
216	159	1	21
216	159	2	25
216	159	3	36
216	159	4	53
216	160	0	20
216	160	1	16
216	160	2	21
216	160	3	34
216	160	4	55
216	161	0	23
216	161	1	20
216	161	2	25
216	161	3	38
216	161	4	59
216	162	0	35
216	162	1	32
216	162	2	37
216	162	3	50
216	162	4	70
216	163	0	55
216	163	1	52
216	163	2	57
216	163	3	69
216	163	4	90
216	164	0	44
216	164	1	48
216	164	2	60
216	164	3	80
216	164	4	108
216	165	0	24
216	165	1	27
216	165	2	39
216	165	3	59
216	165	4	87
216	166	0	11
216	166	1	15
216	166	2	27
216	166	3	46
216	166	4	74
216	167	0	6
216	167	1	10
216	167	2	22
216	167	3	42
216	167	4	70
216	168	0	9
216	168	1	13
216	168	2	25
216	168	3	45
216	168	4	73
216	169	0	21
216	169	1	25
216	169	2	36
216	169	3	56
216	169	4	84
216	180	70	118
216	180	71	84
216	180	72	57
216	180	73	39
216	180	74	29
216	181	70	101
216	181	71	67
216	181	72	41
216	181	73	23
216	181	74	12
216	182	70	93
216	182	71	59
216	182	72	32
216	182	73	14
216	182	74	4
216	183	70	92
216	183	71	58
216	183	72	32
216	183	73	14
216	183	74	3
216	184	70	100
216	184	71	65
216	184	72	39
216	184	73	21
216	184	74	11
217	150	0	104
217	150	1	90
217	150	2	85
217	150	3	88
217	150	4	98
217	151	0	79
217	151	1	65
217	151	2	60
217	151	3	62
217	151	4	73
217	152	0	54
217	152	1	48
217	152	2	43
217	152	3	45
217	152	4	56
217	153	0	29
217	153	1	27
217	153	2	33
217	153	3	36
217	153	4	47
217	154	0	13
217	154	1	11
217	154	2	16
217	154	3	27
217	154	4	46
217	155	0	0
217	155	1	0
217	155	2	7
217	155	3	18
217	155	4	37
217	156	0	3
217	156	1	0
217	156	2	6
217	156	3	17
217	156	4	37
217	157	0	0
217	157	1	2
217	157	2	7
217	157	3	16
217	157	4	33
217	158	0	5
217	158	1	5
217	158	2	6
217	158	3	16
217	158	4	33
217	159	0	11
217	159	1	8
217	159	2	13
217	159	3	23
217	159	4	40
217	160	0	7
217	160	1	4
217	160	2	9
217	160	3	22
217	160	4	42
217	161	0	11
217	161	1	8
217	161	2	13
217	161	3	25
217	161	4	46
217	162	0	23
217	162	1	20
217	162	2	24
217	162	3	37
217	162	4	58
217	163	0	43
217	163	1	39
217	163	2	44
217	163	3	57
217	163	4	78
217	164	0	38
217	164	1	42
217	164	2	54
217	164	3	74
217	164	4	101
217	165	0	17
217	165	1	21
217	165	2	33
217	165	3	53
217	165	4	81
217	166	0	5
217	166	1	8
217	166	2	20
217	166	3	40
217	166	4	68
217	167	0	0
217	167	1	4
217	167	2	16
217	167	3	35
217	167	4	63
217	168	0	3
217	168	1	7
217	168	2	19
217	168	3	39
217	168	4	67
217	169	0	14
217	169	1	18
217	169	2	30
217	169	3	50
217	169	4	78
217	180	70	125
217	180	71	91
217	180	72	64
217	180	73	46
217	180	74	36
217	181	70	108
217	181	71	74
217	181	72	48
217	181	73	30
217	181	74	19
217	182	70	100
217	182	71	66
217	182	72	39
217	182	73	21
217	182	74	11
217	183	70	99
217	183	71	65
217	183	72	39
217	183	73	21
217	183	74	10
217	184	70	107
217	184	71	73
217	184	72	46
217	184	73	28
217	184	74	18
218	150	0	85
218	150	1	72
218	150	2	66
218	150	3	69
218	150	4	79
218	151	0	60
218	151	1	47
218	151	2	41
218	151	3	44
218	151	4	54
218	152	0	43
218	152	1	30
218	152	2	24
218	152	3	27
218	152	4	37
218	153	0	29
218	153	1	20
218	153	2	15
218	153	3	18
218	153	4	28
218	154	0	12
218	154	1	10
218	154	2	13
218	154	3	16
218	154	4	26
218	155	0	4
218	155	1	1
218	155	2	4
218	155	3	15
218	155	4	30
218	156	0	3
218	156	1	0
218	156	2	3
218	156	3	15
218	156	4	34
218	157	0	1
218	157	1	0
218	157	2	2
218	157	3	12
218	157	4	29
218	158	0	4
218	158	1	1
218	158	2	2
218	158	3	11
218	158	4	29
218	159	0	7
218	159	1	4
218	159	2	9
218	159	3	19
218	159	4	36
218	160	0	0
218	160	1	0
218	160	2	4
218	160	3	17
218	160	4	38
218	161	0	7
218	161	1	3
218	161	2	8
218	161	3	21
218	161	4	42
218	162	0	18
218	162	1	15
218	162	2	20
218	162	3	33
218	162	4	54
218	163	0	38
218	163	1	35
218	163	2	40
218	163	3	53
218	163	4	73
218	164	0	40
218	164	1	44
218	164	2	55
218	164	3	75
218	164	4	101
218	165	0	19
218	165	1	23
218	165	2	35
218	165	3	55
218	165	4	82
218	166	0	6
218	166	1	10
218	166	2	22
218	166	3	42
218	166	4	70
218	167	0	2
218	167	1	5
218	167	2	17
218	167	3	37
218	167	4	65
218	168	0	5
218	168	1	9
218	168	2	21
218	168	3	40
218	168	4	68
218	169	0	16
218	169	1	20
218	169	2	32
218	169	3	52
218	169	4	80
218	180	70	140
218	180	71	106
218	180	72	80
218	180	73	61
218	180	74	51
218	181	70	124
218	181	71	89
218	181	72	63
218	181	73	45
218	181	74	34
218	182	70	115
218	182	71	81
218	182	72	54
218	182	73	36
218	182	74	26
218	183	70	114
218	183	71	80
218	183	72	54
218	183	73	36
218	183	74	25
218	184	70	122
218	184	71	88
218	184	72	61
218	184	73	43
218	184	74	33
219	150	0	74
219	150	1	61
219	150	2	55
219	150	3	58
219	150	4	68
219	151	0	49
219	151	1	36
219	151	2	30
219	151	3	33
219	151	4	43
219	152	0	32
219	152	1	19
219	152	2	13
219	152	3	16
219	152	4	26
219	153	0	23
219	153	1	10
219	153	2	0
219	153	3	7
219	153	4	17
219	154	0	20
219	154	1	9
219	154	2	3
219	154	3	5
219	154	4	14
219	155	0	11
219	155	1	6
219	155	2	9
219	155	3	9
219	155	4	17
219	156	0	10
219	156	1	5
219	156	2	8
219	156	3	19
219	156	4	29
219	157	0	8
219	157	1	5
219	157	2	6
219	157	3	15
219	157	4	33
219	158	0	11
219	158	1	4
219	158	2	6
219	158	3	15
219	158	4	32
219	159	0	11
219	159	1	7
219	159	2	12
219	159	3	23
219	159	4	40
219	160	0	6
219	160	1	3
219	160	2	8
219	160	3	21
219	160	4	42
219	161	0	10
219	161	1	7
219	161	2	12
219	161	3	25
219	161	4	45
219	162	0	22
219	162	1	19
219	162	2	24
219	162	3	36
219	162	4	57
219	163	0	42
219	163	1	39
219	163	2	43
219	163	3	56
219	163	4	77
219	164	0	50
219	164	1	53
219	164	2	65
219	164	3	84
219	164	4	105
219	165	0	29
219	165	1	33
219	165	2	45
219	165	3	64
219	165	4	92
219	166	0	16
219	166	1	20
219	166	2	32
219	166	3	52
219	166	4	80
219	167	0	11
219	167	1	15
219	167	2	27
219	167	3	47
219	167	4	75
219	168	0	15
219	168	1	19
219	168	2	30
219	168	3	50
219	168	4	78
219	169	0	26
219	169	1	30
219	169	2	42
219	169	3	62
219	169	4	84
219	180	70	163
219	180	71	129
219	180	72	103
219	180	73	84
219	180	74	74
219	181	70	147
219	181	71	112
219	181	72	86
219	181	73	68
219	181	74	58
219	182	70	138
219	182	71	104
219	182	72	78
219	182	73	59
219	182	74	49
219	183	70	137
219	183	71	103
219	183	72	77
219	183	73	59
219	183	74	48
219	184	70	145
219	184	71	111
219	184	72	84
219	184	73	66
219	184	74	56
220	150	0	71
220	150	1	58
220	150	2	52
220	150	3	55
220	150	4	65
220	151	0	46
220	151	1	33
220	151	2	27
220	151	3	30
220	151	4	40
220	152	0	29
220	152	1	16
220	152	2	10
220	152	3	13
220	152	4	23
220	153	0	20
220	153	1	7
220	153	2	1
220	153	3	4
220	153	4	13
220	154	0	19
220	154	1	6
220	154	2	0
220	154	3	1
220	154	4	9
220	155	5	29
220	155	6	53
220	155	7	77
220	155	8	66
220	155	9	64
220	156	5	41
220	156	6	65
220	156	7	65
220	156	8	54
220	156	9	51
220	157	5	61
220	157	6	79
220	157	7	60
220	157	8	49
220	157	9	46
220	158	5	69
220	158	6	82
220	158	7	63
220	158	8	53
220	158	9	50
220	159	5	77
220	159	6	93
220	159	7	75
220	159	8	64
220	159	9	61
220	170	0	16
220	170	1	13
220	170	2	19
220	170	3	33
220	170	4	55
220	171	0	10
220	171	1	8
220	171	2	14
220	171	3	28
220	171	4	50
220	172	0	13
220	172	1	11
220	172	2	17
220	172	3	31
220	172	4	53
220	173	0	24
220	173	1	22
220	173	2	28
220	173	3	42
220	173	4	64
220	174	0	43
220	174	1	41
220	174	2	47
220	174	3	61
220	174	4	83
221	150	0	77
221	150	1	63
221	150	2	58
221	150	3	60
221	150	4	71
221	151	0	51
221	151	1	38
221	151	2	33
221	151	3	35
221	151	4	46
221	152	0	34
221	152	1	21
221	152	2	15
221	152	3	18
221	152	4	29
221	153	0	25
221	153	1	12
221	153	2	6
221	153	3	8
221	153	4	16
221	154	0	24
221	154	1	11
221	154	2	4
221	154	3	4
221	154	4	12
221	155	5	32
221	155	6	57
221	155	7	54
221	155	8	43
221	155	9	40
221	156	5	44
221	156	6	60
221	156	7	41
221	156	8	30
221	156	9	28
221	157	5	64
221	157	6	55
221	157	7	37
221	157	8	26
221	157	9	23
221	158	5	75
221	158	6	59
221	158	7	40
221	158	8	29
221	158	9	26
221	159	5	90
221	159	6	70
221	159	7	51
221	159	8	41
221	159	9	38
221	170	0	8
221	170	1	6
221	170	2	12
221	170	3	26
221	170	4	48
221	171	0	0
221	171	1	1
221	171	2	7
221	171	3	20
221	171	4	42
221	172	0	6
221	172	1	3
221	172	2	9
221	172	3	23
221	172	4	45
221	173	0	16
221	173	1	14
221	173	2	20
221	173	3	34
221	173	4	56
221	174	0	35
221	174	1	33
221	174	2	39
221	174	3	53
221	174	4	75
222	150	0	90
222	150	1	76
222	150	2	71
222	150	3	73
222	150	4	84
222	151	0	65
222	151	1	51
222	151	2	46
222	151	3	48
222	151	4	59
222	152	0	48
222	152	1	34
222	152	2	29
222	152	3	31
222	152	4	40
222	153	0	39
222	153	1	25
222	153	2	19
222	153	3	20
222	153	4	28
222	154	0	38
222	154	1	23
222	154	2	15
222	154	3	15
222	154	4	24
222	155	5	44
222	155	6	47
222	155	7	38
222	155	8	28
222	155	9	25
222	156	5	41
222	156	6	37
222	156	7	26
222	156	8	15
222	156	9	12
222	157	5	40
222	157	6	36
222	157	7	21
222	157	8	10
222	157	9	8
222	158	5	47
222	158	6	43
222	158	7	25
222	158	8	14
222	158	9	11
222	159	5	62
222	159	6	55
222	159	7	36
222	159	8	25
222	159	9	22
222	170	0	8
222	170	1	6
222	170	2	12
222	170	3	26
222	170	4	48
222	171	0	3
222	171	1	1
222	171	2	7
222	171	3	21
222	171	4	43
222	172	0	6
222	172	1	4
222	172	2	10
222	172	3	24
222	172	4	46
222	173	0	17
222	173	1	15
222	173	2	21
222	173	3	35
222	173	4	56
222	174	0	36
222	174	1	34
222	174	2	39
222	174	3	53
222	174	4	75
223	150	0	111
223	150	1	97
223	150	2	92
223	150	3	94
223	150	4	105
223	151	0	86
223	151	1	72
223	151	2	67
223	151	3	69
223	151	4	80
223	152	0	69
223	152	1	55
223	152	2	50
223	152	3	51
223	152	4	59
223	153	0	60
223	153	1	46
223	153	2	39
223	153	3	39
223	153	4	47
223	154	0	58
223	154	1	42
223	154	2	34
223	154	3	35
223	154	4	43
223	155	5	31
223	155	6	27
223	155	7	31
223	155	8	20
223	155	9	18
223	156	5	21
223	156	6	17
223	156	7	18
223	156	8	8
223	156	9	5
223	157	5	20
223	157	6	16
223	157	7	14
223	157	8	0
223	157	9	0
223	158	5	27
223	158	6	23
223	158	7	17
223	158	8	6
223	158	9	4
223	159	5	42
223	159	6	38
223	159	7	29
223	159	8	18
223	159	9	15
223	170	0	17
223	170	1	15
223	170	2	20
223	170	3	34
223	170	4	56
223	171	0	11
223	171	1	9
223	171	2	15
223	171	3	29
223	171	4	51
223	172	0	14
223	172	1	12
223	172	2	18
223	172	3	32
223	172	4	54
223	173	0	25
223	173	1	23
223	173	2	29
223	173	3	43
223	173	4	65
223	174	0	44
223	174	1	42
223	174	2	48
223	174	3	62
223	174	4	84
224	150	0	140
224	150	1	126
224	150	2	121
224	150	3	124
224	150	4	129
224	151	0	115
224	151	1	101
224	151	2	96
224	151	3	99
224	151	4	94
224	152	0	98
224	152	1	84
224	152	2	78
224	152	3	78
224	152	4	67
224	153	0	89
224	153	1	74
224	153	2	66
224	153	3	66
224	153	4	48
224	154	0	85
224	154	1	69
224	154	2	62
224	154	3	60
224	154	4	37
224	155	5	19
224	155	6	12
224	155	7	13
224	155	8	20
224	155	9	18
224	156	5	9
224	156	6	5
224	156	7	9
224	156	8	0
224	156	9	6
224	157	5	8
224	157	6	4
224	157	7	8
224	157	8	4
224	157	9	1
224	158	5	15
224	158	6	11
224	158	7	15
224	158	8	7
224	158	9	4
224	159	5	30
224	159	6	25
224	159	7	24
224	159	8	17
224	159	9	16
224	170	0	33
224	170	1	31
224	170	2	37
224	170	3	51
224	170	4	73
224	171	0	28
224	171	1	26
224	171	2	32
224	171	3	46
224	171	4	68
224	172	0	31
224	172	1	29
224	172	2	35
224	172	3	48
224	172	4	70
224	173	0	42
224	173	1	39
224	173	2	45
224	173	3	59
224	173	4	81
224	174	0	60
224	174	1	58
224	174	2	64
224	174	3	78
224	174	4	100
225	150	5	104
225	150	6	97
225	150	7	98
225	150	8	105
225	150	9	108
225	151	5	69
225	151	6	62
225	151	7	63
225	151	8	72
225	151	9	77
225	152	5	42
225	152	6	35
225	152	7	36
225	152	8	45
225	152	9	54
225	153	5	23
225	153	6	16
225	153	7	17
225	153	8	26
225	153	9	36
225	154	5	12
225	154	6	0
225	154	7	6
225	154	8	15
225	154	9	24
225	155	5	9
225	155	6	2
225	155	7	3
225	155	8	9
225	155	9	16
225	155	10	22
225	155	11	36
225	155	12	59
225	155	13	89
225	155	14	127
225	156	5	5
225	156	6	0
225	156	7	5
225	156	8	6
225	156	9	4
225	156	10	10
225	156	11	24
225	156	12	47
225	156	13	77
225	156	14	115
225	157	5	4
225	157	6	0
225	157	7	4
225	157	8	0
225	157	9	0
225	157	10	6
225	157	11	20
225	157	12	43
225	157	13	73
225	157	14	111
225	158	5	11
225	158	6	7
225	158	7	9
225	158	8	2
225	158	9	4
225	158	10	10
225	158	11	25
225	158	12	47
225	158	13	77
225	158	14	115
225	159	5	26
225	159	6	21
225	159	7	14
225	159	8	7
225	159	9	9
225	159	10	18
225	159	11	35
225	159	12	59
225	159	13	89
225	159	14	126
225	165	50	169
225	165	51	134
225	165	52	107
225	165	53	88
225	165	54	76
225	166	50	173
225	166	51	138
225	166	52	110
225	166	53	91
225	166	54	80
225	167	50	184
225	167	51	149
225	167	52	122
225	167	53	103
225	167	54	91
225	168	50	204
225	168	51	168
225	168	52	141
225	168	53	122
225	168	54	111
225	169	50	231
225	169	51	196
225	169	52	169
225	169	53	149
225	169	54	138
226	150	5	102
226	150	6	95
226	150	7	93
226	150	8	88
226	150	9	87
226	151	5	67
226	151	6	60
226	151	7	61
226	151	8	57
226	151	9	59
226	152	5	40
226	152	6	33
226	152	7	34
226	152	8	34
226	152	9	36
226	153	5	21
226	153	6	14
226	153	7	15
226	153	8	19
226	153	9	21
226	154	5	10
226	154	6	3
226	154	7	4
226	154	8	8
226	154	9	12
226	155	5	7
226	155	6	0
226	155	7	0
226	155	8	2
226	155	9	8
226	155	10	19
226	155	11	39
226	155	12	64
226	155	13	94
226	155	14	122
226	156	5	9
226	156	6	5
226	156	7	0
226	156	8	0
226	156	9	6
226	156	10	15
226	156	11	30
226	156	12	52
226	156	13	82
226	156	14	101
226	157	5	8
226	157	6	4
226	157	7	6
226	157	8	3
226	157	9	5
226	157	10	12
226	157	11	26
226	157	12	48
226	157	13	78
226	157	14	88
226	158	5	15
226	158	6	11
226	158	7	7
226	158	8	0
226	158	9	2
226	158	10	11
226	158	11	28
226	158	12	52
226	158	13	82
226	158	14	83
226	159	5	29
226	159	6	25
226	159	7	12
226	159	8	5
226	159	9	6
226	159	10	16
226	159	11	33
226	159	12	58
226	159	13	92
226	159	14	86
226	165	50	139
226	165	51	104
226	165	52	77
226	165	53	57
226	165	54	46
226	166	50	142
226	166	51	107
226	166	52	80
226	166	53	61
226	166	54	50
226	167	50	154
226	167	51	119
226	167	52	91
226	167	53	72
226	167	54	61
226	168	50	173
226	168	51	138
226	168	52	111
226	168	53	92
226	168	54	80
226	169	50	201
226	169	51	166
226	169	52	138
226	169	53	119
226	169	54	108
227	150	5	108
227	150	6	97
227	150	7	84
227	150	8	74
227	150	9	72
227	151	5	73
227	151	6	66
227	151	7	53
227	151	8	46
227	151	9	44
227	152	5	46
227	152	6	39
227	152	7	30
227	152	8	24
227	152	9	24
227	153	5	27
227	153	6	20
227	153	7	15
227	153	8	9
227	153	9	12
227	154	5	16
227	154	6	9
227	154	7	8
227	154	8	0
227	154	9	5
227	155	5	13
227	155	6	6
227	155	7	3
227	155	8	0
227	155	9	3
227	155	10	14
227	155	11	31
227	155	12	53
227	155	13	78
227	155	14	91
227	156	5	18
227	156	6	12
227	156	7	3
227	156	8	1
227	156	9	4
227	156	10	15
227	156	11	33
227	156	12	49
227	156	13	66
227	156	14	70
227	157	5	20
227	157	6	16
227	157	7	6
227	157	8	0
227	157	9	2
227	157	10	13
227	157	11	31
227	157	12	45
227	157	13	62
227	157	14	57
227	158	5	27
227	158	6	22
227	158	7	8
227	158	8	2
227	158	9	4
227	158	10	14
227	158	11	31
227	158	12	49
227	158	13	66
227	158	14	52
227	159	5	41
227	159	6	31
227	159	7	17
227	159	8	10
227	159	9	12
227	159	10	22
227	159	11	39
227	159	12	61
227	159	13	69
227	159	14	55
227	165	50	117
227	165	51	81
227	165	52	54
227	165	53	35
227	165	54	24
227	166	50	120
227	166	51	85
227	166	52	58
227	166	53	38
227	166	54	27
227	167	50	132
227	167	51	96
227	167	52	69
227	167	53	50
227	167	54	39
227	168	50	151
227	168	51	116
227	168	52	89
227	168	53	69
227	168	54	58
227	169	50	179
227	169	51	143
227	169	52	116
227	169	53	97
227	169	54	86
228	150	5	116
228	150	6	95
228	150	7	77
228	150	8	67
228	150	9	65
228	151	5	81
228	151	6	65
228	151	7	49
228	151	8	39
228	151	9	37
228	152	5	54
228	152	6	41
228	152	7	28
228	152	8	19
228	152	9	17
228	153	5	36
228	153	6	22
228	153	7	13
228	153	8	7
228	153	9	5
228	154	5	25
228	154	6	11
228	154	7	0
228	154	8	0
228	154	9	0
228	155	5	22
228	155	6	9
228	155	7	3
228	155	8	2
228	155	9	4
228	155	10	10
228	155	11	24
228	155	12	41
228	155	13	59
228	155	14	68
228	156	5	28
228	156	6	14
228	156	7	8
228	156	8	7
228	156	9	9
228	156	10	19
228	156	11	20
228	156	12	30
228	156	13	47
228	156	14	47
228	157	5	40
228	157	6	22
228	157	7	8
228	157	8	2
228	157	9	4
228	157	10	14
228	157	11	16
228	157	12	26
228	157	13	43
228	157	14	34
228	158	5	45
228	158	6	23
228	158	7	9
228	158	8	2
228	158	9	4
228	158	10	14
228	158	11	20
228	158	12	30
228	158	13	42
228	158	14	29
228	159	5	53
228	159	6	31
228	159	7	17
228	159	8	11
228	159	9	13
228	159	10	21
228	159	11	32
228	159	12	42
228	159	13	45
228	159	14	32
228	165	50	102
228	165	51	67
228	165	52	40
228	165	53	21
228	165	54	9
228	166	50	106
228	166	51	71
228	166	52	43
228	166	53	24
228	166	54	13
228	167	50	117
228	167	51	82
228	167	52	55
228	167	53	36
228	167	54	24
228	168	50	137
228	168	51	102
228	168	52	74
228	168	53	55
228	168	54	44
228	169	50	164
228	169	51	129
228	169	52	102
228	169	53	83
228	169	54	71
229	150	5	113
229	150	6	96
229	150	7	78
229	150	8	68
229	150	9	66
229	151	5	78
229	151	6	64
229	151	7	50
229	151	8	40
229	151	9	38
229	152	5	51
229	152	6	38
229	152	7	30
229	152	8	20
229	152	9	18
229	153	5	33
229	153	6	19
229	153	7	13
229	153	8	7
229	153	9	5
229	154	5	22
229	154	6	8
229	154	7	3
229	154	8	3
229	154	9	1
229	155	5	19
229	155	6	6
229	155	7	0
229	155	8	2
229	155	9	5
229	155	10	11
229	155	11	21
229	155	12	28
229	155	13	37
229	155	14	52
229	156	5	25
229	156	6	11
229	156	7	5
229	156	8	0
229	156	9	4
229	156	10	0
229	156	11	9
229	156	12	18
229	156	13	35
229	156	14	31
229	157	5	38
229	157	6	23
229	157	7	14
229	157	8	0
229	157	9	5
229	157	10	3
229	157	11	5
229	157	12	14
229	157	13	32
229	157	14	18
229	158	5	53
229	158	6	31
229	158	7	15
229	158	8	4
229	158	9	2
229	158	10	7
229	158	11	9
229	158	12	18
229	158	13	27
229	158	14	13
229	159	5	62
229	159	6	38
229	159	7	20
229	159	8	9
229	159	9	6
229	159	10	12
229	159	11	21
229	159	12	30
229	159	13	30
229	159	14	16
229	165	50	96
229	165	51	61
229	165	52	34
229	165	53	14
229	165	54	0
229	166	50	100
229	166	51	64
229	166	52	37
229	166	53	18
229	166	54	7
229	167	50	111
229	167	51	76
229	167	52	49
229	167	53	29
229	167	54	18
229	168	50	130
229	168	51	95
229	168	52	68
229	168	53	49
229	168	54	38
229	169	50	149
229	169	51	123
229	169	52	95
229	169	53	76
229	169	54	65
230	150	5	118
230	150	6	102
230	150	7	83
230	150	8	72
230	150	9	69
230	150	10	74
230	150	11	76
230	150	12	77
230	150	13	87
230	150	14	105
230	151	5	83
230	151	6	69
230	151	7	54
230	151	8	43
230	151	9	40
230	151	10	45
230	151	11	47
230	151	12	48
230	151	13	58
230	151	14	76
230	152	5	56
230	152	6	43
230	152	7	32
230	152	8	21
230	152	9	18
230	152	10	24
230	152	11	26
230	152	12	27
230	152	13	37
230	152	14	55
230	153	5	38
230	153	6	24
230	153	7	18
230	153	8	8
230	153	9	5
230	153	10	10
230	153	11	13
230	153	12	14
230	153	13	24
230	153	14	42
230	154	5	27
230	154	6	13
230	154	7	8
230	154	8	0
230	154	9	0
230	154	10	5
230	154	11	8
230	154	12	9
230	154	13	19
230	154	14	37
230	155	5	24
230	155	6	11
230	155	7	2
230	155	8	0
230	155	9	0
230	155	10	5
230	155	11	11
230	155	12	12
230	155	13	21
230	155	14	38
230	155	15	39
230	155	16	42
230	155	17	52
230	155	18	71
230	155	19	97
230	155	55	172
230	155	56	142
230	155	57	119
230	155	58	105
230	155	59	98
230	156	5	28
230	156	6	11
230	156	7	2
230	156	8	1
230	156	9	0
230	156	10	3
230	156	11	5
230	156	12	12
230	156	13	21
230	156	14	24
230	156	15	18
230	156	16	21
230	156	17	31
230	156	18	50
230	156	19	76
230	156	55	164
230	156	56	134
230	156	57	111
230	156	58	97
230	156	59	90
230	157	5	37
230	157	6	20
230	157	7	11
230	157	8	3
230	157	9	0
230	157	10	0
230	157	11	1
230	157	12	11
230	157	13	24
230	157	14	11
230	157	15	5
230	157	16	8
230	157	17	18
230	157	18	37
230	157	19	63
230	157	55	164
230	157	56	134
230	157	57	111
230	157	58	97
230	157	59	90
230	158	5	53
230	158	6	32
230	158	7	13
230	158	8	3
230	158	9	0
230	158	10	1
230	158	11	5
230	158	12	15
230	158	13	20
230	158	14	6
230	158	15	0
230	158	16	3
230	158	17	13
230	158	18	32
230	158	19	58
230	158	55	172
230	158	56	142
230	158	57	119
230	158	58	105
230	158	59	98
230	159	5	63
230	159	6	36
230	159	7	18
230	159	8	7
230	159	9	4
230	159	10	9
230	159	11	15
230	159	12	27
230	159	13	23
230	159	14	9
230	159	15	3
230	159	16	6
230	159	17	16
230	159	18	35
230	159	19	61
230	159	55	149
230	159	56	154
230	159	57	135
230	159	58	121
230	159	59	114
230	165	50	98
230	165	51	63
230	165	52	35
230	165	53	16
230	165	54	5
230	166	50	101
230	166	51	66
230	166	52	39
230	166	53	20
230	166	54	8
230	167	50	113
230	167	51	77
230	167	52	50
230	167	53	31
230	167	54	20
230	168	50	110
230	168	51	89
230	168	52	70
230	168	53	50
230	168	54	39
230	169	50	111
230	169	51	90
230	169	52	78
230	169	53	73
230	169	54	67
231	150	5	131
231	150	6	106
231	150	7	87
231	150	8	76
231	150	9	73
231	150	10	75
231	150	11	69
231	150	12	70
231	150	13	80
231	150	14	98
231	151	5	96
231	151	6	77
231	151	7	58
231	151	8	47
231	151	9	44
231	151	10	46
231	151	11	40
231	151	12	41
231	151	13	51
231	151	14	69
231	152	5	70
231	152	6	55
231	152	7	36
231	152	8	25
231	152	9	22
231	152	10	25
231	152	11	19
231	152	12	20
231	152	13	30
231	152	14	48
231	153	5	51
231	153	6	37
231	153	7	23
231	153	8	12
231	153	9	9
231	153	10	12
231	153	11	6
231	153	12	7
231	153	13	17
231	153	14	35
231	154	5	40
231	154	6	23
231	154	7	14
231	154	8	7
231	154	9	4
231	154	10	7
231	154	11	0
231	154	12	2
231	154	13	12
231	154	14	30
231	155	5	33
231	155	6	16
231	155	7	7
231	155	8	4
231	155	9	1
231	155	10	6
231	155	11	0
231	155	12	3
231	155	13	12
231	155	14	29
231	155	15	40
231	155	16	42
231	155	17	53
231	155	18	71
231	155	19	98
231	155	55	138
231	155	56	108
231	155	57	85
231	155	58	71
231	155	59	64
231	156	5	33
231	156	6	16
231	156	7	7
231	156	8	5
231	156	9	5
231	156	10	5
231	156	11	2
231	156	12	3
231	156	13	12
231	156	14	25
231	156	15	19
231	156	16	21
231	156	17	32
231	156	18	50
231	156	19	77
231	156	55	130
231	156	56	100
231	156	57	77
231	156	58	63
231	156	59	56
231	157	5	42
231	157	6	25
231	157	7	16
231	157	8	7
231	157	9	5
231	157	10	2
231	157	11	6
231	157	12	11
231	157	13	21
231	157	14	12
231	157	15	6
231	157	16	8
231	157	17	19
231	157	18	37
231	157	19	64
231	157	55	131
231	157	56	100
231	157	57	78
231	157	58	63
231	157	59	56
231	158	5	59
231	158	6	38
231	158	7	19
231	158	8	9
231	158	9	5
231	158	10	2
231	158	11	8
231	158	12	19
231	158	13	20
231	158	14	7
231	158	15	1
231	158	16	4
231	158	17	14
231	158	18	32
231	158	19	59
231	158	55	139
231	158	56	108
231	158	57	86
231	158	58	71
231	158	59	65
231	159	5	69
231	159	6	43
231	159	7	24
231	159	8	13
231	159	9	10
231	159	10	11
231	159	11	16
231	159	12	30
231	159	13	23
231	159	14	10
231	159	15	4
231	159	16	7
231	159	17	17
231	159	18	35
231	159	19	62
231	159	55	155
231	159	56	124
231	159	57	102
231	159	58	87
231	159	59	81
231	165	50	107
231	165	51	72
231	165	52	45
231	165	53	26
231	165	54	15
231	166	50	102
231	166	51	76
231	166	52	48
231	166	53	29
231	166	54	18
231	167	50	87
231	167	51	66
231	167	52	54
231	167	53	41
231	167	54	29
231	168	50	80
231	168	51	59
231	168	52	47
231	168	53	42
231	168	54	45
231	169	50	81
231	169	51	60
231	169	52	48
231	169	53	43
231	169	54	46
232	150	5	145
232	150	6	118
232	150	7	99
232	150	8	88
232	150	9	85
232	150	10	76
232	150	11	69
232	150	12	71
232	150	13	81
232	150	14	98
232	151	5	115
232	151	6	88
232	151	7	70
232	151	8	59
232	151	9	56
232	151	10	47
232	151	11	40
232	151	12	42
232	151	13	52
232	151	14	69
232	152	5	91
232	152	6	67
232	152	7	48
232	152	8	37
232	152	9	34
232	152	10	26
232	152	11	19
232	152	12	21
232	152	13	31
232	152	14	48
232	153	5	68
232	153	6	51
232	153	7	35
232	153	8	24
232	153	9	21
232	153	10	13
232	153	11	6
232	153	12	8
232	153	13	18
232	153	14	35
232	154	5	53
232	154	6	36
232	154	7	26
232	154	8	15
232	154	9	12
232	154	10	8
232	154	11	1
232	154	12	3
232	154	13	13
232	154	14	30
232	155	5	46
232	155	6	29
232	155	7	20
232	155	8	12
232	155	9	9
232	155	10	9
232	155	11	2
232	155	12	3
232	155	13	12
232	155	14	29
232	155	15	49
232	155	16	51
232	155	17	62
232	155	18	80
232	155	19	106
232	155	55	113
232	155	56	82
232	155	57	60
232	155	58	45
232	155	59	38
232	156	5	46
232	156	6	29
232	156	7	21
232	156	8	16
232	156	9	15
232	156	10	9
232	156	11	2
232	156	12	3
232	156	13	12
232	156	14	29
232	156	15	28
232	156	16	30
232	156	17	41
232	156	18	59
232	156	19	85
232	156	55	105
232	156	56	74
232	156	57	52
232	156	58	37
232	156	59	31
232	157	5	55
232	157	6	38
232	157	7	28
232	157	8	20
232	157	9	14
232	157	10	12
232	157	11	10
232	157	12	11
232	157	13	20
232	157	14	20
232	157	15	15
232	157	16	17
232	157	17	28
232	157	18	46
232	157	19	73
232	157	55	105
232	157	56	74
232	157	57	52
232	157	58	37
232	157	59	31
232	158	5	72
232	158	6	52
232	158	7	34
232	158	8	23
232	158	9	14
232	158	10	12
232	158	11	17
232	158	12	27
232	158	13	29
232	158	14	15
232	158	15	10
232	158	16	12
232	158	17	23
232	158	18	41
232	158	19	68
232	158	55	113
232	158	56	82
232	158	57	60
232	158	58	45
232	158	59	39
232	159	5	83
232	159	6	57
232	159	7	38
232	159	8	27
232	159	9	22
232	159	10	20
232	159	11	25
232	159	12	39
232	159	13	32
232	159	14	18
232	159	15	13
232	159	16	15
232	159	17	26
232	159	18	44
232	159	19	71
232	159	55	129
232	159	56	98
232	159	57	76
232	159	58	61
232	159	59	55
232	165	50	103
232	165	51	82
232	165	52	63
232	165	53	43
232	165	54	32
232	166	50	80
232	166	51	59
232	166	52	47
232	166	53	42
232	166	54	36
232	167	50	65
232	167	51	44
232	167	52	32
232	167	53	27
232	167	54	30
232	168	50	58
232	168	51	37
232	168	52	25
232	168	53	20
232	168	54	24
232	169	50	59
232	169	51	38
232	169	52	26
232	169	53	21
232	169	54	25
233	150	5	165
233	150	6	138
233	150	7	119
233	150	8	108
233	150	9	99
233	150	10	84
233	150	11	78
233	150	12	80
233	150	13	90
233	150	14	107
233	151	5	135
233	151	6	108
233	151	7	89
233	151	8	79
233	151	9	70
233	151	10	55
233	151	11	49
233	151	12	51
233	151	13	60
233	151	14	78
233	152	5	113
233	152	6	87
233	152	7	68
233	152	8	57
233	152	9	49
233	152	10	34
233	152	11	28
233	152	12	30
233	152	13	39
233	152	14	57
233	153	5	89
233	153	6	73
233	153	7	54
233	153	8	43
233	153	9	36
233	153	10	21
233	153	11	15
233	153	12	17
233	153	13	26
233	153	14	44
233	154	5	74
233	154	6	57
233	154	7	43
233	154	8	32
233	154	9	29
233	154	10	16
233	154	11	10
233	154	12	12
233	154	13	21
233	154	14	39
233	155	5	67
233	155	6	50
233	155	7	40
233	155	8	29
233	155	9	26
233	155	10	16
233	155	11	9
233	155	12	10
233	155	13	19
233	155	14	36
233	155	15	61
233	155	16	68
233	155	17	78
233	155	18	97
233	155	19	123
233	155	55	95
233	155	56	64
233	155	57	42
233	155	58	27
233	155	59	21
233	156	5	67
233	156	6	51
233	156	7	42
233	156	8	34
233	156	9	31
233	156	10	16
233	156	11	9
233	156	12	10
233	156	13	19
233	156	14	36
233	156	15	44
233	156	16	47
233	156	17	57
233	156	18	76
233	156	19	102
233	156	55	87
233	156	56	56
233	156	57	34
233	156	58	19
233	156	59	13
233	157	5	76
233	157	6	59
233	157	7	48
233	157	8	40
233	157	9	32
233	157	10	24
233	157	11	17
233	157	12	18
233	157	13	27
233	157	14	37
233	157	15	31
233	157	16	34
233	157	17	44
233	157	18	63
233	157	19	89
233	157	55	87
233	157	56	56
233	157	57	34
233	157	58	19
233	157	59	13
233	158	5	93
233	158	6	74
233	158	7	56
233	158	8	42
233	158	9	32
233	158	10	29
233	158	11	34
233	158	12	35
233	158	13	44
233	158	14	32
233	158	15	26
233	158	16	29
233	158	17	39
233	158	18	58
233	158	19	84
233	158	55	95
233	158	56	65
233	158	57	42
233	158	58	27
233	158	59	21
233	159	5	105
233	159	6	79
233	159	7	60
233	159	8	49
233	159	9	40
233	159	10	37
233	159	11	43
233	159	12	56
233	159	13	49
233	159	14	35
233	159	15	29
233	159	16	32
233	159	17	42
233	159	18	61
233	159	19	87
233	159	55	111
233	159	56	81
233	159	57	58
233	159	58	44
233	159	59	37
233	165	50	89
233	165	51	68
233	165	52	56
233	165	53	51
233	165	54	55
233	166	50	66
233	166	51	46
233	166	52	33
233	166	53	28
233	166	54	32
233	167	50	51
233	167	51	31
233	167	52	18
233	167	53	13
233	167	54	17
233	168	50	44
233	168	51	24
233	168	52	11
233	168	53	6
233	168	54	10
233	169	50	45
233	169	51	25
233	169	52	12
233	169	53	7
233	169	54	11
234	150	5	193
234	150	6	166
234	150	7	147
234	150	8	136
234	150	9	116
234	150	10	101
234	150	11	95
234	150	12	97
234	150	13	106
234	150	14	124
234	151	5	163
234	151	6	136
234	151	7	117
234	151	8	106
234	151	9	87
234	151	10	72
234	151	11	66
234	151	12	68
234	151	13	77
234	151	14	95
234	152	5	142
234	152	6	115
234	152	7	96
234	152	8	85
234	152	9	66
234	152	10	51
234	152	11	45
234	152	12	47
234	152	13	56
234	152	14	74
234	153	5	119
234	153	6	97
234	153	7	78
234	153	8	67
234	153	9	53
234	153	10	38
234	153	11	32
234	153	12	34
234	153	13	43
234	153	14	61
234	154	5	103
234	154	6	86
234	154	7	67
234	154	8	56
234	154	9	48
234	154	10	33
234	154	11	27
234	154	12	29
234	154	13	38
234	154	14	56
234	155	5	96
234	155	6	79
234	155	7	64
234	155	8	53
234	155	9	47
234	155	10	32
234	155	11	25
234	155	12	26
234	155	13	35
234	155	14	52
234	155	15	77
234	155	16	92
234	155	17	103
234	155	18	121
234	155	19	148
234	155	55	85
234	155	56	54
234	155	57	32
234	155	58	17
234	155	59	11
234	156	5	96
234	156	6	80
234	156	7	70
234	156	8	59
234	156	9	47
234	156	10	32
234	156	11	25
234	156	12	26
234	156	13	35
234	156	14	52
234	156	15	69
234	156	16	71
234	156	17	82
234	156	18	100
234	156	19	127
234	156	55	77
234	156	56	47
234	156	57	24
234	156	58	9
234	156	59	0
234	157	5	105
234	157	6	88
234	157	7	76
234	157	8	68
234	157	9	55
234	157	10	40
234	157	11	33
234	157	12	34
234	157	13	43
234	157	14	60
234	157	15	56
234	157	16	58
234	157	17	69
234	157	18	87
234	157	19	114
234	157	55	77
234	157	56	47
234	157	57	24
234	157	58	10
234	157	59	3
234	158	5	122
234	158	6	103
234	158	7	86
234	158	8	68
234	158	9	57
234	158	10	55
234	158	11	49
234	158	12	50
234	158	13	59
234	158	14	57
234	158	15	51
234	158	16	53
234	158	17	64
234	158	18	82
234	158	19	109
234	158	55	85
234	158	56	55
234	158	57	32
234	158	58	18
234	158	59	11
234	159	5	136
234	159	6	109
234	159	7	90
234	159	8	76
234	159	9	65
234	159	10	63
234	159	11	68
234	159	12	74
234	159	13	73
234	159	14	60
234	159	15	54
234	159	16	57
234	159	17	67
234	159	18	85
234	159	19	112
234	159	55	101
234	159	56	71
234	159	57	48
234	159	58	34
234	159	59	27
234	165	50	83
234	165	51	63
234	165	52	50
234	165	53	45
234	165	54	49
234	166	50	60
234	166	51	40
234	166	52	27
234	166	53	22
234	166	54	26
234	167	50	45
234	167	51	25
234	167	52	12
234	167	53	7
234	167	54	11
234	168	50	38
234	168	51	18
234	168	52	5
234	168	53	0
234	168	54	4
234	169	50	39
234	169	51	19
234	169	52	6
234	169	53	1
234	169	54	5
235	155	40	82
235	155	41	59
235	155	42	45
235	155	43	38
235	155	44	39
235	155	45	48
235	155	46	65
235	155	47	78
235	155	48	86
235	155	49	102
235	155	60	11
235	155	61	20
235	155	62	37
235	155	63	63
235	155	64	96
235	155	65	96
235	155	66	71
235	155	67	54
235	155	68	46
235	155	69	45
235	156	40	72
235	156	41	49
235	156	42	34
235	156	43	27
235	156	44	29
235	156	45	38
235	156	46	55
235	156	47	73
235	156	48	81
235	156	49	94
235	156	60	3
235	156	61	12
235	156	62	30
235	156	63	55
235	156	64	89
235	156	65	74
235	156	66	49
235	156	67	33
235	156	68	24
235	156	69	24
235	157	40	69
235	157	41	46
235	157	42	32
235	157	43	25
235	157	44	26
235	157	45	35
235	157	46	52
235	157	47	72
235	157	48	82
235	157	49	89
235	157	60	3
235	157	61	12
235	157	62	30
235	157	63	55
235	157	64	87
235	157	65	60
235	157	66	36
235	157	67	19
235	157	68	10
235	157	69	10
235	158	40	75
235	158	41	52
235	158	42	37
235	158	43	30
235	158	44	32
235	158	45	41
235	158	46	58
235	158	47	75
235	158	48	83
235	158	49	87
235	158	60	11
235	158	61	20
235	158	62	38
235	158	63	63
235	158	64	87
235	158	65	55
235	158	66	30
235	158	67	13
235	158	68	0
235	158	69	4
235	159	40	88
235	159	41	65
235	159	42	51
235	159	43	44
235	159	44	45
235	159	45	54
235	159	46	71
235	159	47	85
235	159	48	87
235	159	49	92
235	159	60	27
235	159	61	36
235	159	62	54
235	159	63	79
235	159	64	90
235	159	65	57
235	159	66	32
235	159	67	16
235	159	68	7
235	159	69	7
235	160	110	47
235	160	111	32
235	160	112	26
235	160	113	27
235	160	114	37
235	161	110	31
235	161	111	17
235	161	112	10
235	161	113	12
235	161	114	21
235	162	110	24
235	162	111	9
235	162	112	0
235	162	113	4
235	162	114	14
235	163	110	24
235	163	111	10
235	163	112	4
235	163	113	5
235	163	114	15
235	164	110	33
235	164	111	19
235	164	112	12
235	164	113	14
235	164	114	23
235	165	50	57
235	165	51	50
235	165	52	51
235	165	53	47
235	165	54	45
235	165	55	49
235	165	56	62
235	165	57	53
235	165	58	53
235	165	59	60
235	166	50	46
235	166	51	39
235	166	52	29
235	166	53	24
235	166	54	22
235	166	55	26
235	166	56	37
235	166	57	29
235	166	58	28
235	166	59	35
235	167	50	43
235	167	51	27
235	167	52	14
235	167	53	9
235	167	54	7
235	167	55	12
235	167	56	20
235	167	57	12
235	167	58	11
235	167	59	18
235	168	50	40
235	168	51	20
235	168	52	7
235	168	53	0
235	168	54	0
235	168	55	5
235	168	56	11
235	168	57	0
235	168	58	2
235	168	59	9
235	169	50	41
235	169	51	21
235	169	52	8
235	169	53	3
235	169	54	1
235	169	55	6
235	169	56	11
235	169	57	2
235	169	58	1
235	169	59	8
236	155	40	66
236	155	41	44
236	155	42	29
236	155	43	22
236	155	44	23
236	155	45	32
236	155	46	47
236	155	47	48
236	155	48	56
236	155	49	72
236	155	60	17
236	155	61	26
236	155	62	44
236	155	63	61
236	155	64	78
236	155	65	92
236	155	66	67
236	155	67	50
236	155	68	42
236	155	69	41
236	156	40	56
236	156	41	33
236	156	42	18
236	156	43	11
236	156	44	13
236	156	45	22
236	156	46	39
236	156	47	43
236	156	48	51
236	156	49	61
236	156	60	9
236	156	61	18
236	156	62	36
236	156	63	48
236	156	64	65
236	156	65	70
236	156	66	45
236	156	67	29
236	156	68	20
236	156	69	20
236	157	40	53
236	157	41	31
236	157	42	16
236	157	43	9
236	157	44	10
236	157	45	19
236	157	46	37
236	157	47	42
236	157	48	51
236	157	49	56
236	157	60	9
236	157	61	18
236	157	62	34
236	157	63	43
236	157	64	60
236	157	65	56
236	157	66	32
236	157	67	15
236	157	68	7
236	157	69	6
236	158	40	59
236	158	41	36
236	158	42	21
236	158	43	14
236	158	44	16
236	158	45	25
236	158	46	42
236	158	47	45
236	158	48	50
236	158	49	54
236	158	60	17
236	158	61	26
236	158	62	37
236	158	63	46
236	158	64	63
236	158	65	51
236	158	66	26
236	158	67	10
236	158	68	1
236	158	69	0
236	159	40	72
236	159	41	50
236	159	42	35
236	159	43	28
236	159	44	29
236	159	45	38
236	159	46	54
236	159	47	56
236	159	48	55
236	159	49	59
236	159	60	33
236	159	61	43
236	159	62	48
236	159	63	57
236	159	64	73
236	159	65	53
236	159	66	29
236	159	67	12
236	159	68	3
236	159	69	3
236	160	110	44
236	160	111	30
236	160	112	24
236	160	113	25
236	160	114	35
236	161	110	29
236	161	111	15
236	161	112	8
236	161	113	10
236	161	114	19
236	162	110	22
236	162	111	7
236	162	112	0
236	162	113	2
236	162	114	12
236	163	110	20
236	163	111	7
236	163	112	1
236	163	113	3
236	163	114	13
236	164	110	25
236	164	111	13
236	164	112	8
236	164	113	12
236	164	114	21
236	165	50	37
236	165	51	30
236	165	52	31
236	165	53	40
236	165	54	47
236	165	55	52
236	165	56	65
236	165	57	56
236	165	58	56
236	165	59	63
236	166	50	26
236	166	51	19
236	166	52	20
236	166	53	28
236	166	54	25
236	166	55	29
236	166	56	40
236	166	57	32
236	166	58	31
236	166	59	38
236	167	50	23
236	167	51	16
236	167	52	17
236	167	53	13
236	167	54	10
236	167	55	14
236	167	56	23
236	167	57	15
236	167	58	14
236	167	59	21
236	168	50	28
236	168	51	21
236	168	52	17
236	168	53	6
236	168	54	3
236	168	55	8
236	168	56	14
236	168	57	6
236	168	58	5
236	168	59	12
236	169	50	41
236	169	51	31
236	169	52	18
236	169	53	7
236	169	54	4
236	169	55	9
236	169	56	14
236	169	57	5
236	169	58	4
236	169	59	11
237	155	40	58
237	155	41	36
237	155	42	21
237	155	43	14
237	155	44	15
237	155	45	24
237	155	46	25
237	155	47	26
237	155	48	34
237	155	49	49
237	155	60	31
237	155	61	32
237	155	62	33
237	155	63	42
237	155	64	59
237	155	65	84
237	155	66	71
237	155	67	55
237	155	68	46
237	155	69	45
237	156	40	48
237	156	41	25
237	156	42	10
237	156	43	0
237	156	44	5
237	156	45	14
237	156	46	21
237	156	47	21
237	156	48	29
237	156	49	37
237	156	60	23
237	156	61	19
237	156	62	20
237	156	63	29
237	156	64	46
237	156	65	71
237	156	66	50
237	156	67	33
237	156	68	24
237	156	69	24
237	157	40	45
237	157	41	23
237	157	42	8
237	157	43	1
237	157	44	2
237	157	45	11
237	157	46	19
237	157	47	21
237	157	48	26
237	157	49	32
237	157	60	21
237	157	61	14
237	157	62	15
237	157	63	24
237	157	64	41
237	157	65	61
237	157	66	36
237	157	67	19
237	157	68	11
237	157	69	10
237	158	40	51
237	158	41	28
237	158	42	13
237	158	43	7
237	158	44	8
237	158	45	17
237	158	46	22
237	158	47	24
237	158	48	26
237	158	49	30
237	158	60	24
237	158	61	17
237	158	62	18
237	158	63	27
237	158	64	44
237	158	65	55
237	158	66	30
237	158	67	14
237	158	68	5
237	158	69	5
237	159	40	65
237	159	41	42
237	159	42	27
237	159	43	20
237	159	44	21
237	159	45	30
237	159	46	33
237	159	47	34
237	159	48	30
237	159	49	35
237	159	60	35
237	159	61	28
237	159	62	29
237	159	63	38
237	159	64	55
237	159	65	57
237	159	66	33
237	159	67	16
237	159	68	7
237	159	69	7
237	160	110	49
237	160	111	36
237	160	112	29
237	160	113	31
237	160	114	41
237	161	110	30
237	161	111	18
237	161	112	13
237	161	113	16
237	161	114	25
237	162	110	19
237	162	111	7
237	162	112	2
237	162	113	6
237	162	114	18
237	163	110	16
237	163	111	4
237	163	112	0
237	163	113	3
237	163	114	15
237	164	110	21
237	164	111	9
237	164	112	5
237	164	113	8
237	164	114	20
237	165	50	25
237	165	51	18
237	165	52	19
237	165	53	28
237	165	54	45
237	165	55	63
237	165	56	75
237	165	57	68
237	165	58	67
237	165	59	74
237	166	50	14
237	166	51	0
237	166	52	8
237	166	53	17
237	166	54	34
237	166	55	40
237	166	56	51
237	166	57	43
237	166	58	42
237	166	59	49
237	167	50	11
237	167	51	4
237	167	52	5
237	167	53	14
237	167	54	20
237	167	55	25
237	167	56	34
237	167	57	26
237	167	58	25
237	167	59	32
237	168	50	16
237	168	51	9
237	168	52	10
237	168	53	17
237	168	54	14
237	168	55	18
237	168	56	25
237	168	57	17
237	168	58	16
237	168	59	23
237	169	50	29
237	169	51	22
237	169	52	23
237	169	53	18
237	169	54	15
237	169	55	19
237	169	56	25
237	169	57	16
237	169	58	15
237	169	59	22
238	155	40	59
238	155	41	36
238	155	42	21
238	155	43	14
238	155	44	15
238	155	45	19
238	155	46	12
238	155	47	12
238	155	48	20
238	155	49	33
238	155	60	18
238	155	61	19
238	155	62	22
238	155	63	31
238	155	64	48
238	155	65	73
238	155	66	83
238	155	67	67
238	155	68	58
238	155	69	58
238	156	40	48
238	156	41	25
238	156	42	10
238	156	43	4
238	156	44	5
238	156	45	14
238	156	46	7
238	156	47	7
238	156	48	14
238	156	49	20
238	156	60	9
238	156	61	8
238	156	62	9
238	156	63	18
238	156	64	35
238	156	65	60
238	156	66	62
238	156	67	45
238	156	68	36
238	156	69	36
238	157	40	46
238	157	41	23
238	157	42	8
238	157	43	1
238	157	44	2
238	157	45	12
238	157	46	6
238	157	47	7
238	157	48	10
238	157	49	15
238	157	60	9
238	157	61	0
238	157	62	4
238	157	63	13
238	157	64	30
238	157	65	55
238	157	66	48
238	157	67	31
238	157	68	23
238	157	69	22
238	158	40	51
238	158	41	28
238	158	42	14
238	158	43	7
238	158	44	8
238	158	45	15
238	158	46	8
238	158	47	10
238	158	48	9
238	158	49	13
238	158	60	13
238	158	61	6
238	158	62	7
238	158	63	16
238	158	64	33
238	158	65	58
238	158	66	42
238	158	67	26
238	158	68	17
238	158	69	17
238	159	40	65
238	159	41	42
238	159	42	27
238	159	43	20
238	159	44	21
238	159	45	25
238	159	46	19
238	159	47	18
238	159	48	14
238	159	49	18
238	159	60	24
238	159	61	17
238	159	62	18
238	159	63	27
238	159	64	44
238	159	65	69
238	159	66	45
238	159	67	28
238	159	68	20
238	159	69	19
238	160	110	53
238	160	111	41
238	160	112	37
238	160	113	40
238	160	114	52
238	161	110	35
238	161	111	22
238	161	112	18
238	161	113	22
238	161	114	33
238	162	110	24
238	162	111	11
238	162	112	7
238	162	113	11
238	162	114	22
238	163	110	21
238	163	111	8
238	163	112	4
238	163	113	8
238	163	114	19
238	164	110	26
238	164	111	14
238	164	112	9
238	164	113	13
238	164	114	25
238	165	50	21
238	165	51	14
238	165	52	15
238	165	53	24
238	165	54	41
238	165	55	66
238	165	56	94
238	165	57	87
238	165	58	86
238	165	59	93
238	166	50	10
238	166	51	3
238	166	52	4
238	166	53	13
238	166	54	30
238	166	55	55
238	166	56	70
238	166	57	62
238	166	58	61
238	166	59	68
238	167	50	7
238	167	51	0
238	167	52	1
238	167	53	10
238	167	54	27
238	167	55	44
238	167	56	53
238	167	57	45
238	167	58	44
238	167	59	51
238	168	50	12
238	168	51	5
238	168	52	6
238	168	53	15
238	168	54	32
238	168	55	37
238	168	56	45
238	168	57	36
238	168	58	35
238	168	59	42
238	169	50	25
238	169	51	18
238	169	52	19
238	169	53	28
238	169	54	34
238	169	55	38
238	169	56	44
238	169	57	35
238	169	58	34
238	169	59	41
239	155	40	32
239	155	41	33
239	155	42	29
239	155	43	22
239	155	44	23
239	155	45	13
239	155	46	6
239	155	47	6
239	155	48	14
239	155	49	24
239	155	60	10
239	155	61	11
239	155	62	19
239	155	63	28
239	155	64	45
239	155	65	70
239	155	66	103
239	155	67	87
239	155	68	78
239	155	69	78
239	156	40	38
239	156	41	33
239	156	42	19
239	156	43	12
239	156	44	13
239	156	45	9
239	156	46	0
239	156	47	1
239	156	48	6
239	156	49	12
239	156	60	0
239	156	61	3
239	156	62	6
239	156	63	15
239	156	64	32
239	156	65	57
239	156	66	82
239	156	67	65
239	156	68	57
239	156	69	56
239	157	40	52
239	157	41	31
239	157	42	16
239	157	43	9
239	157	44	11
239	157	45	7
239	157	46	0
239	157	47	0
239	157	48	1
239	157	49	7
239	157	60	2
239	157	61	0
239	157	62	1
239	157	63	10
239	157	64	27
239	157	65	52
239	157	66	68
239	157	67	52
239	157	68	43
239	157	69	42
239	158	40	59
239	158	41	36
239	158	42	22
239	158	43	15
239	158	44	16
239	158	45	9
239	158	46	3
239	158	47	4
239	158	48	1
239	158	49	5
239	158	60	9
239	158	61	3
239	158	62	4
239	158	63	13
239	158	64	30
239	158	65	55
239	158	66	63
239	158	67	46
239	158	68	37
239	158	69	37
239	159	40	73
239	159	41	50
239	159	42	35
239	159	43	28
239	159	44	30
239	159	45	20
239	159	46	13
239	159	47	9
239	159	48	6
239	159	49	10
239	159	60	21
239	159	61	14
239	159	62	15
239	159	63	24
239	159	64	41
239	159	65	66
239	159	66	65
239	159	67	48
239	159	68	40
239	159	69	39
239	160	110	66
239	160	111	54
239	160	112	49
239	160	113	53
239	160	114	65
239	161	110	47
239	161	111	35
239	161	112	30
239	161	113	34
239	161	114	46
239	162	110	36
239	162	111	24
239	162	112	20
239	162	113	23
239	162	114	35
239	163	110	33
239	163	111	21
239	163	112	17
239	163	113	20
239	163	114	32
239	164	110	38
239	164	111	26
239	164	112	22
239	164	113	25
239	164	114	37
239	165	50	25
239	165	51	18
239	165	52	19
239	165	53	28
239	165	54	45
239	165	55	70
239	165	56	103
239	165	57	114
239	165	58	113
239	165	59	120
239	166	50	14
239	166	51	7
239	166	52	8
239	166	53	17
239	166	54	34
239	166	55	59
239	166	56	92
239	166	57	89
239	166	58	88
239	166	59	95
239	167	50	11
239	167	51	4
239	167	52	5
239	167	53	14
239	167	54	31
239	167	55	56
239	167	56	80
239	167	57	72
239	167	58	71
239	167	59	78
239	168	50	16
239	168	51	9
239	168	52	10
239	168	53	19
239	168	54	36
239	168	55	61
239	168	56	72
239	168	57	63
239	168	58	62
239	168	59	69
239	169	50	29
239	169	51	22
239	169	52	23
239	169	53	32
239	169	54	49
239	169	55	65
239	169	56	71
239	169	57	62
239	169	58	61
239	169	59	68
240	150	40	104
240	150	41	104
240	150	42	113
240	150	43	130
240	150	44	154
240	151	40	70
240	151	41	70
240	151	42	79
240	151	43	96
240	151	44	120
240	152	40	44
240	152	41	44
240	152	42	53
240	152	43	70
240	152	44	90
240	153	40	26
240	153	41	26
240	153	42	35
240	153	43	52
240	153	44	60
240	154	40	16
240	154	41	16
240	154	42	25
240	154	43	36
240	154	44	37
240	155	40	14
240	155	41	14
240	155	42	23
240	155	43	21
240	155	44	23
240	155	45	15
240	155	46	8
240	155	47	8
240	155	48	16
240	155	49	24
240	155	55	49
240	155	56	49
240	155	57	56
240	155	58	33
240	155	59	18
240	155	60	11
240	155	61	12
240	155	62	21
240	155	63	33
240	155	64	49
240	156	40	20
240	156	41	20
240	156	42	21
240	156	43	14
240	156	44	16
240	156	45	11
240	156	46	3
240	156	47	3
240	156	48	5
240	156	49	11
240	156	55	51
240	156	56	51
240	156	57	48
240	156	58	25
240	156	59	10
240	156	60	3
240	156	61	4
240	156	62	11
240	156	63	20
240	156	64	37
240	157	40	34
240	157	41	34
240	157	42	22
240	157	43	16
240	157	44	18
240	157	45	9
240	157	46	3
240	157	47	3
240	157	48	1
240	157	49	6
240	157	55	61
240	157	56	60
240	157	57	47
240	157	58	24
240	157	59	9
240	157	60	2
240	157	61	3
240	157	62	6
240	157	63	15
240	157	64	32
240	158	40	56
240	158	41	46
240	158	42	32
240	158	43	25
240	158	44	26
240	158	45	12
240	158	46	5
240	158	47	4
240	158	48	0
240	158	49	4
240	158	55	79
240	158	56	78
240	158	57	55
240	158	58	32
240	158	59	17
240	158	60	10
240	158	61	8
240	158	62	9
240	158	63	18
240	158	64	35
240	159	40	85
240	159	41	63
240	159	42	49
240	159	43	43
240	159	44	37
240	159	45	22
240	159	46	16
240	159	47	9
240	159	48	5
240	159	49	9
240	159	55	104
240	159	56	102
240	159	57	71
240	159	58	48
240	159	59	33
240	159	60	26
240	159	61	19
240	159	62	20
240	159	63	29
240	159	64	46
240	170	45	42
240	170	46	21
240	170	47	8
240	170	48	0
240	170	49	5
240	170	50	16
240	170	51	35
240	170	52	56
240	170	53	65
240	170	54	82
240	171	45	40
240	171	46	19
240	171	47	6
240	171	48	0
240	171	49	3
240	171	50	14
240	171	51	33
240	171	52	59
240	171	53	87
240	171	54	104
240	172	45	46
240	172	46	25
240	172	47	12
240	172	48	6
240	172	49	9
240	172	50	20
240	172	51	39
240	172	52	51
240	172	53	61
240	172	54	78
240	173	45	60
240	173	46	39
240	173	47	26
240	173	48	20
240	173	49	23
240	173	50	34
240	173	51	32
240	173	52	33
240	173	53	42
240	173	54	59
240	174	45	82
240	174	46	61
240	174	47	47
240	174	48	42
240	174	49	43
240	174	50	28
240	174	51	21
240	174	52	22
240	174	53	31
240	174	54	48
241	150	40	93
241	150	41	94
241	150	42	102
241	150	43	119
241	150	44	144
241	151	40	59
241	151	41	60
241	151	42	68
241	151	43	85
241	151	44	110
241	152	40	33
241	152	41	34
241	152	42	42
241	152	43	59
241	152	44	79
241	153	40	15
241	153	41	16
241	153	42	24
241	153	43	41
241	153	44	49
241	154	40	0
241	154	41	6
241	154	42	14
241	154	43	24
241	154	44	26
241	155	40	3
241	155	41	4
241	155	42	12
241	155	43	10
241	155	44	12
241	155	45	22
241	155	46	18
241	155	47	18
241	155	48	26
241	155	49	31
241	155	55	25
241	155	56	25
241	155	57	33
241	155	58	42
241	155	59	27
241	155	60	20
241	155	61	21
241	155	62	19
241	155	63	23
241	155	64	34
241	156	40	9
241	156	41	10
241	156	42	9
241	156	43	0
241	156	44	5
241	156	45	15
241	156	46	13
241	156	47	13
241	156	48	13
241	156	49	19
241	156	55	27
241	156	56	27
241	156	57	34
241	156	58	33
241	156	59	18
241	156	60	11
241	156	61	12
241	156	62	9
241	156	63	12
241	156	64	24
241	157	40	23
241	157	41	24
241	157	42	11
241	157	43	5
241	157	44	7
241	157	45	17
241	157	46	13
241	157	47	10
241	157	48	8
241	157	49	14
241	157	55	37
241	157	56	37
241	157	57	44
241	157	58	33
241	157	59	18
241	157	60	11
241	157	61	11
241	157	62	6
241	157	63	10
241	157	64	22
241	158	40	45
241	158	41	35
241	158	42	20
241	158	43	14
241	158	44	16
241	158	45	22
241	158	46	16
241	158	47	12
241	158	48	8
241	158	49	12
241	158	55	55
241	158	56	55
241	158	57	62
241	158	58	41
241	158	59	26
241	158	60	19
241	158	61	17
241	158	62	12
241	158	63	16
241	158	64	27
241	159	40	74
241	159	41	52
241	159	42	38
241	159	43	32
241	159	44	34
241	159	45	33
241	159	46	26
241	159	47	16
241	159	48	13
241	159	49	17
241	159	55	81
241	159	56	80
241	159	57	79
241	159	58	56
241	159	59	41
241	159	60	34
241	159	61	30
241	159	62	26
241	159	63	29
241	159	64	41
241	170	45	43
241	170	46	22
241	170	47	9
241	170	48	4
241	170	49	6
241	170	50	17
241	170	51	36
241	170	52	63
241	170	53	85
241	170	54	102
241	171	45	41
241	171	46	20
241	171	47	7
241	171	48	2
241	171	49	4
241	171	50	15
241	171	51	34
241	171	52	61
241	171	53	74
241	171	54	91
241	172	45	47
241	172	46	26
241	172	47	13
241	172	48	8
241	172	49	10
241	172	50	21
241	172	51	37
241	172	52	38
241	172	53	48
241	172	54	65
241	173	45	61
241	173	46	40
241	173	47	27
241	173	48	22
241	173	49	24
241	173	50	25
241	173	51	19
241	173	52	20
241	173	53	29
241	173	54	46
241	174	45	83
241	174	46	62
241	174	47	49
241	174	48	44
241	174	49	30
241	174	50	15
241	174	51	8
241	174	52	9
241	174	53	18
241	174	54	35
242	150	40	91
242	150	41	91
242	150	42	100
242	150	43	116
242	150	44	141
242	151	40	57
242	151	41	57
242	151	42	66
242	151	43	82
242	151	44	107
242	152	40	31
242	152	41	31
242	152	42	40
242	152	43	56
242	152	44	76
242	153	40	13
242	153	41	13
242	153	42	22
242	153	43	38
242	153	44	46
242	154	40	3
242	154	41	3
242	154	42	12
242	154	43	21
242	154	44	23
242	155	40	1
242	155	41	1
242	155	42	10
242	155	43	7
242	155	44	9
242	155	45	19
242	155	46	36
242	155	47	36
242	155	48	41
242	155	49	47
242	155	55	10
242	155	56	9
242	155	57	17
242	155	58	29
242	155	59	43
242	155	60	30
242	155	61	17
242	155	62	13
242	155	63	16
242	155	64	28
242	156	40	7
242	156	41	7
242	156	42	6
242	156	43	0
242	156	44	2
242	156	45	12
242	156	46	30
242	156	47	27
242	156	48	28
242	156	49	34
242	156	55	11
242	156	56	11
242	156	57	19
242	156	58	31
242	156	59	35
242	156	60	19
242	156	61	7
242	156	62	0
242	156	63	6
242	156	64	18
242	157	40	21
242	157	41	21
242	157	42	8
242	157	43	2
242	157	44	4
242	157	45	14
242	157	46	18
242	157	47	14
242	157	48	18
242	157	49	29
242	157	55	21
242	157	56	21
242	157	57	29
242	157	58	40
242	157	59	35
242	157	60	17
242	157	61	4
242	157	62	0
242	157	63	4
242	157	64	15
242	158	40	43
242	158	41	31
242	158	42	17
242	158	43	11
242	158	44	13
242	158	45	23
242	158	46	12
242	158	47	8
242	158	48	12
242	158	49	24
242	158	55	39
242	158	56	39
242	158	57	46
242	158	58	57
242	158	59	42
242	158	60	23
242	158	61	10
242	158	62	6
242	158	63	9
242	158	64	21
242	159	40	71
242	159	41	49
242	159	42	35
242	159	43	29
242	159	44	31
242	159	45	26
242	159	46	14
242	159	47	10
242	159	48	14
242	159	49	26
242	159	55	65
242	159	56	65
242	159	57	72
242	159	58	73
242	159	59	57
242	159	60	36
242	159	61	24
242	159	62	19
242	159	63	23
242	159	64	34
242	170	45	53
242	170	46	31
242	170	47	18
242	170	48	13
242	170	49	16
242	170	50	26
242	170	51	45
242	170	52	72
242	170	53	104
242	170	54	121
242	171	45	51
242	171	46	29
242	171	47	16
242	171	48	11
242	171	49	14
242	171	50	24
242	171	51	43
242	171	52	60
242	171	53	69
242	171	54	86
242	172	45	57
242	172	46	35
242	172	47	22
242	172	48	17
242	172	49	20
242	172	50	30
242	172	51	32
242	172	52	33
242	172	53	42
242	172	54	60
242	173	45	71
242	173	46	49
242	173	47	36
242	173	48	31
242	173	49	34
242	173	50	20
242	173	51	13
242	173	52	15
242	173	53	24
242	173	54	41
242	174	45	93
242	174	46	71
242	174	47	58
242	174	48	47
242	174	49	25
242	174	50	10
242	174	51	0
242	174	52	4
242	174	53	13
242	174	54	30
243	150	40	96
243	150	41	97
243	150	42	105
243	150	43	122
243	150	44	146
243	151	40	62
243	151	41	63
243	151	42	71
243	151	43	88
243	151	44	112
243	152	40	36
243	152	41	37
243	152	42	45
243	152	43	62
243	152	44	81
243	153	40	18
243	153	41	19
243	153	42	27
243	153	43	44
243	153	44	51
243	154	40	8
243	154	41	9
243	154	42	17
243	154	43	26
243	154	44	28
243	155	40	6
243	155	41	7
243	155	42	15
243	155	43	12
243	155	44	13
243	155	45	23
243	155	46	41
243	155	47	42
243	155	48	46
243	155	49	58
243	155	55	0
243	155	56	0
243	155	57	6
243	155	58	17
243	155	59	36
243	155	60	31
243	155	61	19
243	155	62	14
243	155	63	18
243	155	64	29
243	156	40	12
243	156	41	13
243	156	42	11
243	156	43	5
243	156	44	7
243	156	45	17
243	156	46	24
243	156	47	20
243	156	48	24
243	156	49	36
243	156	55	4
243	156	56	3
243	156	57	8
243	156	58	19
243	156	59	38
243	156	60	21
243	156	61	8
243	156	62	4
243	156	63	8
243	156	64	19
243	157	40	26
243	157	41	27
243	157	42	13
243	157	43	7
243	157	44	8
243	157	45	18
243	157	46	10
243	157	47	6
243	157	48	10
243	157	49	22
243	157	55	14
243	157	56	13
243	157	57	18
243	157	58	29
243	157	59	39
243	157	60	19
243	157	61	6
243	157	62	2
243	157	63	5
243	157	64	17
243	158	40	48
243	158	41	36
243	158	42	22
243	158	43	16
243	158	44	18
243	158	45	16
243	158	46	4
243	158	47	0
243	158	48	4
243	158	49	16
243	158	55	31
243	158	56	31
243	158	57	35
243	158	58	46
243	158	59	45
243	158	60	24
243	158	61	12
243	158	62	7
243	158	63	11
243	158	64	22
243	159	40	76
243	159	41	54
243	159	42	40
243	159	43	34
243	159	44	35
243	159	45	19
243	159	46	7
243	159	47	3
243	159	48	7
243	159	49	19
243	159	55	57
243	159	56	57
243	159	57	61
243	159	58	72
243	159	59	58
243	159	60	38
243	159	61	25
243	159	62	21
243	159	63	24
243	159	64	36
243	170	45	70
243	170	46	49
243	170	47	36
243	170	48	30
243	170	49	33
243	170	50	44
243	170	51	63
243	170	52	89
243	170	53	107
243	170	54	124
243	171	45	68
243	171	46	47
243	171	47	34
243	171	48	28
243	171	49	31
243	171	50	42
243	171	51	61
243	171	52	63
243	171	53	72
243	171	54	89
243	172	45	74
243	172	46	53
243	172	47	40
243	172	48	34
243	172	49	37
243	172	50	42
243	172	51	35
243	172	52	36
243	172	53	45
243	172	54	62
243	173	45	88
243	173	46	67
243	173	47	53
243	173	48	48
243	173	49	38
243	173	50	23
243	173	51	16
243	173	52	18
243	173	53	27
243	173	54	44
243	174	45	110
243	174	46	89
243	174	47	75
243	174	48	50
243	174	49	27
243	174	50	13
243	174	51	6
243	174	52	7
243	174	53	16
243	174	54	33
244	150	40	109
244	150	41	110
244	150	42	119
244	150	43	135
244	150	44	160
244	151	40	75
244	151	41	76
244	151	42	85
244	151	43	101
244	151	44	126
244	152	40	49
244	152	41	50
244	152	42	59
244	152	43	75
244	152	44	94
244	153	40	31
244	153	41	32
244	153	42	41
244	153	43	57
244	153	44	63
244	154	40	21
244	154	41	22
244	154	42	31
244	154	43	39
244	154	44	41
244	155	40	19
244	155	41	20
244	155	42	29
244	155	43	24
244	155	44	26
244	155	45	36
244	155	46	46
244	155	47	42
244	155	48	46
244	155	49	58
244	155	55	2
244	155	56	0
244	155	57	3
244	155	58	14
244	155	59	33
244	155	60	41
244	155	61	28
244	155	62	24
244	155	63	28
244	155	64	39
244	156	40	25
244	156	41	26
244	156	42	24
244	156	43	18
244	156	44	20
244	156	45	30
244	156	46	24
244	156	47	20
244	156	48	24
244	156	49	36
244	156	55	4
244	156	56	2
244	156	57	5
244	156	58	16
244	156	59	35
244	156	60	30
244	156	61	18
244	156	62	14
244	156	63	17
244	156	64	29
244	157	40	39
244	157	41	40
244	157	42	26
244	157	43	19
244	157	44	21
244	157	45	23
244	157	46	11
244	157	47	7
244	157	48	11
244	157	49	23
244	157	55	14
244	157	56	11
244	157	57	14
244	157	58	25
244	157	59	44
244	157	60	28
244	157	61	16
244	157	62	11
244	157	63	15
244	157	64	26
244	158	40	61
244	158	41	49
244	158	42	35
244	158	43	29
244	158	44	31
244	158	45	17
244	158	46	5
244	158	47	1
244	158	48	5
244	158	49	17
244	158	55	32
244	158	56	29
244	158	57	32
244	158	58	43
244	158	59	54
244	158	60	34
244	158	61	21
244	158	62	17
244	158	63	20
244	158	64	32
244	159	40	89
244	159	41	67
244	159	42	52
244	159	43	46
244	159	44	39
244	159	45	19
244	159	46	7
244	159	47	3
244	159	48	7
244	159	49	19
244	159	55	58
244	159	56	54
244	159	57	57
244	159	58	68
244	159	59	68
244	159	60	47
244	159	61	35
244	159	62	30
244	159	63	34
244	159	64	45
244	170	45	95
244	170	46	74
244	170	47	61
244	170	48	56
244	170	49	58
244	170	50	69
244	170	51	88
244	170	52	108
244	170	53	118
244	170	54	135
244	171	45	93
244	171	46	72
244	171	47	59
244	171	48	54
244	171	49	56
244	171	50	67
244	171	51	73
244	171	52	74
244	171	53	83
244	171	54	100
244	172	45	99
244	172	46	78
244	172	47	65
244	172	48	60
244	172	49	62
244	172	50	53
244	172	51	46
244	172	52	47
244	172	53	56
244	172	54	73
244	173	45	113
244	173	46	92
244	173	47	79
244	173	48	72
244	173	49	49
244	173	50	34
244	173	51	27
244	173	52	28
244	173	53	38
244	173	54	55
244	174	45	135
244	174	46	114
244	174	47	92
244	174	48	61
244	174	49	38
244	174	50	23
244	174	51	17
244	174	52	18
244	174	53	27
244	174	54	44
245	155	55	9
245	155	56	4
245	155	57	7
245	155	58	18
245	155	59	37
245	155	60	58
245	155	61	46
245	155	62	42
245	155	63	45
245	155	64	57
245	156	55	11
245	156	56	6
245	156	57	9
245	156	58	20
245	156	59	39
245	156	60	48
245	156	61	36
245	156	62	31
245	156	63	35
245	156	64	46
245	157	55	21
245	157	56	16
245	157	57	19
245	157	58	30
245	157	59	49
245	157	60	46
245	157	61	33
245	157	62	29
245	157	63	32
245	157	64	44
245	158	55	38
245	158	56	33
245	158	57	36
245	158	58	47
245	158	59	66
245	158	60	51
245	158	61	39
245	158	62	34
245	158	63	38
245	158	64	49
245	159	55	64
245	159	56	59
245	159	57	62
245	159	58	73
245	159	59	85
245	159	60	65
245	159	61	52
245	159	62	48
245	159	63	51
245	159	64	63
246	155	55	22
246	155	56	17
246	155	57	20
246	155	58	31
246	155	59	44
246	155	60	47
246	155	61	39
246	155	62	40
246	155	63	48
246	155	64	65
246	156	55	23
246	156	56	18
246	156	57	21
246	156	58	33
246	156	59	44
246	156	60	38
246	156	61	30
246	156	62	31
246	156	63	39
246	156	64	56
246	157	55	33
246	157	56	28
246	157	57	31
246	157	58	42
246	157	59	52
246	157	60	37
246	157	61	29
246	157	62	30
246	157	63	38
246	157	64	55
246	158	55	51
246	158	56	46
246	158	57	49
246	158	58	60
246	158	59	59
246	158	60	44
246	158	61	36
246	158	62	37
246	158	63	45
246	158	64	62
246	159	55	76
246	159	56	71
246	159	57	74
246	159	58	83
246	159	59	74
246	159	60	59
246	159	61	51
246	159	62	52
246	159	63	60
246	159	64	77
247	155	55	32
247	155	56	23
247	155	57	16
247	155	58	16
247	155	59	24
247	155	60	30
247	155	61	22
247	155	62	22
247	155	63	31
247	155	64	47
247	156	55	28
247	156	56	19
247	156	57	16
247	156	58	16
247	156	59	25
247	156	60	20
247	156	61	13
247	156	62	13
247	156	63	22
247	156	64	38
247	157	55	32
247	157	56	23
247	157	57	22
247	157	58	24
247	157	59	33
247	157	60	19
247	157	61	12
247	157	62	12
247	157	63	21
247	157	64	37
247	158	55	45
247	158	56	36
247	158	57	35
247	158	58	41
247	158	59	42
247	158	60	26
247	158	61	19
247	158	62	19
247	158	63	28
247	158	64	44
247	159	55	65
247	159	56	56
247	159	57	55
247	159	58	62
247	159	59	57
247	159	60	41
247	159	61	34
247	159	62	34
247	159	63	43
247	159	64	59
248	155	55	19
248	155	56	10
248	155	57	0
248	155	58	5
248	155	59	13
248	155	60	20
248	155	61	13
248	155	62	13
248	155	63	22
248	155	64	38
248	156	55	15
248	156	56	6
248	156	57	5
248	156	58	5
248	156	59	14
248	156	60	11
248	156	61	0
248	156	62	4
248	156	63	13
248	156	64	29
248	157	55	19
248	157	56	10
248	157	57	9
248	157	58	13
248	157	59	22
248	157	60	10
248	157	61	3
248	157	62	3
248	157	63	12
248	157	64	28
248	158	55	32
248	158	56	23
248	158	57	22
248	158	58	29
248	158	59	33
248	158	60	17
248	158	61	10
248	158	62	10
248	158	63	18
248	158	64	35
248	159	55	52
248	159	56	43
248	159	57	42
248	159	58	49
248	159	59	48
248	159	60	32
248	159	61	24
248	159	62	25
248	159	63	33
248	159	64	50
249	155	55	14
249	155	56	0
249	155	57	1
249	155	58	2
249	155	59	10
249	155	60	19
249	155	61	11
249	155	62	12
249	155	63	20
249	155	64	37
249	156	55	10
249	156	56	1
249	156	57	0
249	156	58	2
249	156	59	10
249	156	60	10
249	156	61	2
249	156	62	3
249	156	63	11
249	156	64	28
249	157	55	14
249	157	56	5
249	157	57	4
249	157	58	10
249	157	59	19
249	157	60	9
249	157	61	1
249	157	62	2
249	157	63	10
249	157	64	27
249	158	55	27
249	158	56	18
249	158	57	17
249	158	58	24
249	158	59	31
249	158	60	16
249	158	61	8
249	158	62	9
249	158	63	17
249	158	64	34
249	159	55	47
249	159	56	38
249	159	57	37
249	159	58	44
249	159	59	46
249	159	60	31
249	159	61	23
249	159	62	24
249	159	63	32
249	159	64	49
