0	[GPS]	0	31.29273937	121.2021263	0	0	0	0	0	
0	[GPS]	0	31.29276351	121.2021558	0	0	0	0	0	
0	[GPS]	0	31.29271657	121.2022068	0	0	0	0	0	
0	[GPS]	0	31.29269243	121.2021746	0	0	0	0	0	
0	[GPS]	0	31.29264013	121.2020324	0	0	0	0	0	
0	[GPS]	0	31.29272328	121.2021156	0	0	0	0	0	
0	[GPS]	0	31.29268304	121.2021719	0	0	0	0	0	
0	[GPS]	0	31.2925999	121.2020888	0	0	0	0	0	
0	[GPS]	0	31.29188777	121.2025635	0	0	0	0	0	
0	[GPS]	0	31.29185692	121.2026198	0	0	0	0	0	
0	[GPS]	0	31.29177378	121.2025555	0	0	0	0	0	
0	[GPS]	0	31.29180462	121.2024991	0	0	0	0	0	
0	[GPS]	0	31.29206077	121.2014745	0	0	0	0	0	
0	[GPS]	0	31.29211173	121.2015443	0	0	0	0	0	
0	[GPS]	0	31.29209162	121.2015657	0	0	0	0	0	
0	[GPS]	0	31.29211844	121.2016033	0	0	0	0	0	
0	[GPS]	0	31.29203127	121.2016918	0	0	0	0	0	
0	[GPS]	0	31.29196555	121.2016033	0	0	0	0	0	
0	[GPS]	0	31.29202993	121.2015362	0	0	0	0	0	
0	[GPS]	0	31.29201786	121.2015201	0	0	0	0	0	
0	[GPS]	0	31.29254357	121.205243	0	0	0	0	0	
0	[GPS]	0	31.29243092	121.2050901	0	0	0	0	0	
0	[GPS]	0	31.29248724	121.2050285	0	0	0	0	0	
0	[GPS]	0	31.29200847	121.2043981	0	0	0	0	0	
0	[GPS]	0	31.29124002	121.2051465	0	0	0	0	0	
0	[GPS]	0	31.29150824	121.2055113	0	0	0	0	0	
0	[GPS]	0	31.29164369	121.2053771	0	0	0	0	0	
0	[GPS]	0	31.29165978	121.2053986	0	0	0	0	0	
0	[GPS]	0	31.29186363	121.2052001	0	0	0	0	0	
0	[GPS]	0	31.2921694	121.2056185	0	0	0	0	0	
0	[GPS]	0	31.29273937	121.2046288	0	0	0	0	0	
0	[GPS]	0	31.29283191	121.2046261	0	0	0	0	0	
0	[GPS]	0	31.29283325	121.2047254	0	0	0	0	0	
0	[GPS]	0	31.29274071	121.204728	0	0	0	0	0	
0	[GPS]	0	31.29223377	121.2038992	0	0	0	0	0	
0	[GPS]	0	31.29235984	121.2040655	0	0	0	0	0	
0	[GPS]	0	31.29229278	121.2041353	0	0	0	0	0	
0	[GPS]	0	31.29216672	121.2039663	0	0	0	0	0	
0	[GPS]	0	31.29217879	121.2059189	0	0	0	0	0	
0	[GPS]	0	31.29217343	121.206096	0	0	0	0	0	
0	[GPS]	0	31.29223646	121.2060987	0	0	0	0	0	
0	[GPS]	0	31.2922217	121.2065305	0	0	0	0	0	
0	[GPS]	0	31.2923585	121.2065359	0	0	0	0	0	
0	[GPS]	0	31.29235582	121.2066136	0	0	0	0	0	
0	[GPS]	0	31.29275949	121.2066324	0	0	0	0	0	
0	[GPS]	0	31.29274876	121.2069704	0	0	0	0	0	
0	[GPS]	0	31.29233838	121.2069543	0	0	0	0	0	
0	[GPS]	0	31.2923357	121.2070616	0	0	0	0	0	
0	[GPS]	0	31.29246042	121.2070669	0	0	0	0	0	
0	[GPS]	0	31.29245908	121.2070803	0	0	0	0	0	
0	[GPS]	0	31.29262404	121.2070884	0	0	0	0	0	
0	[GPS]	0	31.29261063	121.2074907	0	0	0	0	0	
0	[GPS]	0	31.29213722	121.2074693	0	0	0	0	0	
0	[GPS]	0	31.29213587	121.2074961	0	0	0	0	0	
0	[GPS]	0	31.29191325	121.2074854	0	0	0	0	0	
0	[GPS]	0	31.29191325	121.2074585	0	0	0	0	0	
0	[GPS]	0	31.29178987	121.2074532	0	0	0	0	0	
0	[GPS]	0	31.29180328	121.2070535	0	0	0	0	0	
0	[GPS]	0	31.291928	121.2070589	0	0	0	0	0	
0	[GPS]	0	31.29193069	121.206957	0	0	0	0	0	
0	[GPS]	0	31.29170538	121.2069462	0	0	0	0	0	
0	[GPS]	0	31.29171745	121.2065815	0	0	0	0	0	
0	[GPS]	0	31.29194544	121.2065922	0	0	0	0	0	
0	[GPS]	0	31.29196689	121.2059082	0	0	0	0	0	
0	[GPS]	0	31.29244299	121.2086736	0	0	0	0	0	
0	[GPS]	0	31.29246713	121.2080272	0	0	0	0	0	
0	[GPS]	0	31.29224316	121.2080164	0	0	0	0	0	
0	[GPS]	0	31.29224048	121.2080781	0	0	0	0	0	
0	[GPS]	0	31.29154311	121.2080433	0	0	0	0	0	
0	[GPS]	0	31.29152165	121.2086253	0	0	0	0	0	
0	[GPS]	0	31.29212783	121.209674	0	0	0	0	0	
0	[GPS]	0	31.29223243	121.2098055	0	0	0	0	0	
0	[GPS]	0	31.29236654	121.2098913	0	0	0	0	0	
0	[GPS]	0	31.29251809	121.2099235	0	0	0	0	0	
0	[GPS]	0	31.29266963	121.2098967	0	0	0	0	0	
0	[GPS]	0	31.29280643	121.2098162	0	0	0	0	0	
0	[GPS]	0	31.29291506	121.2096901	0	0	0	0	0	
0	[GPS]	0	31.29298345	121.2095292	0	0	0	0	0	
0	[GPS]	0	31.29300491	121.2093522	0	0	0	0	0	
0	[GPS]	0	31.29297809	121.2091751	0	0	0	0	0	
0	[GPS]	0	31.29289896	121.2090089	0	0	0	0	0	
0	[GPS]	0	31.29277826	121.2088828	0	0	0	0	0	
0	[GPS]	0	31.29262806	121.2088131	0	0	0	0	0	
0	[GPS]	0	31.29246579	121.208805	0	0	0	0	0	
0	[GPS]	0	31.29231022	121.2088586	0	0	0	0	0	
0	[GPS]	0	31.29218013	121.2089713	0	0	0	0	0	
0	[GPS]	0	31.29208894	121.2091296	0	0	0	0	0	
0	[GPS]	0	31.29204736	121.2093119	0	0	0	0	0	
0	[GPS]	0	31.29206077	121.2095024	0	0	0	0	0	
0	[GPS]	0	31.29129902	121.2029927	0	0	0	0	0	
0	[GPS]	0	31.29073442	121.2022229	0	0	0	0	0	
0	[GPS]	0	31.29055874	121.2023999	0	0	0	0	0	
0	[GPS]	0	31.29112334	121.2031697	0	0	0	0	0	
0	[GPS]	0	31.291468	121.2019761	0	0	0	0	0	
0	[GPS]	0	31.29151092	121.2020137	0	0	0	0	0	
0	[GPS]	0	31.2914385	121.202129	0	0	0	0	0	
0	[GPS]	0	31.29139424	121.2020914	0	0	0	0	0	
0	[GPS]	0	31.29162491	121.2026225	0	0	0	0	0	
0	[GPS]	0	31.29166381	121.2026547	0	0	0	0	0	
0	[GPS]	0	31.29162223	121.2027244	0	0	0	0	0	
0	[GPS]	0	31.29158334	121.2026922	0	0	0	0	0	
0	[GPS]	0	31.29146398	121.2022953	0	0	0	0	0	
0	[GPS]	0	31.29154042	121.2023972	0	0	0	0	0	
0	[GPS]	0	31.29151226	121.2024267	0	0	0	0	0	
0	[GPS]	0	31.29143582	121.2023248	0	0	0	0	0	
0	[GPS]	0	31.29101069	121.20185	0	0	0	0	0	
0	[GPS]	0	31.29109249	121.2019707	0	0	0	0	0	
0	[GPS]	0	31.29095704	121.2020968	0	0	0	0	0	
0	[GPS]	0	31.29087524	121.2019761	0	0	0	0	0	
0	[GPS]	0	31.29093559	121.2054871	0	0	0	0	0	
0	[GPS]	0	31.29082427	121.2057017	0	0	0	0	0	
0	[GPS]	0	31.29092352	121.2057741	0	0	0	0	0	
0	[GPS]	0	31.29089535	121.2058278	0	0	0	0	0	
0	[GPS]	0	31.29078941	121.2057526	0	0	0	0	0	
0	[GPS]	0	31.29067541	121.2059726	0	0	0	0	0	
0	[GPS]	0	31.29078672	121.2060504	0	0	0	0	0	
0	[GPS]	0	31.29075856	121.206104	0	0	0	0	0	
0	[GPS]	0	31.29064859	121.2060262	0	0	0	0	0	
0	[GPS]	0	31.2905346	121.2062462	0	0	0	0	0	
0	[GPS]	0	31.29066871	121.2063401	0	0	0	0	0	
0	[GPS]	0	31.2907143	121.2062515	0	0	0	0	0	
0	[GPS]	0	31.29087926	121.2063696	0	0	0	0	0	
0	[GPS]	0	31.29081757	121.2064903	0	0	0	0	0	
0	[GPS]	0	31.29123733	121.2067853	0	0	0	0	0	
0	[GPS]	0	31.29126952	121.2061416	0	0	0	0	0	
0	[GPS]	0	31.2909262	121.2059002	0	0	0	0	0	
0	[GPS]	0	31.2910308	121.205699	0	0	0	0	0	
0	[GPS]	0	31.2912883	121.2058814	0	0	0	0	0	
0	[GPS]	0	31.29134328	121.2057741	0	0	0	0	0	
0	[GPS]	0	31.28994987	121.2092529	0	0	0	0	0	
0	[GPS]	0	31.29051582	121.2097223	0	0	0	0	0	
0	[GPS]	0	31.29119844	121.2097679	0	0	0	0	0	
0	[GPS]	0	31.29121856	121.2093817	0	0	0	0	0	
0	[GPS]	0	31.29109249	121.2093736	0	0	0	0	0	
0	[GPS]	0	31.29110456	121.209143	0	0	0	0	0	
0	[GPS]	0	31.29116894	121.2091483	0	0	0	0	0	
0	[GPS]	0	31.29117967	121.2089364	0	0	0	0	0	
0	[GPS]	0	31.29057081	121.2088935	0	0	0	0	0	
0	[GPS]	0	31.29030124	121.2086655	0	0	0	0	0	
0	[GPS]	0	31.29011751	121.2089659	0	0	0	0	0	
0	[GPS]	0	31.29026906	121.2090893	0	0	0	0	0	
0	[GPS]	0	31.29031063	121.2090223	0	0	0	0	0	
0	[GPS]	0	31.29043669	121.2091242	0	0	0	0	0	
0	[GPS]	0	31.29042194	121.2094756	0	0	0	0	0	
0	[GPS]	0	31.29001559	121.209143	0	0	0	0	0	
0	[GPS]	0	31.29166381	121.2098377	0	0	0	0	0	
0	[GPS]	0	31.29166917	121.2097143	0	0	0	0	0	
0	[GPS]	0	31.2916343	121.2097116	0	0	0	0	0	
0	[GPS]	0	31.29163967	121.2095077	0	0	0	0	0	
0	[GPS]	0	31.29162894	121.2094219	0	0	0	0	0	
0	[GPS]	0	31.29160346	121.2093227	0	0	0	0	0	
0	[GPS]	0	31.29158066	121.2092503	0	0	0	0	0	
0	[GPS]	0	31.29153908	121.2091832	0	0	0	0	0	
0	[GPS]	0	31.29150824	121.2091135	0	0	0	0	0	
0	[GPS]	0	31.29150019	121.2090303	0	0	0	0	0	
0	[GPS]	0	31.29151494	121.2089498	0	0	0	0	0	
0	[GPS]	0	31.29154445	121.2088882	0	0	0	0	0	
0	[GPS]	0	31.29157529	121.2088667	0	0	0	0	0	
0	[GPS]	0	31.29160882	121.2088613	0	0	0	0	0	
0	[GPS]	0	31.29164503	121.2088828	0	0	0	0	0	
0	[GPS]	0	31.29167856	121.2089579	0	0	0	0	0	
0	[GPS]	0	31.29178048	121.2089606	0	0	0	0	0	
0	[GPS]	0	31.29177914	121.2090115	0	0	0	0	0	
0	[GPS]	0	31.29186095	121.2090142	0	0	0	0	0	
0	[GPS]	0	31.29186095	121.2090518	0	0	0	0	0	
0	[GPS]	0	31.29193337	121.2090544	0	0	0	0	0	
0	[GPS]	0	31.29192264	121.2093951	0	0	0	0	0	
0	[GPS]	0	31.29184754	121.2093951	0	0	0	0	0	
0	[GPS]	0	31.2918301	121.2098859	0	0	0	0	0	
0	[GPS]	0	31.29170672	121.2098806	0	0	0	0	0	
0	[GPS]	0	31.29170806	121.2098377	0	0	0	0	0	
0	[GPS]	0	31.29115553	121.2072869	0	0	0	0	0	
0	[GPS]	0	31.29115821	121.207547	0	0	0	0	0	
0	[GPS]	0	31.291122	121.207547	0	0	0	0	0	
0	[GPS]	0	31.29112602	121.2082873	0	0	0	0	0	
0	[GPS]	0	31.29099728	121.2082873	0	0	0	0	0	
0	[GPS]	0	31.29099459	121.2076436	0	0	0	0	0	
0	[GPS]	0	31.29082025	121.2076436	0	0	0	0	0	
0	[GPS]	0	31.29082293	121.2080862	0	0	0	0	0	
0	[GPS]	0	31.29052118	121.2080889	0	0	0	0	0	
0	[GPS]	0	31.29047559	121.2080513	0	0	0	0	0	
0	[GPS]	0	31.2904662	121.2069731	0	0	0	0	0	
0	[GPS]	0	31.29081086	121.2069677	0	0	0	0	0	
0	[GPS]	0	31.29081623	121.2075792	0	0	0	0	0	
0	[GPS]	0	31.29098789	121.2075766	0	0	0	0	0	
0	[GPS]	0	31.29098521	121.2072896	0	0	0	0	0	
0	[GPS]	0	31.29023821	121.2090652	0	0	0	0	0	
0	[GPS]	0	31.29013092	121.2092368	0	0	0	0	0	
0	[GPS]	0	31.29003839	121.2091617	0	0	0	0	0	
0	[GPS]	0	31.29014433	121.2089874	0	0	0	0	0	
0	[GPS]	0	31.28977955	121.2086789	0	0	0	0	0	
0	[GPS]	0	31.29003705	121.2082471	0	0	0	0	0	
0	[GPS]	0	31.28983052	121.2080781	0	0	0	0	0	
0	[GPS]	0	31.28985063	121.2080459	0	0	0	0	0	
0	[GPS]	0	31.28943489	121.2077053	0	0	0	0	0	
0	[GPS]	0	31.28932894	121.2078823	0	0	0	0	0	
0	[GPS]	0	31.28928469	121.2078475	0	0	0	0	0	
0	[GPS]	0	31.28894136	121.2084241	0	0	0	0	0	
0	[GPS]	0	31.28907011	121.2085314	0	0	0	0	0	
0	[GPS]	0	31.28912509	121.2084375	0	0	0	0	0	
0	[GPS]	0	31.28928603	121.208569	0	0	0	0	0	
0	[GPS]	0	31.28923238	121.2086602	0	0	0	0	0	
0	[GPS]	0	31.28936381	121.2087675	0	0	0	0	0	
0	[GPS]	0	31.28942148	121.2086709	0	0	0	0	0	
0	[GPS]	0	31.28945501	121.2086977	0	0	0	0	0	
0	[GPS]	0	31.2897353	121.2082256	0	0	0	0	0	
0	[GPS]	0	31.28982917	121.2083034	0	0	0	0	0	
0	[GPS]	0	31.28966288	121.2085824	0	0	0	0	0	
0	[GPS]	0	31.28948987	121.2060879	0	0	0	0	0	
0	[GPS]	0	31.29010947	121.206501	0	0	0	0	0	
0	[GPS]	0	31.2901041	121.2067048	0	0	0	0	0	
0	[GPS]	0	31.28995121	121.2069865	0	0	0	0	0	
0	[GPS]	0	31.29011349	121.2071072	0	0	0	0	0	
0	[GPS]	0	31.2901041	121.207429	0	0	0	0	0	
0	[GPS]	0	31.2899767	121.2073486	0	0	0	0	0	
0	[GPS]	0	31.28998072	121.2072145	0	0	0	0	0	
0	[GPS]	0	31.28948049	121.2069033	0	0	0	0	0	
0	[GPS]	0	31.28948049	121.206678	0	0	0	0	0	
0	[GPS]	0	31.2895167	121.2067022	0	0	0	0	0	
0	[GPS]	0	31.28965751	121.2064152	0	0	0	0	0	
0	[GPS]	0	31.28948987	121.2063025	0	0	0	0	0	
0	[GPS]	0	31.29254357	121.213574	0	0	0	0	0	
0	[GPS]	0	31.2926978	121.2136169	0	0	0	0	0	
0	[GPS]	0	31.29262538	121.2139763	0	0	0	0	0	
0	[GPS]	0	31.29280777	121.2140273	0	0	0	0	0	
0	[GPS]	0	31.29291103	121.2135123	0	0	0	0	0	
0	[GPS]	0	31.29288823	121.2135069	0	0	0	0	0	
0	[GPS]	0	31.2928936	121.2134747	0	0	0	0	0	
0	[GPS]	0	31.29275681	121.2134372	0	0	0	0	0	
0	[GPS]	0	31.29272864	121.213574	0	0	0	0	0	
0	[GPS]	0	31.29255296	121.2135257	0	0	0	0	0	
0	[GPS]	0	31.29242287	121.2141641	0	0	0	0	0	
0	[GPS]	0	31.29226328	121.2141238	0	0	0	0	0	
0	[GPS]	0	31.29237191	121.2135337	0	0	0	0	0	
0	[GPS]	0	31.29220025	121.2134908	0	0	0	0	0	
0	[GPS]	0	31.29220963	121.2134372	0	0	0	0	0	
0	[GPS]	0	31.29237996	121.2134801	0	0	0	0	0	
0	[GPS]	0	31.29239203	121.2134184	0	0	0	0	0	
0	[GPS]	0	31.29255296	121.2134586	0	0	0	0	0	
0	[GPS]	0	31.29204066	121.2142928	0	0	0	0	0	
0	[GPS]	0	31.29187972	121.2142526	0	0	0	0	0	
0	[GPS]	0	31.29205809	121.2133165	0	0	0	0	0	
0	[GPS]	0	31.29221902	121.2133594	0	0	0	0	0	
0	[GPS]	0	31.29217343	121.2169965	0	0	0	0	0	
0	[GPS]	0	31.29220427	121.2169965	0	0	0	0	0	
0	[GPS]	0	31.29220427	121.2170179	0	0	0	0	0	
0	[GPS]	0	31.29225523	121.2170179	0	0	0	0	0	
0	[GPS]	0	31.29225523	121.2170823	0	0	0	0	0	
0	[GPS]	0	31.2922834	121.2170823	0	0	0	0	0	
0	[GPS]	0	31.2922834	121.2171762	0	0	0	0	0	
0	[GPS]	0	31.29225791	121.2171762	0	0	0	0	0	
0	[GPS]	0	31.29225791	121.2174095	0	0	0	0	0	
0	[GPS]	0	31.29221232	121.2174095	0	0	0	0	0	
0	[GPS]	0	31.29221232	121.217431	0	0	0	0	0	
0	[GPS]	0	31.29217477	121.217431	0	0	0	0	0	
0	[GPS]	0	31.29213587	121.2147085	0	0	0	0	0	
0	[GPS]	0	31.29198433	121.2155213	0	0	0	0	0	
0	[GPS]	0	31.29215599	121.2155642	0	0	0	0	0	
0	[GPS]	0	31.29230754	121.2147541	0	0	0	0	0	
0	[GPS]	0	31.29218415	121.2175839	0	0	0	0	0	
0	[GPS]	0	31.29224048	121.2175919	0	0	0	0	0	
0	[GPS]	0	31.29223109	121.217667	0	0	0	0	0	
0	[GPS]	0	31.29227401	121.2176724	0	0	0	0	0	
0	[GPS]	0	31.29222841	121.218072	0	0	0	0	0	
0	[GPS]	0	31.29218549	121.218064	0	0	0	0	0	
0	[GPS]	0	31.29218818	121.2180345	0	0	0	0	0	
0	[GPS]	0	31.29215063	121.2180291	0	0	0	0	0	
0	[GPS]	0	31.29216136	121.2179272	0	0	0	0	0	
0	[GPS]	0	31.29214526	121.2179245	0	0	0	0	0	
0	[GPS]	0	31.29070626	121.2129678	0	0	0	0	0	
0	[GPS]	0	31.29058019	121.2128981	0	0	0	0	0	
0	[GPS]	0	31.29020066	121.2138207	0	0	0	0	0	
0	[GPS]	0	31.29041658	121.2139334	0	0	0	0	0	
0	[GPS]	0	31.29049302	121.2137483	0	0	0	0	0	
0	[GPS]	0	31.29047827	121.2137376	0	0	0	0	0	
0	[GPS]	0	31.29050509	121.2136732	0	0	0	0	0	
0	[GPS]	0	31.29049168	121.2136652	0	0	0	0	0	
0	[GPS]	0	31.29052118	121.2135954	0	0	0	0	0	
0	[GPS]	0	31.29050509	121.2135874	0	0	0	0	0	
0	[GPS]	0	31.29052789	121.2135311	0	0	0	0	0	
0	[GPS]	0	31.29051046	121.2135203	0	0	0	0	0	
0	[GPS]	0	31.29053862	121.2134506	0	0	0	0	0	
0	[GPS]	0	31.29052521	121.2134425	0	0	0	0	0	
0	[GPS]	0	31.29055471	121.2133701	0	0	0	0	0	
0	[GPS]	0	31.29054532	121.2133648	0	0	0	0	0	
0	[GPS]	0	31.29109249	121.2131636	0	0	0	0	0	
0	[GPS]	0	31.29096643	121.2131073	0	0	0	0	0	
0	[GPS]	0	31.29065932	121.2140273	0	0	0	0	0	
0	[GPS]	0	31.29078538	121.2140836	0	0	0	0	0	
0	[GPS]	0	31.29107506	121.2132172	0	0	0	0	0	
0	[GPS]	0	31.29143314	121.213295	0	0	0	0	0	
0	[GPS]	0	31.291295	121.2132441	0	0	0	0	0	
0	[GPS]	0	31.29104153	121.2141882	0	0	0	0	0	
0	[GPS]	0	31.29118101	121.2142392	0	0	0	0	0	
0	[GPS]	0	31.29142241	121.2133353	0	0	0	0	0	
0	[GPS]	0	31.2917778	121.2134023	0	0	0	0	0	
0	[GPS]	0	31.29163296	121.2133648	0	0	0	0	0	
0	[GPS]	0	31.29144252	121.2143357	0	0	0	0	0	
0	[GPS]	0	31.29158736	121.214376	0	0	0	0	0	
0	[GPS]	0	31.29045815	121.2130295	0	0	0	0	0	
0	[GPS]	0	31.29054935	121.2128283	0	0	0	0	0	
0	[GPS]	0	31.29045145	121.2127666	0	0	0	0	0	
0	[GPS]	0	31.29036025	121.2129678	0	0	0	0	0	
0	[GPS]	0	31.29056142	121.2129463	0	0	0	0	0	
0	[GPS]	0	31.29051046	121.2129141	0	0	0	0	0	
0	[GPS]	0	31.29049704	121.2129437	0	0	0	0	0	
0	[GPS]	0	31.29054801	121.2129785	0	0	0	0	0	
0	[GPS]	0	31.29119844	121.2133969	0	0	0	0	0	
0	[GPS]	0	31.29108579	121.2133513	0	0	0	0	0	
0	[GPS]	0	31.29114882	121.2131368	0	0	0	0	0	
0	[GPS]	0	31.29126147	121.2131824	0	0	0	0	0	
0	[GPS]	0	31.29122526	121.2133031	0	0	0	0	0	
0	[GPS]	0	31.29128025	121.2132977	0	0	0	0	0	
0	[GPS]	0	31.29123331	121.2132789	0	0	0	0	0	
0	[GPS]	0	31.29122526	121.2133031	0	0	0	0	0	
0	[GPS]	0	31.29127354	121.2133218	0	0	0	0	0	
0	[GPS]	0	31.29111932	121.213236	0	0	0	0	0	
0	[GPS]	0	31.29107506	121.2132172	0	0	0	0	0	
0	[GPS]	0	31.29106567	121.2132441	0	0	0	0	0	
0	[GPS]	0	31.29111127	121.2132655	0	0	0	0	0	
0	[GPS]	0	31.29154713	121.2135257	0	0	0	0	0	
0	[GPS]	0	31.29143314	121.2134881	0	0	0	0	0	
0	[GPS]	0	31.29148678	121.2132709	0	0	0	0	0	
0	[GPS]	0	31.29160077	121.2133084	0	0	0	0	0	
0	[GPS]	0	31.29157395	121.2134157	0	0	0	0	0	
0	[GPS]	0	31.29162491	121.213405	0	0	0	0	0	
0	[GPS]	0	31.29157932	121.2133916	0	0	0	0	0	
0	[GPS]	0	31.29157395	121.2134157	0	0	0	0	0	
0	[GPS]	0	31.29162089	121.2134318	0	0	0	0	0	
0	[GPS]	0	31.29146666	121.2133513	0	0	0	0	0	
0	[GPS]	0	31.29142241	121.2133353	0	0	0	0	0	
0	[GPS]	0	31.2914157	121.2133594	0	0	0	0	0	
0	[GPS]	0	31.2914613	121.2133755	0	0	0	0	0	
0	[GPS]	0	31.29137413	121.2168034	0	0	0	0	0	
0	[GPS]	0	31.29132182	121.2167926	0	0	0	0	0	
0	[GPS]	0	31.29132585	121.2167765	0	0	0	0	0	
0	[GPS]	0	31.29127623	121.2167631	0	0	0	0	0	
0	[GPS]	0	31.29119978	121.2171708	0	0	0	0	0	
0	[GPS]	0	31.29123465	121.2171789	0	0	0	0	0	
0	[GPS]	0	31.29122526	121.2172271	0	0	0	0	0	
0	[GPS]	0	31.29124806	121.2172325	0	0	0	0	0	
0	[GPS]	0	31.29125209	121.217211	0	0	0	0	0	
0	[GPS]	0	31.29129902	121.2172218	0	0	0	0	0	
0	[GPS]	0	31.29133658	121.2170126	0	0	0	0	0	
0	[GPS]	0	31.29165576	121.2168865	0	0	0	0	0	
0	[GPS]	0	31.29171745	121.2168731	0	0	0	0	0	
0	[GPS]	0	31.29172147	121.2168999	0	0	0	0	0	
0	[GPS]	0	31.29175768	121.2168919	0	0	0	0	0	
0	[GPS]	0	31.29181937	121.217313	0	0	0	0	0	
0	[GPS]	0	31.291755	121.2173264	0	0	0	0	0	
0	[GPS]	0	31.29175098	121.2172969	0	0	0	0	0	
0	[GPS]	0	31.29171745	121.2173049	0	0	0	0	0	
0	[GPS]	0	31.29168258	121.2170608	0	0	0	0	0	
0	[GPS]	0	31.29069285	121.217372	0	0	0	0	0	
0	[GPS]	0	31.29073844	121.2173666	0	0	0	0	0	
0	[GPS]	0	31.29073844	121.2173344	0	0	0	0	0	
0	[GPS]	0	31.29077599	121.2173291	0	0	0	0	0	
0	[GPS]	0	31.29074247	121.2167953	0	0	0	0	0	
0	[GPS]	0	31.29071967	121.2167953	0	0	0	0	0	
0	[GPS]	0	31.29071564	121.2167336	0	0	0	0	0	
0	[GPS]	0	31.29074113	121.2167309	0	0	0	0	0	
0	[GPS]	0	31.29073844	121.2166773	0	0	0	0	0	
0	[GPS]	0	31.29069285	121.2166773	0	0	0	0	0	
0	[GPS]	0	31.29067541	121.2166987	0	0	0	0	0	
0	[GPS]	0	31.29062847	121.2166505	0	0	0	0	0	
0	[GPS]	0	31.29059226	121.2167122	0	0	0	0	0	
0	[GPS]	0	31.29063518	121.2167578	0	0	0	0	0	
0	[GPS]	0	31.29063384	121.216806	0	0	0	0	0	
0	[GPS]	0	31.29060165	121.2168034	0	0	0	0	0	
0	[GPS]	0	31.29060299	121.2168838	0	0	0	0	0	
0	[GPS]	0	31.29064054	121.2168838	0	0	0	0	0	
0	[GPS]	0	31.29066736	121.2172754	0	0	0	0	0	
0	[GPS]	0	31.29068748	121.2172727	0	0	0	0	0	
0	[GPS]	0	31.29192398	121.2148346	0	0	0	0	0	
0	[GPS]	0	31.29179926	121.2154918	0	0	0	0	0	
0	[GPS]	0	31.29161418	121.2154435	0	0	0	0	0	
0	[GPS]	0	31.29173891	121.2147863	0	0	0	0	0	
0	[GPS]	0	31.2903911	121.2127854	0	0	0	0	0	
0	[GPS]	0	31.29026906	121.2127049	0	0	0	0	0	
0	[GPS]	0	31.29007594	121.2130912	0	0	0	0	0	
0	[GPS]	0	31.2900585	121.2130804	0	0	0	0	0	
0	[GPS]	0	31.290029	121.2131395	0	0	0	0	0	
0	[GPS]	0	31.29001425	121.2131287	0	0	0	0	0	
0	[GPS]	0	31.28998072	121.2131958	0	0	0	0	0	
0	[GPS]	0	31.28996194	121.2131824	0	0	0	0	0	
0	[GPS]	0	31.2899378	121.2132333	0	0	0	0	0	
0	[GPS]	0	31.28991769	121.2132226	0	0	0	0	0	
0	[GPS]	0	31.28989087	121.2132789	0	0	0	0	0	
0	[GPS]	0	31.28987209	121.2132655	0	0	0	0	0	
0	[GPS]	0	31.28984124	121.2133272	0	0	0	0	0	
0	[GPS]	0	31.28982381	121.2133165	0	0	0	0	0	
0	[GPS]	0	31.28973127	121.2135016	0	0	0	0	0	
0	[GPS]	0	31.28995792	121.2136571	0	0	0	0	0	
0	[GPS]	0	31.29037098	121.2128256	0	0	0	0	0	
0	[GPS]	0	31.29041255	121.2128525	0	0	0	0	0	
0	[GPS]	0	31.29037098	121.2128256	0	0	0	0	0	
0	[GPS]	0	31.29036025	121.2128498	0	0	0	0	0	
0	[GPS]	0	31.29040183	121.2128766	0	0	0	0	0	
0	[GPS]	0	31.29012288	121.2126218	0	0	0	0	0	
0	[GPS]	0	31.29004375	121.2125681	0	0	0	0	0	
0	[GPS]	0	31.28997804	121.2126942	0	0	0	0	0	
0	[GPS]	0	31.29005716	121.2127505	0	0	0	0	0	
0	[GPS]	0	31.29012288	121.2126218	0	0	0	0	0	
0	[GPS]	0	31.29014702	121.2125681	0	0	0	0	0	
0	[GPS]	0	31.29008264	121.2125225	0	0	0	0	0	
0	[GPS]	0	31.29005716	121.2125762	0	0	0	0	0	
0	[GPS]	0	31.29002766	121.2127961	0	0	0	0	0	
0	[GPS]	0	31.28996328	121.2127505	0	0	0	0	0	
0	[GPS]	0	31.28992439	121.2128256	0	0	0	0	0	
0	[GPS]	0	31.28998877	121.2128712	0	0	0	0	0	
0	[GPS]	0	31.28934504	121.2129678	0	0	0	0	0	
0	[GPS]	0	31.28929407	121.2129732	0	0	0	0	0	
0	[GPS]	0	31.28929139	121.2129463	0	0	0	0	0	
0	[GPS]	0	31.28926323	121.212949	0	0	0	0	0	
0	[GPS]	0	31.28923507	121.2125923	0	0	0	0	0	
0	[GPS]	0	31.28921763	121.2125976	0	0	0	0	0	
0	[GPS]	0	31.2892069	121.212493	0	0	0	0	0	
0	[GPS]	0	31.28922434	121.2124904	0	0	0	0	0	
0	[GPS]	0	31.28919215	121.2121578	0	0	0	0	0	
0	[GPS]	0	31.28921361	121.2121175	0	0	0	0	0	
0	[GPS]	0	31.28923641	121.2121122	0	0	0	0	0	
0	[GPS]	0	31.28926859	121.2121417	0	0	0	0	0	
0	[GPS]	0	31.28933028	121.2129061	0	0	0	0	0	
0	[GPS]	0	31.28933967	121.2129061	0	0	0	0	0	
0	[GPS]	0	31.28938661	121.2125091	0	0	0	0	0	
0	[GPS]	0	31.28937052	121.2125118	0	0	0	0	0	
0	[GPS]	0	31.28934369	121.2122114	0	0	0	0	0	
0	[GPS]	0	31.28955291	121.2121873	0	0	0	0	0	
0	[GPS]	0	31.28956498	121.2123214	0	0	0	0	0	
0	[GPS]	0	31.28969238	121.212316	0	0	0	0	0	
0	[GPS]	0	31.28979699	121.2123884	0	0	0	0	0	
0	[GPS]	0	31.28983186	121.2127103	0	0	0	0	0	
0	[GPS]	0	31.28961862	121.2127318	0	0	0	0	0	
0	[GPS]	0	31.2895985	121.2124823	0	0	0	0	0	
0	[GPS]	0	31.28920958	121.2136142	0	0	0	0	0	
0	[GPS]	0	31.28920556	121.2135364	0	0	0	0	0	
0	[GPS]	0	31.28913716	121.2135418	0	0	0	0	0	
0	[GPS]	0	31.28914253	121.2136196	0	0	0	0	0	
0	[GPS]	0	31.2893799	121.2154408	0	0	0	0	0	
0	[GPS]	0	31.28934638	121.2154408	0	0	0	0	0	
0	[GPS]	0	31.28934504	121.2154274	0	0	0	0	0	
0	[GPS]	0	31.2892753	121.2154301	0	0	0	0	0	
0	[GPS]	0	31.28927664	121.2154676	0	0	0	0	0	
0	[GPS]	0	31.28923909	121.2154703	0	0	0	0	0	
0	[GPS]	0	31.28924311	121.2155695	0	0	0	0	0	
0	[GPS]	0	31.28923238	121.2155695	0	0	0	0	0	
0	[GPS]	0	31.28923641	121.2156339	0	0	0	0	0	
0	[GPS]	0	31.28927664	121.2156312	0	0	0	0	0	
0	[GPS]	0	31.28928603	121.2157841	0	0	0	0	0	
0	[GPS]	0	31.28925116	121.2157868	0	0	0	0	0	
0	[GPS]	0	31.28925518	121.2158512	0	0	0	0	0	
0	[GPS]	0	31.2892753	121.2158485	0	0	0	0	0	
0	[GPS]	0	31.28927932	121.2159397	0	0	0	0	0	
0	[GPS]	0	31.28931955	121.215937	0	0	0	0	0	
0	[GPS]	0	31.2893209	121.2159772	0	0	0	0	0	
0	[GPS]	0	31.28939332	121.2159692	0	0	0	0	0	
0	[GPS]	0	31.28939197	121.2159477	0	0	0	0	0	
0	[GPS]	0	31.28942014	121.215945	0	0	0	0	0	
0	[GPS]	0	31.28941611	121.2158753	0	0	0	0	0	
0	[GPS]	0	31.2894255	121.2158753	0	0	0	0	0	
0	[GPS]	0	31.28942014	121.2157841	0	0	0	0	0	
0	[GPS]	0	31.28940807	121.2157868	0	0	0	0	0	
0	[GPS]	0	31.289396	121.2156044	0	0	0	0	0	
0	[GPS]	0	31.28940539	121.2156044	0	0	0	0	0	
0	[GPS]	0	31.28940002	121.2155213	0	0	0	0	0	
0	[GPS]	0	31.28938393	121.2155213	0	0	0	0	0	
0	[GPS]	0	31.28964947	121.2161113	0	0	0	0	0	
0	[GPS]	0	31.28964947	121.2162669	0	0	0	0	0	
0	[GPS]	0	31.28967897	121.2164064	0	0	0	0	0	
0	[GPS]	0	31.28974737	121.2165217	0	0	0	0	0	
0	[GPS]	0	31.28982783	121.2165137	0	0	0	0	0	
0	[GPS]	0	31.28989087	121.2164547	0	0	0	0	0	
0	[GPS]	0	31.28981576	121.2162803	0	0	0	0	0	
0	[GPS]	0	31.2897648	121.2161516	0	0	0	0	0	
0	[GPS]	0	31.2897581	121.2160711	0	0	0	0	0	
0	[GPS]	0	31.29117296	121.2174766	0	0	0	0	0	
0	[GPS]	0	31.29122661	121.2174846	0	0	0	0	0	
0	[GPS]	0	31.29122392	121.2175088	0	0	0	0	0	
0	[GPS]	0	31.29126952	121.2175141	0	0	0	0	0	
0	[GPS]	0	31.29121185	121.218123	0	0	0	0	0	
0	[GPS]	0	31.29116491	121.2181123	0	0	0	0	0	
0	[GPS]	0	31.29115821	121.2181713	0	0	0	0	0	
0	[GPS]	0	31.29110993	121.2181686	0	0	0	0	0	
0	[GPS]	0	31.29111663	121.2180989	0	0	0	0	0	
0	[GPS]	0	31.29109518	121.2180962	0	0	0	0	0	
0	[GPS]	0	31.29110054	121.2180398	0	0	0	0	0	
0	[GPS]	0	31.29111798	121.2180425	0	0	0	0	0	
0	[GPS]	0	31.29115419	121.2176724	0	0	0	0	0	
0	[GPS]	0	31.29171074	121.217482	0	0	0	0	0	
0	[GPS]	0	31.29177646	121.2175007	0	0	0	0	0	
0	[GPS]	0	31.29176439	121.2175571	0	0	0	0	0	
0	[GPS]	0	31.29181803	121.2175758	0	0	0	0	0	
0	[GPS]	0	31.29172147	121.2180533	0	0	0	0	0	
0	[GPS]	0	31.29164771	121.2180345	0	0	0	0	0	
0	[GPS]	0	31.29166246	121.2180694	0	0	0	0	0	
0	[GPS]	0	31.29163564	121.2180962	0	0	0	0	0	
0	[GPS]	0	31.29159675	121.2180211	0	0	0	0	0	
0	[GPS]	0	31.29168795	121.2175892	0	0	0	0	0	
0	[GPS]	0	31.29070626	121.2175302	0	0	0	0	0	
0	[GPS]	0	31.29080684	121.2175436	0	0	0	0	0	
0	[GPS]	0	31.29074917	121.2181954	0	0	0	0	0	
0	[GPS]	0	31.29067541	121.2181874	0	0	0	0	0	
0	[GPS]	0	31.29067407	121.2182035	0	0	0	0	0	
0	[GPS]	0	31.29061774	121.2182008	0	0	0	0	0	
0	[GPS]	0	31.29062713	121.2180989	0	0	0	0	0	
0	[GPS]	0	31.29064859	121.2181042	0	0	0	0	0	
0	[GPS]	0	31.28232435	121.1937149	0	0	0	0	0	
0	[GPS]	0	31.28252552	121.1939241	0	0	0	0	0	
0	[GPS]	0	31.28212051	121.1944605	0	0	0	0	0	
0	[GPS]	0	31.28191934	121.1942513	0	0	0	0	0	
0	[GPS]	0	31.28717781	121.2056963	0	0	0	0	0	
0	[GPS]	0	31.28717245	121.2047602	0	0	0	0	0	
0	[GPS]	0	31.28776521	121.2047549	0	0	0	0	0	
0	[GPS]	0	31.28777058	121.205691	0	0	0	0	0	
0	[GPS]	0	31.28762842	121.2098725	0	0	0	0	0	
0	[GPS]	0	31.28736959	121.2096606	0	0	0	0	0	
0	[GPS]	0	31.2874058	121.2096016	0	0	0	0	0	
0	[GPS]	0	31.28741653	121.2096097	0	0	0	0	0	
0	[GPS]	0	31.28743664	121.2095748	0	0	0	0	0	
0	[GPS]	0	31.28742457	121.2095641	0	0	0	0	0	
0	[GPS]	0	31.28775717	121.2090062	0	0	0	0	0	
0	[GPS]	0	31.2877907	121.209033	0	0	0	0	0	
0	[GPS]	0	31.28782288	121.2089793	0	0	0	0	0	
0	[GPS]	0	31.28779204	121.2089525	0	0	0	0	0	
0	[GPS]	0	31.28793285	121.2087165	0	0	0	0	0	
0	[GPS]	0	31.28819169	121.2089284	0	0	0	0	0	
0	[GPS]	0	31.28805221	121.2091617	0	0	0	0	0	
0	[GPS]	0	31.28801332	121.2091296	0	0	0	0	0	
0	[GPS]	0	31.28797845	121.2091886	0	0	0	0	0	
0	[GPS]	0	31.28801734	121.2092207	0	0	0	0	0	
0	[GPS]	0	31.28797174	121.2092985	0	0	0	0	0	
0	[GPS]	0	31.28795699	121.20932	0	0	0	0	0	
0	[GPS]	0	31.28768743	121.209776	0	0	0	0	0	
0	[GPS]	0	31.2876767	121.2097652	0	0	0	0	0	
0	[GPS]	0	31.2876539	121.2098028	0	0	0	0	0	
0	[GPS]	0	31.28766463	121.2098135	0	0	0	0	0	
0	[GPS]	0	31.28894405	121.2074156	0	0	0	0	0	
0	[GPS]	0	31.28867314	121.2078689	0	0	0	0	0	
0	[GPS]	0	31.28827886	121.2075605	0	0	0	0	0	
0	[GPS]	0	31.28853233	121.2071018	0	0	0	0	0	
0	[GPS]	0	31.28850416	121.2105753	0	0	0	0	0	
0	[GPS]	0	31.28843308	121.2105163	0	0	0	0	0	
0	[GPS]	0	31.28834725	121.2104492	0	0	0	0	0	
0	[GPS]	0	31.28837273	121.2104009	0	0	0	0	0	
0	[GPS]	0	31.2883325	121.2103312	0	0	0	0	0	
0	[GPS]	0	31.28848405	121.2102132	0	0	0	0	0	
0	[GPS]	0	31.28890918	121.209497	0	0	0	0	0	
0	[GPS]	0	31.28906609	121.2096258	0	0	0	0	0	
0	[GPS]	0	31.28864766	121.2103339	0	0	0	0	0	
0	[GPS]	0	31.28868789	121.2093334	0	0	0	0	0	
0	[GPS]	0	31.28846795	121.2091537	0	0	0	0	0	
0	[GPS]	0	31.28815682	121.209674	0	0	0	0	0	
0	[GPS]	0	31.28791274	121.2100764	0	0	0	0	0	
0	[GPS]	0	31.28813536	121.2102561	0	0	0	0	0	
0	[GPS]	0	31.28836737	121.2098725	0	0	0	0	0	
0	[GPS]	0	31.28874824	121.2116562	0	0	0	0	0	
0	[GPS]	0	31.28865973	121.2115945	0	0	0	0	0	
0	[GPS]	0	31.28863827	121.2116347	0	0	0	0	0	
0	[GPS]	0	31.28863023	121.2116294	0	0	0	0	0	
0	[GPS]	0	31.28857524	121.2117367	0	0	0	0	0	
0	[GPS]	0	31.28854708	121.2117152	0	0	0	0	0	
0	[GPS]	0	31.28840894	121.2119834	0	0	0	0	0	
0	[GPS]	0	31.28846393	121.212021	0	0	0	0	0	
0	[GPS]	0	31.2884532	121.2120451	0	0	0	0	0	
0	[GPS]	0	31.28851087	121.2120853	0	0	0	0	0	
0	[GPS]	0	31.28852562	121.2120585	0	0	0	0	0	
0	[GPS]	0	31.28854574	121.2120719	0	0	0	0	0	
0	[GPS]	0	31.28865973	121.2118493	0	0	0	0	0	
0	[GPS]	0	31.28865168	121.2118413	0	0	0	0	0	
0	[GPS]	0	31.2886718	121.2118037	0	0	0	0	0	
0	[GPS]	0	31.28868119	121.2118118	0	0	0	0	0	
0	[GPS]	0	31.28873617	121.2117018	0	0	0	0	0	
0	[GPS]	0	31.28872679	121.2116964	0	0	0	0	0	
0	[GPS]	0	31.28834725	121.2104492	0	0	0	0	0	
0	[GPS]	0	31.28832446	121.2104867	0	0	0	0	0	
0	[GPS]	0	31.28841163	121.2105538	0	0	0	0	0	
0	[GPS]	0	31.28843308	121.2105163	0	0	0	0	0	
0	[GPS]	0	31.28798784	121.2102239	0	0	0	0	0	
0	[GPS]	0	31.28802137	121.2101649	0	0	0	0	0	
0	[GPS]	0	31.28813536	121.2102561	0	0	0	0	0	
0	[GPS]	0	31.28810183	121.2103124	0	0	0	0	0	
0	[GPS]	0	31.28818766	121.2109481	0	0	0	0	0	
0	[GPS]	0	31.2880388	121.2112217	0	0	0	0	0	
0	[GPS]	0	31.28796906	121.2111627	0	0	0	0	0	
0	[GPS]	0	31.28811524	121.2108944	0	0	0	0	0	
0	[GPS]	0	31.28776253	121.2106155	0	0	0	0	0	
0	[GPS]	0	31.2876244	121.2108676	0	0	0	0	0	
0	[GPS]	0	31.28768743	121.2109186	0	0	0	0	0	
0	[GPS]	0	31.28782556	121.2106665	0	0	0	0	0	
0	[GPS]	0	31.28841163	121.2105538	0	0	0	0	0	
0	[GPS]	0	31.28798784	121.2102239	0	0	0	0	0	
0	[GPS]	0	31.28776253	121.2106155	0	0	0	0	0	
0	[GPS]	0	31.28811524	121.2108944	0	0	0	0	0	
0	[GPS]	0	31.28818766	121.2109481	0	0	0	0	0	
0	[GPS]	0	31.28804685	121.2104251	0	0	0	0	0	
0	[GPS]	0	31.28808842	121.2104251	0	0	0	0	0	
0	[GPS]	0	31.28812865	121.2104438	0	0	0	0	0	
0	[GPS]	0	31.28816218	121.2104733	0	0	0	0	0	
0	[GPS]	0	31.28818632	121.2105109	0	0	0	0	0	
0	[GPS]	0	31.28819839	121.2105592	0	0	0	0	0	
0	[GPS]	0	31.28819839	121.2106074	0	0	0	0	0	
0	[GPS]	0	31.28818498	121.2106557	0	0	0	0	0	
0	[GPS]	0	31.28815682	121.2106986	0	0	0	0	0	
0	[GPS]	0	31.28811792	121.2107281	0	0	0	0	0	
0	[GPS]	0	31.28807233	121.2107416	0	0	0	0	0	
0	[GPS]	0	31.28802539	121.2107362	0	0	0	0	0	
0	[GPS]	0	31.2879865	121.2107121	0	0	0	0	0	
0	[GPS]	0	31.28795029	121.2106718	0	0	0	0	0	
0	[GPS]	0	31.28793151	121.2106209	0	0	0	0	0	
0	[GPS]	0	31.28792749	121.2105672	0	0	0	0	0	
0	[GPS]	0	31.2879409	121.2105136	0	0	0	0	0	
0	[GPS]	0	31.28796772	121.210468	0	0	0	0	0	
0	[GPS]	0	31.28800661	121.2104385	0	0	0	0	0	
0	[GPS]	0	31.28750102	121.2107657	0	0	0	0	0	
0	[GPS]	0	31.28773303	121.2109561	0	0	0	0	0	
0	[GPS]	0	31.28753723	121.211278	0	0	0	0	0	
0	[GPS]	0	31.28773839	121.211447	0	0	0	0	0	
0	[GPS]	0	31.28793017	121.2111305	0	0	0	0	0	
0	[GPS]	0	31.28809244	121.2112646	0	0	0	0	0	
0	[GPS]	0	31.28786312	121.2116428	0	0	0	0	0	
0	[GPS]	0	31.28782959	121.2116133	0	0	0	0	0	
0	[GPS]	0	31.28773571	121.2117688	0	0	0	0	0	
0	[GPS]	0	31.28735484	121.2114523	0	0	0	0	0	
0	[GPS]	0	31.28744469	121.2113048	0	0	0	0	0	
0	[GPS]	0	31.28726364	121.2111546	0	0	0	0	0	
0	[GPS]	0	31.28722207	121.2105243	0	0	0	0	0	
0	[GPS]	0	31.28714562	121.2104653	0	0	0	0	0	
0	[GPS]	0	31.28713892	121.2104814	0	0	0	0	0	
0	[GPS]	0	31.28703297	121.2103982	0	0	0	0	0	
0	[GPS]	0	31.28703834	121.2103848	0	0	0	0	0	
0	[GPS]	0	31.28696055	121.2103205	0	0	0	0	0	
0	[GPS]	0	31.28673391	121.2106906	0	0	0	0	0	
0	[GPS]	0	31.2867567	121.2107094	0	0	0	0	0	
0	[GPS]	0	31.28672854	121.210755	0	0	0	0	0	
0	[GPS]	0	31.28671647	121.2107469	0	0	0	0	0	
0	[GPS]	0	31.28663064	121.2108891	0	0	0	0	0	
0	[GPS]	0	31.28664271	121.2108971	0	0	0	0	0	
0	[GPS]	0	31.28661052	121.2109508	0	0	0	0	0	
0	[GPS]	0	31.28659711	121.21094	0	0	0	0	0	
0	[GPS]	0	31.28650726	121.2110876	0	0	0	0	0	
0	[GPS]	0	31.28652201	121.211101	0	0	0	0	0	
0	[GPS]	0	31.28649385	121.2111466	0	0	0	0	0	
0	[GPS]	0	31.28647775	121.2111332	0	0	0	0	0	
0	[GPS]	0	31.28638656	121.2112834	0	0	0	0	0	
0	[GPS]	0	31.28653006	121.2114041	0	0	0	0	0	
0	[GPS]	0	31.28654481	121.2113799	0	0	0	0	0	
0	[GPS]	0	31.28662796	121.211447	0	0	0	0	0	
0	[GPS]	0	31.28674195	121.2112619	0	0	0	0	0	
0	[GPS]	0	31.2867567	121.2112726	0	0	0	0	0	
0	[GPS]	0	31.28679694	121.2112083	0	0	0	0	0	
0	[GPS]	0	31.28678084	121.2111949	0	0	0	0	0	
0	[GPS]	0	31.2869686	121.2108891	0	0	0	0	0	
0	[GPS]	0	31.28699006	121.2109052	0	0	0	0	0	
0	[GPS]	0	31.28587157	121.2076114	0	0	0	0	0	
0	[GPS]	0	31.28565968	121.2076141	0	0	0	0	0	
0	[GPS]	0	31.28566102	121.2069677	0	0	0	0	0	
0	[GPS]	0	31.28566773	121.2069006	0	0	0	0	0	
0	[GPS]	0	31.28568382	121.2068336	0	0	0	0	0	
0	[GPS]	0	31.28571467	121.2067773	0	0	0	0	0	
0	[GPS]	0	31.28581257	121.2066351	0	0	0	0	0	
0	[GPS]	0	31.28578977	121.2065707	0	0	0	0	0	
0	[GPS]	0	31.2857777	121.2065171	0	0	0	0	0	
0	[GPS]	0	31.28577636	121.2064768	0	0	0	0	0	
0	[GPS]	0	31.28578038	121.2064259	0	0	0	0	0	
0	[GPS]	0	31.28580318	121.2063749	0	0	0	0	0	
0	[GPS]	0	31.28582598	121.2063401	0	0	0	0	0	
0	[GPS]	0	31.28585816	121.2063132	0	0	0	0	0	
0	[GPS]	0	31.28590242	121.2062945	0	0	0	0	0	
0	[GPS]	0	31.28594131	121.2062864	0	0	0	0	0	
0	[GPS]	0	31.28598691	121.2062918	0	0	0	0	0	
0	[GPS]	0	31.2860258	121.2063025	0	0	0	0	0	
0	[GPS]	0	31.28606469	121.206324	0	0	0	0	0	
0	[GPS]	0	31.28609286	121.2063481	0	0	0	0	0	
0	[GPS]	0	31.28611566	121.2063722	0	0	0	0	0	
0	[GPS]	0	31.28614516	121.2064125	0	0	0	0	0	
0	[GPS]	0	31.28617735	121.2065037	0	0	0	0	0	
0	[GPS]	0	31.28618137	121.2065627	0	0	0	0	0	
0	[GPS]	0	31.28617064	121.206619	0	0	0	0	0	
0	[GPS]	0	31.28614784	121.2066646	0	0	0	0	0	
0	[GPS]	0	31.28610627	121.2067102	0	0	0	0	0	
0	[GPS]	0	31.28607006	121.2067343	0	0	0	0	0	
0	[GPS]	0	31.28602983	121.2067424	0	0	0	0	0	
0	[GPS]	0	31.28597752	121.2067397	0	0	0	0	0	
0	[GPS]	0	31.2859963	121.2067612	0	0	0	0	0	
0	[GPS]	0	31.28588767	121.2069194	0	0	0	0	0	
0	[GPS]	0	31.28587962	121.2069436	0	0	0	0	0	
0	[GPS]	0	31.28587426	121.2069838	0	0	0	0	0	
0	[GPS]	0	31.28644423	121.206788	0	0	0	0	0	
0	[GPS]	0	31.28629805	121.2069838	0	0	0	0	0	
0	[GPS]	0	31.28627659	121.2070267	0	0	0	0	0	
0	[GPS]	0	31.28626988	121.2070482	0	0	0	0	0	
0	[GPS]	0	31.28626988	121.2075739	0	0	0	0	0	
0	[GPS]	0	31.28618003	121.2075766	0	0	0	0	0	
0	[GPS]	0	31.28617869	121.2075497	0	0	0	0	0	
0	[GPS]	0	31.28608883	121.2075524	0	0	0	0	0	
0	[GPS]	0	31.28608883	121.2070643	0	0	0	0	0	
0	[GPS]	0	31.28609554	121.2069945	0	0	0	0	0	
0	[GPS]	0	31.28610761	121.2069436	0	0	0	0	0	
0	[GPS]	0	31.28612907	121.2069006	0	0	0	0	0	
0	[GPS]	0	31.28628598	121.2066726	0	0	0	0	0	
0	[GPS]	0	31.28633291	121.2067263	0	0	0	0	0	
0	[GPS]	0	31.28635437	121.2066995	0	0	0	0	0	
0	[GPS]	0	31.28612236	121.208062	0	0	0	0	0	
0	[GPS]	0	31.28568516	121.2080674	0	0	0	0	0	
0	[GPS]	0	31.28570796	121.2081559	0	0	0	0	0	
0	[GPS]	0	31.28572674	121.2081559	0	0	0	0	0	
0	[GPS]	0	31.28570796	121.2082981	0	0	0	0	0	
0	[GPS]	0	31.28568382	121.2082927	0	0	0	0	0	
0	[GPS]	0	31.28565566	121.2084214	0	0	0	0	0	
0	[GPS]	0	31.28563554	121.2084885	0	0	0	0	0	
0	[GPS]	0	31.28561408	121.2085448	0	0	0	0	0	
0	[GPS]	0	31.28601105	121.2087299	0	0	0	0	0	
0	[GPS]	0	31.28609554	121.2083946	0	0	0	0	0	
0	[GPS]	0	31.28585816	121.2083276	0	0	0	0	0	
0	[GPS]	0	31.28587426	121.2081613	0	0	0	0	0	
0	[GPS]	0	31.28612504	121.2081532	0	0	0	0	0	
0	[GPS]	0	31.28559397	121.2093709	0	0	0	0	0	
0	[GPS]	0	31.28530026	121.2096231	0	0	0	0	0	
0	[GPS]	0	31.28515543	121.2097062	0	0	0	0	0	
0	[GPS]	0	31.28500254	121.2097599	0	0	0	0	0	
0	[GPS]	0	31.28500656	121.2099476	0	0	0	0	0	
0	[GPS]	0	31.28470481	121.2099476	0	0	0	0	0	
0	[GPS]	0	31.28471286	121.2096767	0	0	0	0	0	
0	[GPS]	0	31.28471286	121.2093254	0	0	0	0	0	
0	[GPS]	0	31.28488184	121.2092744	0	0	0	0	0	
0	[GPS]	0	31.28501461	121.20921	0	0	0	0	0	
0	[GPS]	0	31.28513665	121.2091376	0	0	0	0	0	
0	[GPS]	0	31.2852493	121.2090464	0	0	0	0	0	
0	[GPS]	0	31.28531502	121.2089847	0	0	0	0	0	
0	[GPS]	0	31.28590913	121.2121363	0	0	0	0	0	
0	[GPS]	0	31.28607542	121.2122677	0	0	0	0	0	
0	[GPS]	0	31.28608481	121.2122355	0	0	0	0	0	
0	[GPS]	0	31.28616394	121.2122946	0	0	0	0	0	
0	[GPS]	0	31.28661723	121.2114872	0	0	0	0	0	
0	[GPS]	0	31.28638656	121.2112834	0	0	0	0	0	
0	[GPS]	0	31.28376872	121.2102427	0	0	0	0	0	
0	[GPS]	0	31.28362254	121.2100925	0	0	0	0	0	
0	[GPS]	0	31.28376202	121.2098806	0	0	0	0	0	
0	[GPS]	0	31.28384517	121.2098082	0	0	0	0	0	
0	[GPS]	0	31.283931	121.2097679	0	0	0	0	0	
0	[GPS]	0	31.28407852	121.2097706	0	0	0	0	0	
0	[GPS]	0	31.28408656	121.2095533	0	0	0	0	0	
0	[GPS]	0	31.28380359	121.209548	0	0	0	0	0	
0	[GPS]	0	31.2837191	121.2095882	0	0	0	0	0	
0	[GPS]	0	31.28347502	121.2099396	0	0	0	0	0	
0	[GPS]	0	31.28331677	121.2101595	0	0	0	0	0	
0	[GPS]	0	31.28316254	121.210012	0	0	0	0	0	
0	[GPS]	0	31.28346832	121.2095453	0	0	0	0	0	
0	[GPS]	0	31.28359572	121.2094005	0	0	0	0	0	
0	[GPS]	0	31.28369094	121.2093441	0	0	0	0	0	
0	[GPS]	0	31.28377275	121.2093173	0	0	0	0	0	
0	[GPS]	0	31.2842314	121.2093066	0	0	0	0	0	
0	[GPS]	0	31.28421665	121.2100335	0	0	0	0	0	
0	[GPS]	0	31.28402353	121.2100361	0	0	0	0	0	
0	[GPS]	0	31.28394709	121.2100335	0	0	0	0	0	
0	[GPS]	0	31.28390015	121.2100656	0	0	0	0	0	
0	[GPS]	0	31.28387199	121.2101005	0	0	0	0	0	
0	[GPS]	0	31.2880844	121.2138207	0	0	0	0	0	
0	[GPS]	0	31.28793553	121.2137081	0	0	0	0	0	
0	[GPS]	0	31.28786043	121.2138529	0	0	0	0	0	
0	[GPS]	0	31.28781484	121.213928	0	0	0	0	0	
0	[GPS]	0	31.28777997	121.213979	0	0	0	0	0	
0	[GPS]	0	31.2877451	121.2140246	0	0	0	0	0	
0	[GPS]	0	31.28771559	121.2140514	0	0	0	0	0	
0	[GPS]	0	31.28768877	121.2140836	0	0	0	0	0	
0	[GPS]	0	31.28762842	121.2141667	0	0	0	0	0	
0	[GPS]	0	31.2876016	121.2142097	0	0	0	0	0	
0	[GPS]	0	31.28752247	121.214392	0	0	0	0	0	
0	[GPS]	0	31.28750504	121.2144457	0	0	0	0	0	
0	[GPS]	0	31.28749833	121.2144806	0	0	0	0	0	
0	[GPS]	0	31.28766731	121.2145986	0	0	0	0	0	
0	[GPS]	0	31.28843443	121.2139709	0	0	0	0	0	
0	[GPS]	0	31.28826545	121.2139146	0	0	0	0	0	
0	[GPS]	0	31.28820912	121.2141399	0	0	0	0	0	
0	[GPS]	0	31.2881823	121.2142043	0	0	0	0	0	
0	[GPS]	0	31.28809513	121.2143867	0	0	0	0	0	
0	[GPS]	0	31.28808172	121.2144242	0	0	0	0	0	
0	[GPS]	0	31.2880388	121.2145744	0	0	0	0	0	
0	[GPS]	0	31.28802002	121.2147515	0	0	0	0	0	
0	[GPS]	0	31.28821583	121.2148132	0	0	0	0	0	
0	[GPS]	0	31.28841833	121.2140326	0	0	0	0	0	
0	[GPS]	0	31.28880591	121.2140112	0	0	0	0	0	
0	[GPS]	0	31.28862352	121.2140085	0	0	0	0	0	
0	[GPS]	0	31.28861816	121.2141989	0	0	0	0	0	
0	[GPS]	0	31.28860206	121.2143464	0	0	0	0	0	
0	[GPS]	0	31.28857926	121.2144242	0	0	0	0	0	
0	[GPS]	0	31.28856317	121.2145074	0	0	0	0	0	
0	[GPS]	0	31.28855244	121.2145825	0	0	0	0	0	
0	[GPS]	0	31.28855378	121.2147515	0	0	0	0	0	
0	[GPS]	0	31.28856317	121.2148239	0	0	0	0	0	
0	[GPS]	0	31.28856988	121.2148587	0	0	0	0	0	
0	[GPS]	0	31.28877775	121.2148534	0	0	0	0	0	
0	[GPS]	0	31.28856049	121.2141909	0	0	0	0	0	
0	[GPS]	0	31.28843308	121.2141614	0	0	0	0	0	
0	[GPS]	0	31.28847868	121.2138958	0	0	0	0	0	
0	[GPS]	0	31.28860609	121.2139253	0	0	0	0	0	
0	[GPS]	0	31.28857524	121.2141104	0	0	0	0	0	
0	[GPS]	0	31.28862218	121.2140782	0	0	0	0	0	
0	[GPS]	0	31.28858195	121.2140702	0	0	0	0	0	
0	[GPS]	0	31.28857524	121.2141104	0	0	0	0	0	
0	[GPS]	0	31.28862084	121.2141185	0	0	0	0	0	
0	[GPS]	0	31.2884532	121.2140434	0	0	0	0	0	
0	[GPS]	0	31.28841833	121.2140326	0	0	0	0	0	
0	[GPS]	0	31.28841029	121.2140648	0	0	0	0	0	
0	[GPS]	0	31.28844784	121.2140755	0	0	0	0	0	
0	[GPS]	0	31.28778131	121.2138181	0	0	0	0	0	
0	[GPS]	0	31.28768609	121.2137456	0	0	0	0	0	
0	[GPS]	0	31.2877974	121.2135471	0	0	0	0	0	
0	[GPS]	0	31.28789262	121.2136196	0	0	0	0	0	
0	[GPS]	0	31.28781886	121.213751	0	0	0	0	0	
0	[GPS]	0	31.28790469	121.2137671	0	0	0	0	0	
0	[GPS]	0	31.28783629	121.2137188	0	0	0	0	0	
0	[GPS]	0	31.28781886	121.213751	0	0	0	0	0	
0	[GPS]	0	31.2878886	121.2137993	0	0	0	0	0	
0	[GPS]	0	31.28774912	121.2136357	0	0	0	0	0	
0	[GPS]	0	31.28768877	121.2135874	0	0	0	0	0	
0	[GPS]	0	31.28767134	121.2136169	0	0	0	0	0	
0	[GPS]	0	31.28773169	121.2136652	0	0	0	0	0	
0	[GPS]	0	31.28899098	121.2118466	0	0	0	0	0	
0	[GPS]	0	31.28897623	121.2118735	0	0	0	0	0	
0	[GPS]	0	31.2889883	121.2118815	0	0	0	0	0	
0	[GPS]	0	31.28893198	121.2119915	0	0	0	0	0	
0	[GPS]	0	31.2889588	121.2120102	0	0	0	0	0	
0	[GPS]	0	31.28881798	121.2122838	0	0	0	0	0	
0	[GPS]	0	31.28880591	121.2122758	0	0	0	0	0	
0	[GPS]	0	31.28878043	121.2123241	0	0	0	0	0	
0	[GPS]	0	31.28879384	121.2123321	0	0	0	0	0	
0	[GPS]	0	31.28868924	121.2125386	0	0	0	0	0	
0	[GPS]	0	31.28867851	121.2125306	0	0	0	0	0	
0	[GPS]	0	31.28866912	121.212552	0	0	0	0	0	
0	[GPS]	0	31.28867851	121.2125574	0	0	0	0	0	
0	[GPS]	0	31.28859804	121.2127157	0	0	0	0	0	
0	[GPS]	0	31.28858865	121.2127076	0	0	0	0	0	
0	[GPS]	0	31.28857524	121.2127344	0	0	0	0	0	
0	[GPS]	0	31.28848539	121.2126727	0	0	0	0	0	
0	[GPS]	0	31.2884988	121.2126459	0	0	0	0	0	
0	[GPS]	0	31.28848807	121.2126406	0	0	0	0	0	
0	[GPS]	0	31.28854171	121.2125333	0	0	0	0	0	
0	[GPS]	0	31.28852294	121.2125199	0	0	0	0	0	
0	[GPS]	0	31.28865705	121.2122516	0	0	0	0	0	
0	[GPS]	0	31.2886651	121.212257	0	0	0	0	0	
0	[GPS]	0	31.28869996	121.2121873	0	0	0	0	0	
0	[GPS]	0	31.28869326	121.2121846	0	0	0	0	0	
0	[GPS]	0	31.28880323	121.2119646	0	0	0	0	0	
0	[GPS]	0	31.28881128	121.21197	0	0	0	0	0	
0	[GPS]	0	31.28883139	121.2119298	0	0	0	0	0	
0	[GPS]	0	31.288822	121.2119244	0	0	0	0	0	
0	[GPS]	0	31.28887833	121.2118144	0	0	0	0	0	
0	[GPS]	0	31.28888638	121.2118198	0	0	0	0	0	
0	[GPS]	0	31.28890515	121.2117849	0	0	0	0	0	
0	[GPS]	0	31.28897221	121.2127157	0	0	0	0	0	
0	[GPS]	0	31.28888638	121.212654	0	0	0	0	0	
0	[GPS]	0	31.28887028	121.2126862	0	0	0	0	0	
0	[GPS]	0	31.28886224	121.2126808	0	0	0	0	0	
0	[GPS]	0	31.28878311	121.2128364	0	0	0	0	0	
0	[GPS]	0	31.28879116	121.2128444	0	0	0	0	0	
0	[GPS]	0	31.28878043	121.2128659	0	0	0	0	0	
0	[GPS]	0	31.28886626	121.2129276	0	0	0	0	0	
0	[GPS]	0	31.28888235	121.2128954	0	0	0	0	0	
0	[GPS]	0	31.2888904	121.2129007	0	0	0	0	0	
0	[GPS]	0	31.28896416	121.2127532	0	0	0	0	0	
0	[GPS]	0	31.28895612	121.2127479	0	0	0	0	0	
0	[GPS]	0	31.28849746	121.2128766	0	0	0	0	0	
0	[GPS]	0	31.2883781	121.2127934	0	0	0	0	0	
0	[GPS]	0	31.28835262	121.212839	0	0	0	0	0	
0	[GPS]	0	31.28834457	121.2128337	0	0	0	0	0	
0	[GPS]	0	31.28833116	121.2128578	0	0	0	0	0	
0	[GPS]	0	31.28833787	121.2128632	0	0	0	0	0	
0	[GPS]	0	31.28832714	121.2128846	0	0	0	0	0	
0	[GPS]	0	31.28832177	121.2128793	0	0	0	0	0	
0	[GPS]	0	31.28829495	121.2129276	0	0	0	0	0	
0	[GPS]	0	31.288303	121.2129329	0	0	0	0	0	
0	[GPS]	0	31.28829093	121.2129571	0	0	0	0	0	
0	[GPS]	0	31.28828422	121.2129517	0	0	0	0	0	
0	[GPS]	0	31.2882574	121.2130027	0	0	0	0	0	
0	[GPS]	0	31.28826545	121.213008	0	0	0	0	0	
0	[GPS]	0	31.28825606	121.2130268	0	0	0	0	0	
0	[GPS]	0	31.28824801	121.2130214	0	0	0	0	0	
0	[GPS]	0	31.28821985	121.2130751	0	0	0	0	0	
0	[GPS]	0	31.2882279	121.2130804	0	0	0	0	0	
0	[GPS]	0	31.28821851	121.2130992	0	0	0	0	0	
0	[GPS]	0	31.28821046	121.2130939	0	0	0	0	0	
0	[GPS]	0	31.28818364	121.2131448	0	0	0	0	0	
0	[GPS]	0	31.28819169	121.2131529	0	0	0	0	0	
0	[GPS]	0	31.2881823	121.213169	0	0	0	0	0	
0	[GPS]	0	31.28817425	121.2131636	0	0	0	0	0	
0	[GPS]	0	31.28814341	121.2132199	0	0	0	0	0	
0	[GPS]	0	31.28815145	121.2132253	0	0	0	0	0	
0	[GPS]	0	31.28814743	121.2132333	0	0	0	0	0	
0	[GPS]	0	31.28827215	121.2133245	0	0	0	0	0	
0	[GPS]	0	31.28831641	121.2132414	0	0	0	0	0	
0	[GPS]	0	31.28832177	121.2132467	0	0	0	0	0	
0	[GPS]	0	31.28834994	121.2131931	0	0	0	0	0	
0	[GPS]	0	31.28834189	121.2131877	0	0	0	0	0	
0	[GPS]	0	31.28835128	121.2131663	0	0	0	0	0	
0	[GPS]	0	31.28835932	121.2131716	0	0	0	0	0	
0	[GPS]	0	31.28838615	121.213118	0	0	0	0	0	
0	[GPS]	0	31.28837944	121.2131153	0	0	0	0	0	
0	[GPS]	0	31.28839017	121.2130939	0	0	0	0	0	
0	[GPS]	0	31.28839822	121.2130992	0	0	0	0	0	
0	[GPS]	0	31.2884237	121.2130456	0	0	0	0	0	
0	[GPS]	0	31.28841699	121.2130429	0	0	0	0	0	
0	[GPS]	0	31.28842772	121.2130214	0	0	0	0	0	
0	[GPS]	0	31.28843308	121.2130268	0	0	0	0	0	
0	[GPS]	0	31.28845991	121.2129758	0	0	0	0	0	
0	[GPS]	0	31.28845052	121.2129705	0	0	0	0	0	
0	[GPS]	0	31.28880055	121.2130858	0	0	0	0	0	
0	[GPS]	0	31.28868119	121.213	0	0	0	0	0	
0	[GPS]	0	31.28865705	121.2130483	0	0	0	0	0	
0	[GPS]	0	31.28864766	121.2130429	0	0	0	0	0	
0	[GPS]	0	31.28863559	121.213067	0	0	0	0	0	
0	[GPS]	0	31.2886423	121.2130724	0	0	0	0	0	
0	[GPS]	0	31.28863157	121.2130912	0	0	0	0	0	
0	[GPS]	0	31.28862486	121.2130885	0	0	0	0	0	
0	[GPS]	0	31.28859938	121.2131368	0	0	0	0	0	
0	[GPS]	0	31.28860743	121.2131421	0	0	0	0	0	
0	[GPS]	0	31.28859536	121.2131636	0	0	0	0	0	
0	[GPS]	0	31.28858865	121.2131582	0	0	0	0	0	
0	[GPS]	0	31.28856183	121.2132119	0	0	0	0	0	
0	[GPS]	0	31.28856988	121.2132172	0	0	0	0	0	
0	[GPS]	0	31.28855915	121.213236	0	0	0	0	0	
0	[GPS]	0	31.28855244	121.2132306	0	0	0	0	0	
0	[GPS]	0	31.28852428	121.2132843	0	0	0	0	0	
0	[GPS]	0	31.28853233	121.2132897	0	0	0	0	0	
0	[GPS]	0	31.28852294	121.2133084	0	0	0	0	0	
0	[GPS]	0	31.28851489	121.2133004	0	0	0	0	0	
0	[GPS]	0	31.28848807	121.213354	0	0	0	0	0	
0	[GPS]	0	31.28849612	121.2133594	0	0	0	0	0	
0	[GPS]	0	31.28848673	121.2133782	0	0	0	0	0	
0	[GPS]	0	31.28847734	121.2133728	0	0	0	0	0	
0	[GPS]	0	31.28844784	121.2134264	0	0	0	0	0	
0	[GPS]	0	31.28845588	121.2134345	0	0	0	0	0	
0	[GPS]	0	31.28845186	121.2134399	0	0	0	0	0	
0	[GPS]	0	31.28857658	121.2135311	0	0	0	0	0	
0	[GPS]	0	31.2886195	121.2134506	0	0	0	0	0	
0	[GPS]	0	31.28862486	121.2134533	0	0	0	0	0	
0	[GPS]	0	31.28865303	121.2134023	0	0	0	0	0	
0	[GPS]	0	31.28864498	121.2133943	0	0	0	0	0	
0	[GPS]	0	31.28865571	121.2133755	0	0	0	0	0	
0	[GPS]	0	31.28866241	121.2133809	0	0	0	0	0	
0	[GPS]	0	31.28868924	121.2133272	0	0	0	0	0	
0	[GPS]	0	31.28868253	121.2133218	0	0	0	0	0	
0	[GPS]	0	31.2886946	121.2133004	0	0	0	0	0	
0	[GPS]	0	31.28870131	121.2133058	0	0	0	0	0	
0	[GPS]	0	31.28872679	121.2132548	0	0	0	0	0	
0	[GPS]	0	31.28872008	121.2132494	0	0	0	0	0	
0	[GPS]	0	31.28873081	121.2132306	0	0	0	0	0	
0	[GPS]	0	31.28873752	121.2132333	0	0	0	0	0	
0	[GPS]	0	31.288763	121.2131824	0	0	0	0	0	
0	[GPS]	0	31.28875361	121.213177	0	0	0	0	0	
0	[GPS]	0	31.28910095	121.2132816	0	0	0	0	0	
0	[GPS]	0	31.2889816	121.2131958	0	0	0	0	0	
0	[GPS]	0	31.28895746	121.2132441	0	0	0	0	0	
0	[GPS]	0	31.28894807	121.213236	0	0	0	0	0	
0	[GPS]	0	31.288936	121.2132628	0	0	0	0	0	
0	[GPS]	0	31.28894136	121.2132655	0	0	0	0	0	
0	[GPS]	0	31.28893198	121.213287	0	0	0	0	0	
0	[GPS]	0	31.28892527	121.2132816	0	0	0	0	0	
0	[GPS]	0	31.28889979	121.2133326	0	0	0	0	0	
0	[GPS]	0	31.28890649	121.2133379	0	0	0	0	0	
0	[GPS]	0	31.28889577	121.2133594	0	0	0	0	0	
0	[GPS]	0	31.28888772	121.213354	0	0	0	0	0	
0	[GPS]	0	31.2888609	121.2134077	0	0	0	0	0	
0	[GPS]	0	31.28886894	121.213413	0	0	0	0	0	
0	[GPS]	0	31.28885956	121.2134318	0	0	0	0	0	
0	[GPS]	0	31.28885285	121.2134264	0	0	0	0	0	
0	[GPS]	0	31.28882469	121.2134801	0	0	0	0	0	
0	[GPS]	0	31.28883139	121.2134855	0	0	0	0	0	
0	[GPS]	0	31.28882335	121.2135016	0	0	0	0	0	
0	[GPS]	0	31.2888153	121.2134962	0	0	0	0	0	
0	[GPS]	0	31.28878714	121.2135498	0	0	0	0	0	
0	[GPS]	0	31.28879518	121.2135552	0	0	0	0	0	
0	[GPS]	0	31.2887858	121.2135713	0	0	0	0	0	
0	[GPS]	0	31.28877775	121.2135659	0	0	0	0	0	
0	[GPS]	0	31.28874824	121.2136223	0	0	0	0	0	
0	[GPS]	0	31.28875629	121.2136276	0	0	0	0	0	
0	[GPS]	0	31.28875227	121.2136357	0	0	0	0	0	
0	[GPS]	0	31.28887699	121.2137269	0	0	0	0	0	
0	[GPS]	0	31.28891991	121.2136464	0	0	0	0	0	
0	[GPS]	0	31.28892527	121.2136491	0	0	0	0	0	
0	[GPS]	0	31.28895343	121.2135954	0	0	0	0	0	
0	[GPS]	0	31.28894539	121.2135901	0	0	0	0	0	
0	[GPS]	0	31.28895612	121.2135713	0	0	0	0	0	
0	[GPS]	0	31.28896282	121.2135767	0	0	0	0	0	
0	[GPS]	0	31.28899098	121.213523	0	0	0	0	0	
0	[GPS]	0	31.28898294	121.2135176	0	0	0	0	0	
0	[GPS]	0	31.28899501	121.2134962	0	0	0	0	0	
0	[GPS]	0	31.28900171	121.2135016	0	0	0	0	0	
0	[GPS]	0	31.28902853	121.2134506	0	0	0	0	0	
0	[GPS]	0	31.28902183	121.2134452	0	0	0	0	0	
0	[GPS]	0	31.28903122	121.2134264	0	0	0	0	0	
0	[GPS]	0	31.28903792	121.2134291	0	0	0	0	0	
0	[GPS]	0	31.2890634	121.2133782	0	0	0	0	0	
0	[GPS]	0	31.28905402	121.2133728	0	0	0	0	0	
0	[GPS]	0	31.28849075	121.2121926	0	0	0	0	0	
0	[GPS]	0	31.28845588	121.2121658	0	0	0	0	0	
0	[GPS]	0	31.28846795	121.2121444	0	0	0	0	0	
0	[GPS]	0	31.28843845	121.2121229	0	0	0	0	0	
0	[GPS]	0	31.28842504	121.212147	0	0	0	0	0	
0	[GPS]	0	31.28836871	121.2121068	0	0	0	0	0	
0	[GPS]	0	31.28828422	121.2122677	0	0	0	0	0	
0	[GPS]	0	31.28840626	121.2123536	0	0	0	0	0	
0	[GPS]	0	31.28899769	121.2120532	0	0	0	0	0	
0	[GPS]	0	31.2890634	121.2121068	0	0	0	0	0	
0	[GPS]	0	31.28907145	121.2121551	0	0	0	0	0	
0	[GPS]	0	31.28908084	121.2121524	0	0	0	0	0	
0	[GPS]	0	31.2890862	121.2122195	0	0	0	0	0	
0	[GPS]	0	31.28907681	121.2122195	0	0	0	0	0	
0	[GPS]	0	31.28909827	121.2124206	0	0	0	0	0	
0	[GPS]	0	31.28911034	121.2124179	0	0	0	0	0	
0	[GPS]	0	31.28912241	121.2125655	0	0	0	0	0	
0	[GPS]	0	31.28911302	121.2125655	0	0	0	0	0	
0	[GPS]	0	31.28915058	121.2129812	0	0	0	0	0	
0	[GPS]	0	31.28913046	121.2129839	0	0	0	0	0	
0	[GPS]	0	31.28913314	121.2130053	0	0	0	0	0	
0	[GPS]	0	31.28906877	121.2130107	0	0	0	0	0	
0	[GPS]	0	31.2890634	121.2128927	0	0	0	0	0	
0	[GPS]	0	31.28901781	121.2129866	0	0	0	0	0	
0	[GPS]	0	31.28896148	121.212949	0	0	0	0	0	
0	[GPS]	0	31.28905267	121.2127693	0	0	0	0	0	
0	[GPS]	0	31.28903658	121.2125896	0	0	0	0	0	
0	[GPS]	0	31.28901915	121.2125789	0	0	0	0	0	
0	[GPS]	0	31.28898562	121.2126486	0	0	0	0	0	
0	[GPS]	0	31.28888906	121.2125789	0	0	0	0	0	
0	[GPS]	0	31.28897355	121.2124072	0	0	0	0	0	
0	[GPS]	0	31.28901378	121.2124045	0	0	0	0	0	
0	[GPS]	0	31.28899769	121.2122168	0	0	0	0	0	
0	[GPS]	0	31.28892661	121.2122248	0	0	0	0	0	
0	[GPS]	0	31.28892527	121.2121873	0	0	0	0	0	
0	[GPS]	0	31.28840492	121.2163393	0	0	0	0	0	
0	[GPS]	0	31.28850953	121.2168034	0	0	0	0	0	
0	[GPS]	0	31.28863425	121.2167658	0	0	0	0	0	
0	[GPS]	0	31.28852964	121.2163018	0	0	0	0	0	
0	[GPS]	0	31.28834457	121.2154649	0	0	0	0	0	
0	[GPS]	0	31.28832848	121.2159316	0	0	0	0	0	
0	[GPS]	0	31.28843174	121.215937	0	0	0	0	0	
0	[GPS]	0	31.28844784	121.2154703	0	0	0	0	0	
0	[GPS]	0	31.28901244	121.2161194	0	0	0	0	0	
0	[GPS]	0	31.28899367	121.2162642	0	0	0	0	0	
0	[GPS]	0	31.28897757	121.2163662	0	0	0	0	0	
0	[GPS]	0	31.28894673	121.2165324	0	0	0	0	0	
0	[GPS]	0	31.28905402	121.2165593	0	0	0	0	0	
0	[GPS]	0	31.28908888	121.2163635	0	0	0	0	0	
0	[GPS]	0	31.28911571	121.216165	0	0	0	0	0	
0	[GPS]	0	31.28877507	121.2155159	0	0	0	0	0	
0	[GPS]	0	31.28884078	121.2159799	0	0	0	0	0	
0	[GPS]	0	31.2889655	121.2159558	0	0	0	0	0	
0	[GPS]	0	31.28889979	121.2154918	0	0	0	0	0	
0	[GPS]	0	31.2880683	121.2153898	0	0	0	0	0	
0	[GPS]	0	31.28803478	121.215878	0	0	0	0	0	
0	[GPS]	0	31.28817023	121.2158914	0	0	0	0	0	
0	[GPS]	0	31.28820376	121.2154006	0	0	0	0	0	
0	[GPS]	0	31.2879409	121.215363	0	0	0	0	0	
0	[GPS]	0	31.28791139	121.2158592	0	0	0	0	0	
0	[GPS]	0	31.28774242	121.2158458	0	0	0	0	0	
0	[GPS]	0	31.28777192	121.2153496	0	0	0	0	0	
0	[GPS]	0	31.28818766	121.2159611	0	0	0	0	0	
0	[GPS]	0	31.28822253	121.2162776	0	0	0	0	0	
0	[GPS]	0	31.28806696	121.2163018	0	0	0	0	0	
0	[GPS]	0	31.28803209	121.2159853	0	0	0	0	0	
0	[GPS]	0	31.28790201	121.2159906	0	0	0	0	0	
0	[GPS]	0	31.28773973	121.2160175	0	0	0	0	0	
0	[GPS]	0	31.28778131	121.2163474	0	0	0	0	0	
0	[GPS]	0	31.28794358	121.2163206	0	0	0	0	0	
0	[GPS]	0	31.28824533	121.2163796	0	0	0	0	0	
0	[GPS]	0	31.28808842	121.2164171	0	0	0	0	0	
0	[GPS]	0	31.28815816	121.2166853	0	0	0	0	0	
0	[GPS]	0	31.28831775	121.2166263	0	0	0	0	0	
0	[GPS]	0	31.28797577	121.2164252	0	0	0	0	0	
0	[GPS]	0	31.28780813	121.2164815	0	0	0	0	0	
0	[GPS]	0	31.28788055	121.2167712	0	0	0	0	0	
0	[GPS]	0	31.28804819	121.2167148	0	0	0	0	0	
0	[GPS]	0	31.28835932	121.216739	0	0	0	0	0	
0	[GPS]	0	31.28819839	121.2168007	0	0	0	0	0	
0	[GPS]	0	31.2882869	121.2171011	0	0	0	0	0	
0	[GPS]	0	31.2884465	121.2170394	0	0	0	0	0	
0	[GPS]	0	31.28792212	121.2169294	0	0	0	0	0	
0	[GPS]	0	31.2880911	121.2168624	0	0	0	0	0	
0	[GPS]	0	31.28815682	121.217093	0	0	0	0	0	
0	[GPS]	0	31.28810183	121.2171145	0	0	0	0	0	
0	[GPS]	0	31.28805892	121.2169696	0	0	0	0	0	
0	[GPS]	0	31.28794626	121.2170126	0	0	0	0	0	
0	[GPS]	0	31.28849746	121.2171708	0	0	0	0	0	
0	[GPS]	0	31.288303	121.217195	0	0	0	0	0	
0	[GPS]	0	31.28833384	121.2175517	0	0	0	0	0	
0	[GPS]	0	31.28840492	121.2175436	0	0	0	0	0	
0	[GPS]	0	31.28839956	121.2174793	0	0	0	0	0	
0	[GPS]	0	31.28845722	121.2174712	0	0	0	0	0	
0	[GPS]	0	31.28846259	121.2175329	0	0	0	0	0	
0	[GPS]	0	31.2885283	121.2175275	0	0	0	0	0	
0	[GPS]	0	31.28818364	121.2172942	0	0	0	0	0	
0	[GPS]	0	31.28807099	121.2173183	0	0	0	0	0	
0	[GPS]	0	31.28805758	121.2175571	0	0	0	0	0	
0	[GPS]	0	31.28822655	121.2175705	0	0	0	0	0	
0	[GPS]	0	31.28786177	121.2131207	0	0	0	0	0	
0	[GPS]	0	31.28783227	121.2130939	0	0	0	0	0	
0	[GPS]	0	31.28786446	121.2129812	0	0	0	0	0	
0	[GPS]	0	31.28778667	121.212949	0	0	0	0	0	
0	[GPS]	0	31.2877518	121.2130778	0	0	0	0	0	
0	[GPS]	0	31.28772364	121.2131448	0	0	0	0	0	
0	[GPS]	0	31.28767402	121.2132387	0	0	0	0	0	
0	[GPS]	0	31.28762574	121.2133138	0	0	0	0	0	
0	[GPS]	0	31.28757746	121.2133969	0	0	0	0	0	
0	[GPS]	0	31.28750906	121.2134801	0	0	0	0	0	
0	[GPS]	0	31.28746347	121.2135176	0	0	0	0	0	
0	[GPS]	0	31.28740982	121.2135659	0	0	0	0	0	
0	[GPS]	0	31.2873602	121.2136142	0	0	0	0	0	
0	[GPS]	0	31.28730253	121.2136759	0	0	0	0	0	
0	[GPS]	0	31.28721536	121.2138046	0	0	0	0	0	
0	[GPS]	0	31.28717647	121.2138797	0	0	0	0	0	
0	[GPS]	0	31.28712148	121.2140434	0	0	0	0	0	
0	[GPS]	0	31.28708259	121.2141828	0	0	0	0	0	
0	[GPS]	0	31.28714831	121.2142338	0	0	0	0	0	
0	[GPS]	0	31.28716574	121.2142043	0	0	0	0	0	
0	[GPS]	0	31.28721134	121.2142418	0	0	0	0	0	
0	[GPS]	0	31.28720195	121.2142606	0	0	0	0	0	
0	[GPS]	0	31.28725559	121.2143089	0	0	0	0	0	
0	[GPS]	0	31.28799588	121.2130751	0	0	0	0	0	
0	[GPS]	0	31.28792481	121.2130134	0	0	0	0	0	
0	[GPS]	0	31.28768877	121.2119325	0	0	0	0	0	
0	[GPS]	0	31.28752918	121.211801	0	0	0	0	0	
0	[GPS]	0	31.28686667	121.2128981	0	0	0	0	0	
0	[GPS]	0	31.28702761	121.2130295	0	0	0	0	0	
0	[GPS]	0	31.28723682	121.2117876	0	0	0	0	0	
0	[GPS]	0	31.28700749	121.2115972	0	0	0	0	0	
0	[GPS]	0	31.28643216	121.212552	0	0	0	0	0	
0	[GPS]	0	31.28666014	121.2127425	0	0	0	0	0	
0	[GPS]	0	31.28710003	121.2161462	0	0	0	0	0	
0	[GPS]	0	31.28645764	121.2159129	0	0	0	0	0	
0	[GPS]	0	31.28640265	121.2161248	0	0	0	0	0	
0	[GPS]	0	31.28704504	121.2163581	0	0	0	0	0	
0	[GPS]	0	31.28699944	121.2164734	0	0	0	0	0	
0	[GPS]	0	31.28638924	121.2162481	0	0	0	0	0	
0	[GPS]	0	31.28634767	121.2163983	0	0	0	0	0	
0	[GPS]	0	31.28695921	121.2166236	0	0	0	0	0	
0	[GPS]	0	31.28637583	121.2175866	0	0	0	0	0	
0	[GPS]	0	31.28620283	121.218072	0	0	0	0	0	
0	[GPS]	0	31.28632219	121.218131	0	0	0	0	0	
0	[GPS]	0	31.28649519	121.2176456	0	0	0	0	0	
0	[GPS]	0	31.28656224	121.2176912	0	0	0	0	0	
0	[GPS]	0	31.28642679	121.2181579	0	0	0	0	0	
0	[GPS]	0	31.28666551	121.2182544	0	0	0	0	0	
0	[GPS]	0	31.28677414	121.2178816	0	0	0	0	0	
0	[GPS]	0	31.28664003	121.217828	0	0	0	0	0	
0	[GPS]	0	31.28666819	121.2177341	0	0	0	0	0	
0	[GPS]	0	31.28636912	121.2158994	0	0	0	0	0	
0	[GPS]	0	31.28632889	121.2160818	0	0	0	0	0	
0	[GPS]	0	31.28614114	121.2160255	0	0	0	0	0	
0	[GPS]	0	31.28625647	121.2158646	0	0	0	0	0	
0	[GPS]	0	31.28629805	121.2161999	0	0	0	0	0	
0	[GPS]	0	31.28625915	121.2163527	0	0	0	0	0	
0	[GPS]	0	31.28603921	121.2162776	0	0	0	0	0	
0	[GPS]	0	31.28607811	121.2161248	0	0	0	0	0	
0	[GPS]	0	31.28226669	121.2075524	0	0	0	0	0	
0	[GPS]	0	31.28188179	121.2074693	0	0	0	0	0	
0	[GPS]	0	31.28190593	121.2073164	0	0	0	0	0	
0	[GPS]	0	31.28229083	121.2073968	0	0	0	0	0	
0	[GPS]	0	31.28131182	121.2071876	0	0	0	0	0	
0	[GPS]	0	31.28183753	121.2073003	0	0	0	0	0	
0	[GPS]	0	31.28180669	121.2075015	0	0	0	0	0	
0	[GPS]	0	31.28128097	121.2073888	0	0	0	0	0	
0	[GPS]	0	31.28118576	121.2073834	0	0	0	0	0	
0	[GPS]	0	31.28079952	121.2073003	0	0	0	0	0	
0	[GPS]	0	31.28083305	121.2070857	0	0	0	0	0	
0	[GPS]	0	31.28121928	121.2071689	0	0	0	0	0	
