0	[GPS]	0	31.29236118	121.2169509	0	0	0	0	0	
0	[GPS]	0	31.29237191	121.2175866	0	0	0	0	0	
0	[GPS]	0	31.29237057	121.2177153	0	0	0	0	0	
0	[GPS]	0	31.29236252	121.2178226	0	0	0	0	0	
0	[GPS]	0	31.29234911	121.2179031	0	0	0	0	0	
0	[GPS]	0	31.29232497	121.2179701	0	0	0	0	0	
0	[GPS]	0	31.29229278	121.2180264	0	0	0	0	0	
0	[GPS]	0	31.29225389	121.2180694	0	0	0	0	0	
0	[GPS]	0	31.29221098	121.2181042	0	0	0	0	0	
0	[GPS]	0	31.29217074	121.2181257	0	0	0	0	0	
0	[GPS]	0	31.2921238	121.2181418	0	0	0	0	0	
0	[GPS]	0	31.29207955	121.2181498	0	0	0	0	0	
0	[GPS]	0	31.29151762	121.2181954	0	0	0	0	0	
0	[GPS]	0	31.29130975	121.2182115	0	0	0	0	0	
0	[GPS]	0	31.29097984	121.2182383	0	0	0	0	0	
0	[GPS]	0	31.29093827	121.2182383	0	0	0	0	0	
0	[GPS]	0	31.29090876	121.2182276	0	0	0	0	0	
0	[GPS]	0	31.29087926	121.2182061	0	0	0	0	0	
0	[GPS]	0	31.29086048	121.218182	0	0	0	0	0	
0	[GPS]	0	31.29084573	121.2181445	0	0	0	0	0	
0	[GPS]	0	31.29083903	121.2181042	0	0	0	0	0	
0	[GPS]	0	31.29083768	121.2180559	0	0	0	0	0	
0	[GPS]	0	31.29084171	121.2179889	0	0	0	0	0	
0	[GPS]	0	31.2908806	121.2176	0	0	0	0	0	
0	[GPS]	0	31.29088731	121.2174954	0	0	0	0	0	
0	[GPS]	0	31.29088596	121.2173934	0	0	0	0	0	
0	[GPS]	0	31.29088462	121.2172754	0	0	0	0	0	
0	[GPS]	0	31.29085646	121.216739	0	0	0	0	0	
0	[GPS]	0	31.2908578	121.216688	0	0	0	0	0	
0	[GPS]	0	31.29086853	121.2166397	0	0	0	0	0	
0	[GPS]	0	31.29090876	121.2165861	0	0	0	0	0	
0	[GPS]	0	31.29093827	121.2165673	0	0	0	0	0	
0	[GPS]	0	31.29097582	121.2165539	0	0	0	0	0	
0	[GPS]	0	31.29101069	121.2165512	0	0	0	0	0	
0	[GPS]	0	31.29105763	121.216562	0	0	0	0	0	
0	[GPS]	0	31.291468	121.2166853	0	0	0	0	0	
0	[GPS]	0	31.29162357	121.2167309	0	0	0	0	0	
0	[GPS]	0	31.29212649	121.2168811	0	0	0	0	0	
0	[GPS]	0	31.29243896	121.216975	0	0	0	0	0	
0	[GPS]	0	31.29247383	121.2169831	0	0	0	0	0	
0	[GPS]	0	31.29088596	121.2173934	0	0	0	0	0	
0	[GPS]	0	31.29055203	121.2174229	0	0	0	0	0	
0	[GPS]	0	31.29055203	121.2174229	0	0	0	0	0	
0	[GPS]	0	31.29035086	121.2174444	0	0	0	0	0	
0	[GPS]	0	31.28943891	121.2152584	0	0	0	0	0	
0	[GPS]	0	31.28951133	121.2160282	0	0	0	0	0	
0	[GPS]	0	31.28955693	121.2165593	0	0	0	0	0	
0	[GPS]	0	31.28953011	121.2166102	0	0	0	0	0	
0	[GPS]	0	31.28950194	121.2166424	0	0	0	0	0	
0	[GPS]	0	31.28947646	121.2166531	0	0	0	0	0	
0	[GPS]	0	31.28941611	121.2166585	0	0	0	0	0	
0	[GPS]	0	31.28938929	121.2166773	0	0	0	0	0	
0	[GPS]	0	31.28937186	121.2167014	0	0	0	0	0	
0	[GPS]	0	31.28936783	121.2167336	0	0	0	0	0	
0	[GPS]	0	31.28943489	121.2175302	0	0	0	0	0	
0	[GPS]	0	31.28950194	121.2182437	0	0	0	0	0	
0	[GPS]	0	31.28975675	121.2183429	0	0	0	0	0	
0	[GPS]	0	31.28977151	121.2186621	0	0	0	0	0	
0	[GPS]	0	31.29035086	121.2174444	0	0	0	0	0	
0	[GPS]	0	31.29025967	121.2174578	0	0	0	0	0	
0	[GPS]	0	31.28931017	121.2138046	0	0	0	0	0	
0	[GPS]	0	31.28940404	121.2148722	0	0	0	0	0	
0	[GPS]	0	31.28941477	121.2149848	0	0	0	0	0	
0	[GPS]	0	31.29212112	121.2057473	0	0	0	0	0	
0	[GPS]	0	31.2923424	121.2057741	0	0	0	0	0	
0	[GPS]	0	31.29246444	121.2057526	0	0	0	0	0	
0	[GPS]	0	31.29261331	121.2056936	0	0	0	0	0	
0	[GPS]	0	31.29272596	121.2056132	0	0	0	0	0	
0	[GPS]	0	31.29284934	121.2054898	0	0	0	0	0	
0	[GPS]	0	31.29291774	121.2053557	0	0	0	0	0	
0	[GPS]	0	31.29295931	121.2052591	0	0	0	0	0	
0	[GPS]	0	31.29299552	121.2050875	0	0	0	0	0	
0	[GPS]	0	31.29298211	121.2049104	0	0	0	0	0	
0	[GPS]	0	31.29292713	121.2051036	0	0	0	0	0	
0	[GPS]	0	31.29286275	121.2052484	0	0	0	0	0	
0	[GPS]	0	31.29280643	121.2053906	0	0	0	0	0	
0	[GPS]	0	31.29264818	121.2055381	0	0	0	0	0	
0	[GPS]	0	31.29243226	121.2056722	0	0	0	0	0	
0	[GPS]	0	31.29225389	121.2057312	0	0	0	0	0	
0	[GPS]	0	31.29212112	121.2057473	0	0	0	0	0	
0	[GPS]	0	31.29076124	121.203859	0	0	0	0	0	
0	[GPS]	0	31.29134194	121.2032528	0	0	0	0	0	
0	[GPS]	0	31.29262538	121.2050124	0	0	0	0	0	
0	[GPS]	0	31.29271255	121.2051787	0	0	0	0	0	
0	[GPS]	0	31.29280643	121.2053906	0	0	0	0	0	
0	[GPS]	0	31.29284934	121.2054898	0	0	0	0	0	
0	[GPS]	0	31.29293651	121.2057956	0	0	0	0	0	
0	[GPS]	0	31.29301966	121.2061013	0	0	0	0	0	
0	[GPS]	0	31.29310147	121.2064661	0	0	0	0	0	
0	[GPS]	0	31.29313902	121.2067182	0	0	0	0	0	
0	[GPS]	0	31.29315914	121.2069596	0	0	0	0	0	
0	[GPS]	0	31.29316852	121.2071554	0	0	0	0	0	
0	[GPS]	0	31.29317121	121.2073378	0	0	0	0	0	
0	[GPS]	0	31.29316987	121.2076973	0	0	0	0	0	
0	[GPS]	0	31.29311354	121.209784	0	0	0	0	0	
0	[GPS]	0	31.29309879	121.2099691	0	0	0	0	0	
0	[GPS]	0	31.29308001	121.2101059	0	0	0	0	0	
0	[GPS]	0	31.29305587	121.2102427	0	0	0	0	0	
0	[GPS]	0	31.29303844	121.210358	0	0	0	0	0	
0	[GPS]	0	31.29302369	121.2105136	0	0	0	0	0	
0	[GPS]	0	31.2930143	121.2107791	0	0	0	0	0	
0	[GPS]	0	31.29302369	121.211101	0	0	0	0	0	
0	[GPS]	0	31.29304917	121.211337	0	0	0	0	0	
0	[GPS]	0	31.29306258	121.2115999	0	0	0	0	0	
0	[GPS]	0	31.29301966	121.2124528	0	0	0	0	0	
0	[GPS]	0	31.29297272	121.2131234	0	0	0	0	0	
0	[GPS]	0	31.29295127	121.2133299	0	0	0	0	0	
0	[GPS]	0	31.2929003	121.2137966	0	0	0	0	0	
0	[GPS]	0	31.29285739	121.2141024	0	0	0	0	0	
0	[GPS]	0	31.29271925	121.2148373	0	0	0	0	0	
0	[GPS]	0	31.29254089	121.2156768	0	0	0	0	0	
0	[GPS]	0	31.29249529	121.2159102	0	0	0	0	0	
0	[GPS]	0	31.29244567	121.2161838	0	0	0	0	0	
0	[GPS]	0	31.29240812	121.2164332	0	0	0	0	0	
0	[GPS]	0	31.29235582	121.2168945	0	0	0	0	0	
0	[GPS]	0	31.28983722	121.2077428	0	0	0	0	0	
0	[GPS]	0	31.28977687	121.2078528	0	0	0	0	0	
0	[GPS]	0	31.29007862	121.2081023	0	0	0	0	0	
0	[GPS]	0	31.29010678	121.2081371	0	0	0	0	0	
0	[GPS]	0	31.29011483	121.208164	0	0	0	0	0	
0	[GPS]	0	31.29011081	121.2082042	0	0	0	0	0	
0	[GPS]	0	31.29010142	121.2082391	0	0	0	0	0	
0	[GPS]	0	31.28974737	121.2088426	0	0	0	0	0	
0	[GPS]	0	31.28973127	121.2088586	0	0	0	0	0	
0	[GPS]	0	31.2897125	121.208864	0	0	0	0	0	
0	[GPS]	0	31.2896897	121.208864	0	0	0	0	0	
0	[GPS]	0	31.28966154	121.2088533	0	0	0	0	0	
0	[GPS]	0	31.28950329	121.2087192	0	0	0	0	0	
0	[GPS]	0	31.29514129	121.198111	0	0	0	0	0	
0	[GPS]	0	31.29505278	121.1981459	0	0	0	0	0	
0	[GPS]	0	31.2946947	121.1986636	0	0	0	0	0	
0	[GPS]	0	31.29453243	121.1989157	0	0	0	0	0	
0	[GPS]	0	31.29061908	121.2159209	0	0	0	0	0	
0	[GPS]	0	31.29069419	121.2160282	0	0	0	0	0	
0	[GPS]	0	31.29080416	121.2161328	0	0	0	0	0	
0	[GPS]	0	31.2913473	121.2165298	0	0	0	0	0	
0	[GPS]	0	31.29152165	121.2166397	0	0	0	0	0	
0	[GPS]	0	31.29162491	121.2166907	0	0	0	0	0	
0	[GPS]	0	31.29212783	121.2168382	0	0	0	0	0	
0	[GPS]	0	31.29235582	121.2168945	0	0	0	0	0	
0	[GPS]	0	31.29244299	121.216916	0	0	0	0	0	
0	[GPS]	0	31.29246444	121.2169241	0	0	0	0	0	
0	[GPS]	0	31.29247517	121.2169455	0	0	0	0	0	
0	[GPS]	0	31.29247383	121.2169831	0	0	0	0	0	
0	[GPS]	0	31.29064993	121.2147756	0	0	0	0	0	
0	[GPS]	0	31.29060165	121.2146013	0	0	0	0	0	
0	[GPS]	0	31.29053191	121.2144618	0	0	0	0	0	
0	[GPS]	0	31.29049034	121.2143894	0	0	0	0	0	
0	[GPS]	0	31.29045279	121.2142955	0	0	0	0	0	
0	[GPS]	0	31.29044742	121.2142177	0	0	0	0	0	
0	[GPS]	0	31.29050643	121.2140246	0	0	0	0	0	
0	[GPS]	0	31.28995256	121.2137564	0	0	0	0	0	
0	[GPS]	0	31.28982649	121.2137134	0	0	0	0	0	
0	[GPS]	0	31.28972323	121.2137081	0	0	0	0	0	
0	[GPS]	0	31.28942148	121.2137778	0	0	0	0	0	
0	[GPS]	0	31.28931017	121.2138046	0	0	0	0	0	
0	[GPS]	0	31.28920824	121.2138181	0	0	0	0	0	
0	[GPS]	0	31.28905133	121.2138368	0	0	0	0	0	
0	[GPS]	0	31.28892259	121.2138315	0	0	0	0	0	
0	[GPS]	0	31.2887469	121.2138261	0	0	0	0	0	
0	[GPS]	0	31.28851087	121.2137885	0	0	0	0	0	
0	[GPS]	0	31.28826276	121.213692	0	0	0	0	0	
0	[GPS]	0	31.28805892	121.2135847	0	0	0	0	0	
0	[GPS]	0	31.2873535	121.213008	0	0	0	0	0	
0	[GPS]	0	31.287729	121.2105189	0	0	0	0	0	
0	[GPS]	0	31.2879409	121.2106799	0	0	0	0	0	
0	[GPS]	0	31.28803075	121.2107442	0	0	0	0	0	
0	[GPS]	0	31.28849746	121.2110956	0	0	0	0	0	
0	[GPS]	0	31.28933565	121.211734	0	0	0	0	0	
0	[GPS]	0	31.29009605	121.2123348	0	0	0	0	0	
0	[GPS]	0	31.29044072	121.2125923	0	0	0	0	0	
0	[GPS]	0	31.29083232	121.2128069	0	0	0	0	0	
0	[GPS]	0	31.29136474	121.2130322	0	0	0	0	0	
0	[GPS]	0	31.29168526	121.2131448	0	0	0	0	0	
0	[GPS]	0	31.29190923	121.2131985	0	0	0	0	0	
0	[GPS]	0	31.29232229	121.2132628	0	0	0	0	0	
0	[GPS]	0	31.29280777	121.2133111	0	0	0	0	0	
0	[GPS]	0	31.29232497	121.213177	0	0	0	0	0	
0	[GPS]	0	31.29193203	121.2130858	0	0	0	0	0	
0	[GPS]	0	31.29155652	121.2129892	0	0	0	0	0	
0	[GPS]	0	31.2911904	121.2128551	0	0	0	0	0	
0	[GPS]	0	31.29087389	121.2126727	0	0	0	0	0	
0	[GPS]	0	31.29055337	121.2125011	0	0	0	0	0	
0	[GPS]	0	31.29022748	121.2122811	0	0	0	0	0	
0	[GPS]	0	31.28921629	121.2114845	0	0	0	0	0	
0	[GPS]	0	31.28905267	121.2113558	0	0	0	0	0	
0	[GPS]	0	31.28855378	121.2110017	0	0	0	0	0	
0	[GPS]	0	31.28778533	121.2104251	0	0	0	0	0	
0	[GPS]	0	31.29193203	121.2130858	0	0	0	0	0	
0	[GPS]	0	31.29190923	121.2131985	0	0	0	0	0	
0	[GPS]	0	31.29170404	121.2144215	0	0	0	0	0	
0	[GPS]	0	31.29151494	121.2143947	0	0	0	0	0	
0	[GPS]	0	31.29050643	121.2140246	0	0	0	0	0	
0	[GPS]	0	31.28948049	121.2094675	0	0	0	0	0	
0	[GPS]	0	31.28960119	121.2092583	0	0	0	0	0	
0	[GPS]	0	31.28723816	121.2030785	0	0	0	0	0	
0	[GPS]	0	31.28729985	121.2031482	0	0	0	0	0	
0	[GPS]	0	31.2930438	121.2087514	0	0	0	0	0	
0	[GPS]	0	31.29253284	121.2087299	0	0	0	0	0	
0	[GPS]	0	31.29135937	121.2086736	0	0	0	0	0	
0	[GPS]	0	31.28514201	121.2069891	0	0	0	0	0	
0	[GPS]	0	31.2853177	121.2072815	0	0	0	0	0	
0	[GPS]	0	31.28539951	121.2075015	0	0	0	0	0	
0	[GPS]	0	31.28547863	121.2077858	0	0	0	0	0	
0	[GPS]	0	31.28547863	121.2080003	0	0	0	0	0	
0	[GPS]	0	31.28543437	121.20829	0	0	0	0	0	
0	[GPS]	0	31.28537939	121.2084188	0	0	0	0	0	
0	[GPS]	0	31.2853633	121.208459	0	0	0	0	0	
0	[GPS]	0	31.28526271	121.2086494	0	0	0	0	0	
0	[GPS]	0	31.28520505	121.2087084	0	0	0	0	0	
0	[GPS]	0	31.28507496	121.2088399	0	0	0	0	0	
0	[GPS]	0	31.28486575	121.2089901	0	0	0	0	0	
0	[GPS]	0	31.28470616	121.2090598	0	0	0	0	0	
0	[GPS]	0	31.28450365	121.2090974	0	0	0	0	0	
0	[GPS]	0	31.2843226	121.2090974	0	0	0	0	0	
0	[GPS]	0	31.28415094	121.2090571	0	0	0	0	0	
0	[GPS]	0	31.28398866	121.2089847	0	0	0	0	0	
0	[GPS]	0	31.28385321	121.2088935	0	0	0	0	0	
0	[GPS]	0	31.28376202	121.2088184	0	0	0	0	0	
0	[GPS]	0	31.28597484	121.2093012	0	0	0	0	0	
0	[GPS]	0	31.28606604	121.2093709	0	0	0	0	0	
0	[GPS]	0	31.28574819	121.2132414	0	0	0	0	0	
0	[GPS]	0	31.28581257	121.2132897	0	0	0	0	0	
0	[GPS]	0	31.28672049	121.2140326	0	0	0	0	0	
0	[GPS]	0	31.28727571	121.2144859	0	0	0	0	0	
0	[GPS]	0	31.28747285	121.2146308	0	0	0	0	0	
0	[GPS]	0	31.28772632	121.214781	0	0	0	0	0	
0	[GPS]	0	31.28789664	121.2148561	0	0	0	0	0	
0	[GPS]	0	31.28828422	121.2149634	0	0	0	0	0	
0	[GPS]	0	31.28857256	121.2149902	0	0	0	0	0	
0	[GPS]	0	31.2888153	121.2149741	0	0	0	0	0	
0	[GPS]	0	31.28940404	121.2148722	0	0	0	0	0	
0	[GPS]	0	31.28729985	121.2031482	0	0	0	0	0	
0	[GPS]	0	31.28739373	121.2032582	0	0	0	0	0	
0	[GPS]	0	31.28755198	121.2100495	0	0	0	0	0	
0	[GPS]	0	31.28651262	121.2092315	0	0	0	0	0	
0	[GPS]	0	31.2920031	121.2077938	0	0	0	0	0	
0	[GPS]	0	31.29205273	121.2077428	0	0	0	0	0	
0	[GPS]	0	31.29210235	121.2077214	0	0	0	0	0	
0	[GPS]	0	31.29214258	121.2077107	0	0	0	0	0	
0	[GPS]	0	31.29219488	121.2077214	0	0	0	0	0	
0	[GPS]	0	31.29223914	121.2077375	0	0	0	0	0	
0	[GPS]	0	31.29257173	121.2080003	0	0	0	0	0	
0	[GPS]	0	31.2925999	121.2080379	0	0	0	0	0	
0	[GPS]	0	31.29262135	121.2080996	0	0	0	0	0	
0	[GPS]	0	31.29263074	121.2081559	0	0	0	0	0	
0	[GPS]	0	31.29262404	121.2082122	0	0	0	0	0	
0	[GPS]	0	31.29259319	121.2082766	0	0	0	0	0	
0	[GPS]	0	31.29255966	121.2083222	0	0	0	0	0	
0	[GPS]	0	31.29251541	121.2083544	0	0	0	0	0	
0	[GPS]	0	31.29250334	121.2086119	0	0	0	0	0	
0	[GPS]	0	31.29212112	121.2057473	0	0	0	0	0	
0	[GPS]	0	31.29182742	121.205699	0	0	0	0	0	
0	[GPS]	0	31.29166649	121.2056561	0	0	0	0	0	
0	[GPS]	0	31.29147873	121.2055971	0	0	0	0	0	
0	[GPS]	0	31.29122661	121.2054898	0	0	0	0	0	
0	[GPS]	0	31.29105226	121.205404	0	0	0	0	0	
0	[GPS]	0	31.29089267	121.2053154	0	0	0	0	0	
0	[GPS]	0	31.29061238	121.2050982	0	0	0	0	0	
0	[GPS]	0	31.29036025	121.2048675	0	0	0	0	0	
0	[GPS]	0	31.29011349	121.2046127	0	0	0	0	0	
0	[GPS]	0	31.29000754	121.2044706	0	0	0	0	0	
0	[GPS]	0	31.28970043	121.2040521	0	0	0	0	0	
0	[GPS]	0	31.28957705	121.2037732	0	0	0	0	0	
0	[GPS]	0	31.28954486	121.2035371	0	0	0	0	0	
0	[GPS]	0	31.28954888	121.2033387	0	0	0	0	0	
0	[GPS]	0	31.28958509	121.2031509	0	0	0	0	0	
0	[GPS]	0	31.28969104	121.2029363	0	0	0	0	0	
0	[GPS]	0	31.28989221	121.2027325	0	0	0	0	0	
0	[GPS]	0	31.29061774	121.2020512	0	0	0	0	0	
0	[GPS]	0	31.29127757	121.2014128	0	0	0	0	0	
0	[GPS]	0	31.29151494	121.2013002	0	0	0	0	0	
0	[GPS]	0	31.29173354	121.2012573	0	0	0	0	0	
0	[GPS]	0	31.29194678	121.2013163	0	0	0	0	0	
0	[GPS]	0	31.29216806	121.2014397	0	0	0	0	0	
0	[GPS]	0	31.29280374	121.2020566	0	0	0	0	0	
0	[GPS]	0	31.29292713	121.2022121	0	0	0	0	0	
0	[GPS]	0	31.29301027	121.2024213	0	0	0	0	0	
0	[GPS]	0	31.29304246	121.2026467	0	0	0	0	0	
0	[GPS]	0	31.2930371	121.2029256	0	0	0	0	0	
0	[GPS]	0	31.29298211	121.2049104	0	0	0	0	0	
0	[GPS]	0	31.28597484	121.2093012	0	0	0	0	0	
0	[GPS]	0	31.28593327	121.2093629	0	0	0	0	0	
0	[GPS]	0	31.28584341	121.2094943	0	0	0	0	0	
0	[GPS]	0	31.28568918	121.2096901	0	0	0	0	0	
0	[GPS]	0	31.28546656	121.2098859	0	0	0	0	0	
0	[GPS]	0	31.28519834	121.2100415	0	0	0	0	0	
0	[GPS]	0	31.28513665	121.2100683	0	0	0	0	0	
0	[GPS]	0	31.28502936	121.2100978	0	0	0	0	0	
0	[GPS]	0	31.28456936	121.210189	0	0	0	0	0	
0	[GPS]	0	31.28450231	121.2102158	0	0	0	0	0	
0	[GPS]	0	31.28526271	121.2086494	0	0	0	0	0	
0	[GPS]	0	31.28597484	121.2093012	0	0	0	0	0	
0	[GPS]	0	31.28625379	121.209033	0	0	0	0	0	
0	[GPS]	0	31.28616662	121.2089659	0	0	0	0	0	
0	[GPS]	0	31.28450231	121.2102158	0	0	0	0	0	
0	[GPS]	0	31.28440172	121.2102534	0	0	0	0	0	
0	[GPS]	0	31.28418983	121.2104116	0	0	0	0	0	
0	[GPS]	0	31.28409461	121.2105323	0	0	0	0	0	
0	[GPS]	0	31.28401951	121.2107791	0	0	0	0	0	
0	[GPS]	0	31.28395245	121.2110661	0	0	0	0	0	
0	[GPS]	0	31.2839377	121.211101	0	0	0	0	0	
0	[GPS]	0	31.28382237	121.2113772	0	0	0	0	0	
0	[GPS]	0	31.2837419	121.2115114	0	0	0	0	0	
0	[GPS]	0	31.28364266	121.2116052	0	0	0	0	0	
0	[GPS]	0	31.28350855	121.2116669	0	0	0	0	0	
0	[GPS]	0	31.28324703	121.2116696	0	0	0	0	0	
0	[GPS]	0	31.28314109	121.2117152	0	0	0	0	0	
0	[GPS]	0	31.28307805	121.2118225	0	0	0	0	0	
0	[GPS]	0	31.28304989	121.2118788	0	0	0	0	0	
0	[GPS]	0	31.28297881	121.2120237	0	0	0	0	0	
0	[GPS]	0	31.28293992	121.212147	0	0	0	0	0	
0	[GPS]	0	31.2829359	121.2122624	0	0	0	0	0	
0	[GPS]	0	31.28295065	121.2123965	0	0	0	0	0	
0	[GPS]	0	31.28291176	121.2125413	0	0	0	0	0	
0	[GPS]	0	31.28275351	121.2126862	0	0	0	0	0	
0	[GPS]	0	31.28252015	121.2128659	0	0	0	0	0	
0	[GPS]	0	31.28246383	121.2129785	0	0	0	0	0	
0	[GPS]	0	31.28243835	121.2131153	0	0	0	0	0	
0	[GPS]	0	31.28246651	121.2132146	0	0	0	0	0	
0	[GPS]	0	31.28214599	121.2137564	0	0	0	0	0	
0	[GPS]	0	31.28205747	121.2138797	0	0	0	0	0	
0	[GPS]	0	31.28194884	121.2139843	0	0	0	0	0	
0	[GPS]	0	31.28189118	121.2141319	0	0	0	0	0	
0	[GPS]	0	31.29070894	121.2150304	0	0	0	0	0	
0	[GPS]	0	31.29064993	121.2147756	0	0	0	0	0	
0	[GPS]	0	31.28401951	121.2107791	0	0	0	0	0	
0	[GPS]	0	31.28390149	121.2106423	0	0	0	0	0	
0	[GPS]	0	31.28382773	121.210594	0	0	0	0	0	
0	[GPS]	0	31.28363059	121.210535	0	0	0	0	0	
0	[GPS]	0	31.28304319	121.2099879	0	0	0	0	0	
0	[GPS]	0	31.28303112	121.2098484	0	0	0	0	0	
0	[GPS]	0	31.281631	121.194195	0	0	0	0	0	
0	[GPS]	0	31.28146471	121.1944766	0	0	0	0	0	
0	[GPS]	0	31.28180266	121.1942406	0	0	0	0	0	
0	[GPS]	0	31.28210709	121.1945517	0	0	0	0	0	
0	[GPS]	0	31.28212319	121.1945598	0	0	0	0	0	
0	[GPS]	0	31.28214196	121.1945625	0	0	0	0	0	
0	[GPS]	0	31.28216208	121.1945571	0	0	0	0	0	
0	[GPS]	0	31.28217683	121.1945464	0	0	0	0	0	
0	[GPS]	0	31.28314645	121.1932911	0	0	0	0	0	
0	[GPS]	0	31.28315718	121.1932643	0	0	0	0	0	
0	[GPS]	0	31.28315986	121.1932375	0	0	0	0	0	
0	[GPS]	0	31.28315584	121.1932133	0	0	0	0	0	
0	[GPS]	0	31.28314377	121.1931919	0	0	0	0	0	
0	[GPS]	0	31.28282056	121.1928512	0	0	0	0	0	
0	[GPS]	0	31.28941477	121.2149848	0	0	0	0	0	
0	[GPS]	0	31.28943891	121.2152584	0	0	0	0	0	
0	[GPS]	0	31.28606201	121.2057419	0	0	0	0	0	
0	[GPS]	0	31.28591181	121.2059431	0	0	0	0	0	
0	[GPS]	0	31.28942148	121.2137778	0	0	0	0	0	
0	[GPS]	0	31.28940136	121.2137322	0	0	0	0	0	
0	[GPS]	0	31.28936918	121.2137027	0	0	0	0	0	
0	[GPS]	0	31.28933565	121.2136893	0	0	0	0	0	
0	[GPS]	0	31.28929541	121.2136866	0	0	0	0	0	
0	[GPS]	0	31.2892592	121.2137081	0	0	0	0	0	
0	[GPS]	0	31.28923238	121.2137322	0	0	0	0	0	
0	[GPS]	0	31.28921361	121.2137725	0	0	0	0	0	
0	[GPS]	0	31.28920824	121.2138181	0	0	0	0	0	
0	[GPS]	0	31.29135937	121.2086736	0	0	0	0	0	
0	[GPS]	0	31.29112602	121.2086602	0	0	0	0	0	
0	[GPS]	0	31.29100935	121.2086307	0	0	0	0	0	
0	[GPS]	0	31.2909034	121.2085824	0	0	0	0	0	
0	[GPS]	0	31.2908122	121.2085261	0	0	0	0	0	
0	[GPS]	0	31.29026637	121.2080754	0	0	0	0	0	
0	[GPS]	0	31.28983722	121.2077428	0	0	0	0	0	
0	[GPS]	0	31.28929273	121.2073191	0	0	0	0	0	
0	[GPS]	0	31.28923238	121.2072654	0	0	0	0	0	
0	[GPS]	0	31.28960119	121.2092583	0	0	0	0	0	
0	[GPS]	0	31.2896213	121.2092234	0	0	0	0	0	
0	[GPS]	0	31.28967495	121.2091296	0	0	0	0	0	
0	[GPS]	0	31.28978894	121.2089364	0	0	0	0	0	
0	[GPS]	0	31.29023419	121.2081881	0	0	0	0	0	
0	[GPS]	0	31.29026637	121.2080754	0	0	0	0	0	
0	[GPS]	0	31.2902932	121.207877	0	0	0	0	0	
0	[GPS]	0	31.29031197	121.206442	0	0	0	0	0	
0	[GPS]	0	31.29089267	121.2053154	0	0	0	0	0	
0	[GPS]	0	31.29302369	121.2099959	0	0	0	0	0	
0	[GPS]	0	31.29131109	121.2099154	0	0	0	0	0	
0	[GPS]	0	31.29071833	121.2098725	0	0	0	0	0	
0	[GPS]	0	31.29062445	121.2098323	0	0	0	0	0	
0	[GPS]	0	31.29048497	121.2097652	0	0	0	0	0	
0	[GPS]	0	31.29033745	121.209666	0	0	0	0	0	
0	[GPS]	0	31.28967495	121.2091296	0	0	0	0	0	
0	[GPS]	0	31.28874959	121.2083598	0	0	0	0	0	
0	[GPS]	0	31.28870399	121.2083115	0	0	0	0	0	
0	[GPS]	0	31.28616662	121.2089659	0	0	0	0	0	
0	[GPS]	0	31.28597484	121.2093012	0	0	0	0	0	
0	[GPS]	0	31.28407315	121.2075792	0	0	0	0	0	
0	[GPS]	0	31.28431187	121.2078475	0	0	0	0	0	
0	[GPS]	0	31.28632219	121.2095641	0	0	0	0	0	
0	[GPS]	0	31.2873374	121.2103473	0	0	0	0	0	
0	[GPS]	0	31.28978894	121.2089364	0	0	0	0	0	
0	[GPS]	0	31.2897125	121.208864	0	0	0	0	0	
0	[GPS]	0	31.28771425	121.2101112	0	0	0	0	0	
0	[GPS]	0	31.28806428	121.2095158	0	0	0	0	0	
0	[GPS]	0	31.28838078	121.2089793	0	0	0	0	0	
0	[GPS]	0	31.28849343	121.2087889	0	0	0	0	0	
0	[GPS]	0	31.28852696	121.2087299	0	0	0	0	0	
0	[GPS]	0	31.28375934	121.2073378	0	0	0	0	0	
0	[GPS]	0	31.28388674	121.2074827	0	0	0	0	0	
0	[GPS]	0	31.28394843	121.2075497	0	0	0	0	0	
0	[GPS]	0	31.28398598	121.2075766	0	0	0	0	0	
0	[GPS]	0	31.28403292	121.20759	0	0	0	0	0	
0	[GPS]	0	31.28407315	121.2075792	0	0	0	0	0	
0	[GPS]	0	31.28410802	121.2075497	0	0	0	0	0	
0	[GPS]	0	31.28413216	121.2074961	0	0	0	0	0	
0	[GPS]	0	31.28413887	121.2074478	0	0	0	0	0	
0	[GPS]	0	31.28413753	121.2073995	0	0	0	0	0	
0	[GPS]	0	31.28412546	121.2073539	0	0	0	0	0	
0	[GPS]	0	31.28408925	121.2073164	0	0	0	0	0	
0	[GPS]	0	31.28403158	121.2072815	0	0	0	0	0	
0	[GPS]	0	31.28386796	121.2071903	0	0	0	0	0	
0	[GPS]	0	31.28651262	121.2092315	0	0	0	0	0	
0	[GPS]	0	31.28625379	121.209033	0	0	0	0	0	
0	[GPS]	0	31.2920031	121.2077938	0	0	0	0	0	
0	[GPS]	0	31.29190118	121.2079628	0	0	0	0	0	
0	[GPS]	0	31.28682912	121.2026493	0	0	0	0	0	
0	[GPS]	0	31.28690154	121.202711	0	0	0	0	0	
0	[GPS]	0	31.28723816	121.2030785	0	0	0	0	0	
0	[GPS]	0	31.28616662	121.2089659	0	0	0	0	0	
0	[GPS]	0	31.2853633	121.208459	0	0	0	0	0	
0	[GPS]	0	31.29128159	121.2105645	0	0	0	0	0	
0	[GPS]	0	31.2912494	121.2114443	0	0	0	0	0	
0	[GPS]	0	31.29122258	121.2116374	0	0	0	0	0	
0	[GPS]	0	31.29118101	121.2117823	0	0	0	0	0	
0	[GPS]	0	31.29087389	121.2126727	0	0	0	0	0	
0	[GPS]	0	31.29083232	121.2128069	0	0	0	0	0	
0	[GPS]	0	31.29050643	121.2140246	0	0	0	0	0	
0	[GPS]	0	31.28836871	121.2046449	0	0	0	0	0	
0	[GPS]	0	31.28821314	121.2048675	0	0	0	0	0	
0	[GPS]	0	31.28814206	121.2049802	0	0	0	0	0	
0	[GPS]	0	31.28810049	121.2050714	0	0	0	0	0	
0	[GPS]	0	31.2881072	121.2051626	0	0	0	0	0	
0	[GPS]	0	31.28812329	121.2052538	0	0	0	0	0	
0	[GPS]	0	31.2881139	121.2053289	0	0	0	0	0	
0	[GPS]	0	31.28804551	121.2054952	0	0	0	0	0	
0	[GPS]	0	31.28789396	121.2056668	0	0	0	0	0	
0	[GPS]	0	31.28778399	121.2057312	0	0	0	0	0	
0	[GPS]	0	31.28744469	121.205817	0	0	0	0	0	
0	[GPS]	0	31.28729315	121.2059243	0	0	0	0	0	
0	[GPS]	0	31.28712014	121.2061067	0	0	0	0	0	
0	[GPS]	0	31.28681169	121.2065305	0	0	0	0	0	
0	[GPS]	0	31.28437624	121.2077563	0	0	0	0	0	
0	[GPS]	0	31.28413216	121.2074961	0	0	0	0	0	
0	[GPS]	0	31.28434942	121.2080298	0	0	0	0	0	
0	[GPS]	0	31.28376202	121.2088184	0	0	0	0	0	
0	[GPS]	0	31.28303112	121.2098484	0	0	0	0	0	
0	[GPS]	0	31.28260733	121.2104438	0	0	0	0	0	
0	[GPS]	0	31.28242762	121.210696	0	0	0	0	0	
0	[GPS]	0	31.28233776	121.2108515	0	0	0	0	0	
0	[GPS]	0	31.28222511	121.2110715	0	0	0	0	0	
0	[GPS]	0	31.28211514	121.2113182	0	0	0	0	0	
0	[GPS]	0	31.28203065	121.2115918	0	0	0	0	0	
0	[GPS]	0	31.28193946	121.2119754	0	0	0	0	0	
0	[GPS]	0	31.28190459	121.2122516	0	0	0	0	0	
0	[GPS]	0	31.28188849	121.2125011	0	0	0	0	0	
0	[GPS]	0	31.28189118	121.2141319	0	0	0	0	0	
0	[GPS]	0	31.28453718	121.2080459	0	0	0	0	0	
0	[GPS]	0	31.28457204	121.208003	0	0	0	0	0	
0	[GPS]	0	31.2845935	121.2079494	0	0	0	0	0	
0	[GPS]	0	31.28459753	121.2078904	0	0	0	0	0	
0	[GPS]	0	31.28458411	121.2078314	0	0	0	0	0	
0	[GPS]	0	31.28455461	121.2077831	0	0	0	0	0	
0	[GPS]	0	31.28451572	121.2077509	0	0	0	0	0	
0	[GPS]	0	31.28446878	121.2077348	0	0	0	0	0	
0	[GPS]	0	31.28442184	121.2077375	0	0	0	0	0	
0	[GPS]	0	31.28437624	121.2077563	0	0	0	0	0	
0	[GPS]	0	31.28434808	121.2077804	0	0	0	0	0	
0	[GPS]	0	31.28432662	121.2078126	0	0	0	0	0	
0	[GPS]	0	31.28431187	121.2078475	0	0	0	0	0	
0	[GPS]	0	31.28430248	121.2078957	0	0	0	0	0	
0	[GPS]	0	31.28430651	121.2079467	0	0	0	0	0	
0	[GPS]	0	31.2843226	121.2079923	0	0	0	0	0	
0	[GPS]	0	31.28434942	121.2080298	0	0	0	0	0	
0	[GPS]	0	31.284391	121.2080647	0	0	0	0	0	
0	[GPS]	0	31.28444062	121.2080781	0	0	0	0	0	
0	[GPS]	0	31.28449158	121.2080728	0	0	0	0	0	
0	[GPS]	0	31.28453718	121.2080459	0	0	0	0	0	
0	[GPS]	0	31.29130037	121.2101998	0	0	0	0	0	
0	[GPS]	0	31.29128159	121.2105645	0	0	0	0	0	
0	[GPS]	0	31.27557055	121.2263922	0	0	0	0	0	
0	[GPS]	0	31.27861084	121.2260409	0	0	0	0	0	
0	[GPS]	0	31.29247383	121.2169831	0	0	0	0	0	
0	[GPS]	0	31.29243762	121.2177636	0	0	0	0	0	
0	[GPS]	0	31.2924403	121.2178145	0	0	0	0	0	
0	[GPS]	0	31.29244701	121.2178548	0	0	0	0	0	
0	[GPS]	0	31.29250468	121.2179808	0	0	0	0	0	
0	[GPS]	0	31.29251943	121.2180291	0	0	0	0	0	
0	[GPS]	0	31.29253284	121.2180908	0	0	0	0	0	
0	[GPS]	0	31.29263477	121.2184046	0	0	0	0	0	
0	[GPS]	0	31.29233838	121.2079762	0	0	0	0	0	
0	[GPS]	0	31.29190118	121.2079628	0	0	0	0	0	
0	[GPS]	0	31.29137144	121.2079494	0	0	0	0	0	
0	[GPS]	0	31.28739373	121.2032582	0	0	0	0	0	
0	[GPS]	0	31.28780947	121.2037544	0	0	0	0	0	
0	[GPS]	0	31.28786177	121.203851	0	0	0	0	0	
0	[GPS]	0	31.28788994	121.2039287	0	0	0	0	0	
0	[GPS]	0	31.28790335	121.2040146	0	0	0	0	0	
0	[GPS]	0	31.28791005	121.204087	0	0	0	0	0	
0	[GPS]	0	31.28790067	121.204205	0	0	0	0	0	
0	[GPS]	0	31.28514201	121.1920787	0	0	0	0	0	
0	[GPS]	0	31.28492341	121.1923577	0	0	0	0	0	
0	[GPS]	0	31.28488855	121.1924382	0	0	0	0	0	
0	[GPS]	0	31.28487379	121.1924918	0	0	0	0	0	
0	[GPS]	0	31.28487379	121.1925669	0	0	0	0	0	
0	[GPS]	0	31.28506825	121.1943479	0	0	0	0	0	
0	[GPS]	0	31.28580854	121.1942272	0	0	0	0	0	
0	[GPS]	0	31.28568918	121.1929424	0	0	0	0	0	
0	[GPS]	0	31.28566102	121.1928834	0	0	0	0	0	
0	[GPS]	0	31.28536598	121.1925723	0	0	0	0	0	
0	[GPS]	0	31.28488184	121.1926447	0	0	0	0	0	
0	[GPS]	0	31.28606604	121.2093709	0	0	0	0	0	
0	[GPS]	0	31.28632219	121.2095641	0	0	0	0	0	
0	[GPS]	0	31.29052655	121.2160684	0	0	0	0	0	
0	[GPS]	0	31.29061908	121.2159209	0	0	0	0	0	
0	[GPS]	0	31.29067809	121.215768	0	0	0	0	0	
0	[GPS]	0	31.29073174	121.2154891	0	0	0	0	0	
0	[GPS]	0	31.29074247	121.215312	0	0	0	0	0	
0	[GPS]	0	31.29070894	121.2150304	0	0	0	0	0	
0	[GPS]	0	31.2923424	121.2057741	0	0	0	0	0	
0	[GPS]	0	31.29255564	121.2058036	0	0	0	0	0	
0	[GPS]	0	31.29265488	121.2058438	0	0	0	0	0	
0	[GPS]	0	31.29273937	121.2058921	0	0	0	0	0	
0	[GPS]	0	31.29282788	121.2059619	0	0	0	0	0	
0	[GPS]	0	31.29292042	121.2060557	0	0	0	0	0	
0	[GPS]	0	31.29300759	121.2062033	0	0	0	0	0	
0	[GPS]	0	31.29310147	121.2064661	0	0	0	0	0	
0	[GPS]	0	31.29147873	121.2055971	0	0	0	0	0	
0	[GPS]	0	31.29138486	121.2071581	0	0	0	0	0	
0	[GPS]	0	31.29137144	121.2079494	0	0	0	0	0	
0	[GPS]	0	31.29135937	121.2086736	0	0	0	0	0	
0	[GPS]	0	31.29131109	121.2099154	0	0	0	0	0	
0	[GPS]	0	31.29130037	121.2101998	0	0	0	0	0	
0	[GPS]	0	31.28836871	121.2046449	0	0	0	0	0	
0	[GPS]	0	31.28912375	121.2036042	0	0	0	0	0	
0	[GPS]	0	31.28925518	121.2034352	0	0	0	0	0	
0	[GPS]	0	31.2894483	121.2031885	0	0	0	0	0	
0	[GPS]	0	31.28969104	121.2029363	0	0	0	0	0	
0	[GPS]	0	31.29285739	121.2141024	0	0	0	0	0	
0	[GPS]	0	31.29247383	121.2142418	0	0	0	0	0	
0	[GPS]	0	31.29220293	121.2143411	0	0	0	0	0	
0	[GPS]	0	31.29199238	121.2144108	0	0	0	0	0	
0	[GPS]	0	31.29184083	121.214443	0	0	0	0	0	
0	[GPS]	0	31.29170404	121.2144215	0	0	0	0	0	
0	[GPS]	0	31.29167588	121.214561	0	0	0	0	0	
0	[GPS]	0	31.29162089	121.2148614	0	0	0	0	0	
0	[GPS]	0	31.29149751	121.2155803	0	0	0	0	0	
0	[GPS]	0	31.29280777	121.2133111	0	0	0	0	0	
0	[GPS]	0	31.29295127	121.2133299	0	0	0	0	0	
0	[GPS]	0	31.28989221	121.2027325	0	0	0	0	0	
0	[GPS]	0	31.29076124	121.203859	0	0	0	0	0	
0	[GPS]	0	31.28189118	121.2141319	0	0	0	0	0	
0	[GPS]	0	31.28189654	121.2142365	0	0	0	0	0	
0	[GPS]	0	31.28189788	121.214443	0	0	0	0	0	
0	[GPS]	0	31.28192068	121.2146281	0	0	0	0	0	
0	[GPS]	0	31.2819703	121.2147917	0	0	0	0	0	
0	[GPS]	0	31.28203467	121.2149473	0	0	0	0	0	
0	[GPS]	0	31.28210575	121.2150787	0	0	0	0	0	
0	[GPS]	0	31.28220768	121.2151672	0	0	0	0	0	
0	[GPS]	0	31.28231899	121.2152477	0	0	0	0	0	
0	[GPS]	0	31.28315181	121.2159155	0	0	0	0	0	
0	[GPS]	0	31.28360108	121.216275	0	0	0	0	0	
0	[GPS]	0	31.28370435	121.216334	0	0	0	0	0	
0	[GPS]	0	31.28382773	121.2163688	0	0	0	0	0	
0	[GPS]	0	31.28396587	121.2163796	0	0	0	0	0	
0	[GPS]	0	31.28412143	121.2163849	0	0	0	0	0	
0	[GPS]	0	31.28506557	121.2163796	0	0	0	0	0	
0	[GPS]	0	31.28522382	121.2163206	0	0	0	0	0	
0	[GPS]	0	31.28536866	121.216224	0	0	0	0	0	
0	[GPS]	0	31.28547997	121.216114	0	0	0	0	0	
0	[GPS]	0	31.2855658	121.2159906	0	0	0	0	0	
0	[GPS]	0	31.28672049	121.2140326	0	0	0	0	0	
0	[GPS]	0	31.28716172	121.2133192	0	0	0	0	0	
0	[GPS]	0	31.28719793	121.2132575	0	0	0	0	0	
0	[GPS]	0	31.2873535	121.213008	0	0	0	0	0	
0	[GPS]	0	31.28849746	121.2110956	0	0	0	0	0	
0	[GPS]	0	31.28855378	121.2110017	0	0	0	0	0	
0	[GPS]	0	31.28879652	121.210594	0	0	0	0	0	
0	[GPS]	0	31.28886626	121.2104814	0	0	0	0	0	
0	[GPS]	0	31.28923238	121.2098779	0	0	0	0	0	
0	[GPS]	0	31.28941343	121.2095775	0	0	0	0	0	
0	[GPS]	0	31.28948049	121.2094675	0	0	0	0	0	
0	[GPS]	0	31.28970043	121.2040521	0	0	0	0	0	
0	[GPS]	0	31.28925518	121.2034352	0	0	0	0	0	
0	[GPS]	0	31.28847332	121.208687	0	0	0	0	0	
0	[GPS]	0	31.28804014	121.2094085	0	0	0	0	0	
0	[GPS]	0	31.2876472	121.2100603	0	0	0	0	0	
0	[GPS]	0	31.28740714	121.2105163	0	0	0	0	0	
0	[GPS]	0	31.28574819	121.2132414	0	0	0	0	0	
0	[GPS]	0	31.29138486	121.2071581	0	0	0	0	0	
0	[GPS]	0	31.29031197	121.206442	0	0	0	0	0	
0	[GPS]	0	31.28930212	121.2057553	0	0	0	0	0	
0	[GPS]	0	31.28922568	121.2056936	0	0	0	0	0	
0	[GPS]	0	31.28836871	121.2046449	0	0	0	0	0	
0	[GPS]	0	31.28814609	121.204382	0	0	0	0	0	
0	[GPS]	0	31.28807233	121.2043177	0	0	0	0	0	
0	[GPS]	0	31.28800661	121.2042667	0	0	0	0	0	
0	[GPS]	0	31.28794224	121.2042238	0	0	0	0	0	
0	[GPS]	0	31.28790067	121.204205	0	0	0	0	0	
0	[GPS]	0	31.28782825	121.2041809	0	0	0	0	0	
0	[GPS]	0	31.28772632	121.2041621	0	0	0	0	0	
0	[GPS]	0	31.28754393	121.2041621	0	0	0	0	0	
0	[GPS]	0	31.28737361	121.204197	0	0	0	0	0	
0	[GPS]	0	31.28720866	121.2042801	0	0	0	0	0	
0	[GPS]	0	31.28714026	121.204323	0	0	0	0	0	
0	[GPS]	0	31.28708259	121.2043713	0	0	0	0	0	
0	[GPS]	0	31.28606201	121.2057419	0	0	0	0	0	
0	[GPS]	0	31.28861547	121.208451	0	0	0	0	0	
0	[GPS]	0	31.28847332	121.208687	0	0	0	0	0	
0	[GPS]	0	31.28681169	121.2065305	0	0	0	0	0	
0	[GPS]	0	31.28666149	121.2067612	0	0	0	0	0	
0	[GPS]	0	31.28852696	121.2087299	0	0	0	0	0	
0	[GPS]	0	31.28866644	121.2084885	0	0	0	0	0	
0	[GPS]	0	31.28778533	121.2104251	0	0	0	0	0	
0	[GPS]	0	31.28780142	121.2103446	0	0	0	0	0	
0	[GPS]	0	31.2877974	121.2102641	0	0	0	0	0	
0	[GPS]	0	31.28777192	121.210189	0	0	0	0	0	
0	[GPS]	0	31.28771425	121.2101112	0	0	0	0	0	
0	[GPS]	0	31.28768743	121.2100871	0	0	0	0	0	
0	[GPS]	0	31.2876472	121.2100603	0	0	0	0	0	
0	[GPS]	0	31.28759624	121.2100522	0	0	0	0	0	
0	[GPS]	0	31.28755198	121.2100495	0	0	0	0	0	
0	[GPS]	0	31.2874809	121.2100683	0	0	0	0	0	
0	[GPS]	0	31.28741787	121.2101139	0	0	0	0	0	
0	[GPS]	0	31.28736959	121.210181	0	0	0	0	0	
0	[GPS]	0	31.28734143	121.2102614	0	0	0	0	0	
0	[GPS]	0	31.2873374	121.2103473	0	0	0	0	0	
0	[GPS]	0	31.28734679	121.2104063	0	0	0	0	0	
0	[GPS]	0	31.28736825	121.2104599	0	0	0	0	0	
0	[GPS]	0	31.28740714	121.2105163	0	0	0	0	0	
0	[GPS]	0	31.28747822	121.2105592	0	0	0	0	0	
0	[GPS]	0	31.28754125	121.210594	0	0	0	0	0	
0	[GPS]	0	31.28760965	121.2105914	0	0	0	0	0	
0	[GPS]	0	31.28767402	121.2105645	0	0	0	0	0	
0	[GPS]	0	31.287729	121.2105189	0	0	0	0	0	
0	[GPS]	0	31.28776119	121.210476	0	0	0	0	0	
0	[GPS]	0	31.28778533	121.2104251	0	0	0	0	0	
0	[GPS]	0	31.28574819	121.2132414	0	0	0	0	0	
0	[GPS]	0	31.28533245	121.2129061	0	0	0	0	0	
0	[GPS]	0	31.28525467	121.2128471	0	0	0	0	0	
0	[GPS]	0	31.28513665	121.2127881	0	0	0	0	0	
0	[GPS]	0	31.28499852	121.2127639	0	0	0	0	0	
0	[GPS]	0	31.28472225	121.21278	0	0	0	0	0	
0	[GPS]	0	31.28450365	121.21278	0	0	0	0	0	
0	[GPS]	0	31.28438563	121.21278	0	0	0	0	0	
0	[GPS]	0	31.28574819	121.2132414	0	0	0	0	0	
0	[GPS]	0	31.28542633	121.2137885	0	0	0	0	0	
0	[GPS]	0	31.28532709	121.2139066	0	0	0	0	0	
0	[GPS]	0	31.28519968	121.2140085	0	0	0	0	0	
0	[GPS]	0	31.28504814	121.214089	0	0	0	0	0	
0	[GPS]	0	31.28493548	121.2141211	0	0	0	0	0	
0	[GPS]	0	31.28479064	121.2141372	0	0	0	0	0	
0	[GPS]	0	31.28449694	121.2141292	0	0	0	0	0	
0	[GPS]	0	31.28189118	121.2141319	0	0	0	0	0	
0	[GPS]	0	31.28666149	121.2067612	0	0	0	0	0	
0	[GPS]	0	31.28663735	121.2068068	0	0	0	0	0	
0	[GPS]	0	31.28649653	121.2070723	0	0	0	0	0	
0	[GPS]	0	31.28643618	121.2072708	0	0	0	0	0	
0	[GPS]	0	31.28642277	121.2074371	0	0	0	0	0	
0	[GPS]	0	31.28641338	121.2077268	0	0	0	0	0	
0	[GPS]	0	31.28643216	121.2079842	0	0	0	0	0	
0	[GPS]	0	31.28641875	121.2081827	0	0	0	0	0	
0	[GPS]	0	31.28638656	121.2083812	0	0	0	0	0	
0	[GPS]	0	31.28637717	121.2084214	0	0	0	0	0	
0	[GPS]	0	31.28635437	121.2085207	0	0	0	0	0	
0	[GPS]	0	31.28630743	121.2086709	0	0	0	0	0	
0	[GPS]	0	31.28616662	121.2089659	0	0	0	0	0	
0	[GPS]	0	31.28189654	121.2142365	0	0	0	0	0	
0	[GPS]	0	31.28450633	121.2142257	0	0	0	0	0	
0	[GPS]	0	31.28478796	121.2142231	0	0	0	0	0	
0	[GPS]	0	31.28494085	121.2142043	0	0	0	0	0	
0	[GPS]	0	31.28507094	121.2141667	0	0	0	0	0	
0	[GPS]	0	31.28523589	121.2140782	0	0	0	0	0	
0	[GPS]	0	31.28538878	121.2139548	0	0	0	0	0	
0	[GPS]	0	31.28550277	121.2138181	0	0	0	0	0	
0	[GPS]	0	31.28581257	121.2132897	0	0	0	0	0	
0	[GPS]	0	31.28628329	121.2125172	0	0	0	0	0	
0	[GPS]	0	31.28747822	121.2105592	0	0	0	0	0	
0	[GPS]	0	31.27860145	121.2248607	0	0	0	0	0	
0	[GPS]	0	31.27861084	121.2260409	0	0	0	0	0	
0	[GPS]	0	31.27857865	121.2262072	0	0	0	0	0	
0	[GPS]	0	31.27864704	121.2269904	0	0	0	0	0	
0	[GPS]	0	31.28591181	121.2059431	0	0	0	0	0	
0	[GPS]	0	31.28549607	121.2065117	0	0	0	0	0	
0	[GPS]	0	31.28514201	121.2069891	0	0	0	0	0	
0	[GPS]	0	31.28455461	121.2077831	0	0	0	0	0	
0	[GPS]	0	31.28866644	121.2084885	0	0	0	0	0	
0	[GPS]	0	31.28869192	121.2084483	0	0	0	0	0	
0	[GPS]	0	31.28874959	121.2083598	0	0	0	0	0	
0	[GPS]	0	31.28905536	121.2078823	0	0	0	0	0	
0	[GPS]	0	31.28918276	121.2076838	0	0	0	0	0	
0	[GPS]	0	31.28926055	121.2075175	0	0	0	0	0	
0	[GPS]	0	31.28929273	121.2073191	0	0	0	0	0	
0	[GPS]	0	31.28930212	121.2057553	0	0	0	0	0	
0	[GPS]	0	31.28967763	121.2052055	0	0	0	0	0	
0	[GPS]	0	31.28993378	121.2048353	0	0	0	0	0	
0	[GPS]	0	31.29011349	121.2046127	0	0	0	0	0	
0	[GPS]	0	31.29062311	121.204095	0	0	0	0	0	
0	[GPS]	0	31.29076124	121.203859	0	0	0	0	0	
0	[GPS]	0	31.29049839	121.2040038	0	0	0	0	0	
0	[GPS]	0	31.29000754	121.2044706	0	0	0	0	0	
0	[GPS]	0	31.28979699	121.2047602	0	0	0	0	0	
0	[GPS]	0	31.28959716	121.2050767	0	0	0	0	0	
0	[GPS]	0	31.28922568	121.2056936	0	0	0	0	0	
0	[GPS]	0	31.28923238	121.2072654	0	0	0	0	0	
0	[GPS]	0	31.28919886	121.2074773	0	0	0	0	0	
0	[GPS]	0	31.28912241	121.2076517	0	0	0	0	0	
0	[GPS]	0	31.28900574	121.207834	0	0	0	0	0	
0	[GPS]	0	31.28870399	121.2083115	0	0	0	0	0	
0	[GPS]	0	31.28861547	121.208451	0	0	0	0	0	
