4.21684	4.21684	-0.04
4.21682	4.21682	0.19
4.21681	4.21681	0.15
4.21687	4.21687	0.48
4.21679	4.21679	-0
4.21676	4.21676	-0.24
4.21682	4.21682	-0.16
4.21685	4.21685	-0.12
4.21687	4.21687	0.16
4.21685	4.21685	0.29
4.21684	4.21684	0.12
4.2168	4.2168	-0.26
4.21689	4.21689	0.22
4.21681	4.21681	0.06
4.21684	4.21684	-0.35
4.21689	4.21689	0.14
4.21693	4.21693	0.21
4.21692	4.21692	0.21
4.21689	4.21689	-0.39
4.21692	4.21692	0.12
4.21691	4.21691	-0.05
4.21688	4.21688	0.16
4.2168	4.2168	-0.32
4.21685	4.21685	-0.28
4.21689	4.21689	0.08
4.21684	4.21684	-0.11
4.21687	4.21687	-0.32
4.21695	4.21695	-0.08
4.21688	4.21688	0.08
4.21689	4.21689	0.04
4.21692	4.21692	0.01
4.21689	4.21689	0.32
4.21693	4.21693	0.18
4.2168	4.2168	-0.29
4.21685	4.21685	0.4
4.21683	4.21683	-0.17
4.21689	4.21689	0.14
4.21687	4.21687	0.39
4.21683	4.21683	-0.07
4.21684	4.21684	-0.1
4.21678	4.21678	0.04
4.21681	4.21681	0.23
4.21679	4.21679	0.24
4.21686	4.21686	0.19
4.21682	4.21682	0.34
4.21674	4.21674	0.03
4.21679	4.21679	0.14
4.21678	4.21678	-0.27
4.21689	4.21689	0.35
4.21687	4.21687	0.39
4.21681	4.21681	0
4.21685	4.21685	0.05
4.21679	4.21679	-0.08
4.21683	4.21683	0.34
4.21682	4.21682	0.4
4.21687	4.21687	0.35
4.21681	4.21681	-0
4.21681	4.21681	-0.38
4.2169	4.2169	0.2
4.21686	4.21686	-0.02
4.21684	4.21684	0.01
4.21682	4.21682	-0.29
4.21686	4.21686	0.05
4.2169	4.2169	0.51
4.21686	4.21686	0.31
4.21683	4.21683	-0.01
4.21682	4.21682	-0.28
4.21683	4.21683	-0.32
4.21688	4.21688	0.53
4.2169	4.2169	0.13
4.21689	4.21689	0.51
4.21682	4.21682	-0.38
4.21692	4.21692	0.44
4.21687	4.21687	0.15
4.21685	4.21685	-0.18
4.21686	4.21686	-0.3
4.21692	4.21692	0.64
4.21685	4.21685	0.01
4.21688	4.21688	-0.07
4.21695	4.21695	0.47
4.21686	4.21686	-0.15
4.21693	4.21693	0.28
4.21688	4.21688	-0.35
4.2169	4.2169	0.28
4.21689	4.21689	0.04
4.21694	4.21694	-0.12
4.21696	4.21696	0.3
4.21685	4.21685	-0.42
4.21696	4.21696	0.01
4.21691	4.21691	0.02
4.2169	4.2169	0.06
4.21694	4.21694	-0.33
4.21694	4.21694	0.04
4.21693	4.21693	0.14
4.21693	4.21693	0.02
4.21696	4.21696	-0.01
4.21696	4.21696	0.25
4.2169	4.2169	-0.46
4.21692	4.21692	-0.34
4.21697	4.21697	0.11
4.2169	4.2169	-0.06
4.21694	4.21694	-0.54
4.217	4.217	0.31
4.21697	4.21697	0
4.21699	4.21699	-0.16
4.21697	4.21697	-0.23
4.21694	4.21694	0.18
4.21692	4.21692	-0.01
4.21701	4.21701	0.11
4.21699	4.21699	0.48
4.21692	4.21692	-0.34
4.21701	4.21701	-0.16
4.21697	4.21697	-0.05
4.21694	4.21694	-0.57
4.21698	4.21698	-0.38
4.21701	4.21701	0.26
4.21695	4.21695	-0.24
4.21697	4.21697	-0.38
4.21704	4.21704	0.54
4.2169	4.2169	-0.46
4.21696	4.21696	-0.4
4.21695	4.21695	0.17
4.217	4.217	0.29
4.21695	4.21695	-0.22
4.21705	4.21705	0.19
4.21708	4.21708	0.46
4.21699	4.21699	-0.43
4.21712	4.21712	0.36
4.21704	4.21704	0.11
4.21699	4.21699	0.02
4.21697	4.21697	-0.38
4.21706	4.21706	0.29
4.217	4.217	0.34
4.21704	4.21704	-0.25
4.21707	4.21707	0.12
4.21706	4.21706	0
4.21709	4.21709	-0.07
4.21711	4.21711	0.11
4.21708	4.21708	0.41
4.21703	4.21703	-0.38
4.2171	4.2171	0.25
4.21709	4.21709	0.17
4.21702	4.21702	-0.15
4.21712	4.21712	0.05
4.21705	4.21705	0.09
4.21702	4.21702	-0.37
4.21701	4.21701	-0.56
4.21707	4.21707	0
4.21706	4.21706	0.17
4.2171	4.2171	-0.27
4.21715	4.21715	-0.03
4.21708	4.21708	-0.09
4.21709	4.21709	-0.21
4.21715	4.21715	0.14
4.2171	4.2171	0.03
4.21709	4.21709	-0.17
4.21707	4.21707	-0.39
4.21709	4.21709	0.23
4.21705	4.21705	-0.2
4.21707	4.21707	-0.08
4.21715	4.21715	0.73
4.2171	4.2171	0.07
4.2171	4.2171	-0.55
4.21713	4.21713	-0.23
4.21707	4.21707	0.05
4.21707	4.21707	-0.07
4.21714	4.21714	0.1
4.21707	4.21707	0.32
4.21707	4.21707	-0.25
4.21716	4.21716	0.23
4.21713	4.21713	0.17
4.21707	4.21707	0.06
4.21717	4.21717	-0.33
4.21724	4.21724	0.16
4.21722	4.21722	0.1
4.21725	4.21725	-0.21
4.21724	4.21724	0.16
4.21711	4.21711	-0.12
4.21705	4.21705	-0.42
4.21711	4.21711	0.06
4.21709	4.21709	0.28
4.21712	4.21712	-0.05
4.21725	4.21725	0.08
4.21723	4.21723	0.25
4.21718	4.21718	-0.47
4.21723	4.21723	0.09
4.21721	4.21721	0.21
4.21707	4.21707	-0.22
4.21708	4.21708	-0.26
4.21715	4.21715	0.17
4.21708	4.21708	-0.1
4.21709	4.21709	-0.3
4.21716	4.21716	0.33
4.21714	4.21714	0.05
4.21749	4.21749	1.15
4.21753	4.21753	-0.71
4.21738	4.21738	-0.17
4.21698	4.21698	-0.86
4.21684	4.21684	-0.38
4.21677	4.21677	0.68
4.21684	4.21684	-0.64
4.21732	4.21732	0.75
4.2176	4.2176	0.56
4.2176	4.2176	-0.24
4.21751	4.21751	-0.52
4.21726	4.21726	-0.32
4.21694	4.21694	-0.24
4.21681	4.21681	-0.54
4.21696	4.21696	0.26
4.21705	4.21705	0.3
4.21726	4.21726	0.27
4.21739	4.21739	0.08
4.21732	4.21732	-0.22
4.21721	4.21721	-0.09
4.21721	4.21721	-0.12
4.21723	4.21723	0.11
4.21714	4.21714	-0.29
4.21725	4.21725	-0.08
4.21732	4.21732	0.2
4.21729	4.21729	0.09
4.21726	4.21726	-0.02
4.2172	4.2172	-0.49
4.21717	4.21717	0.09
4.21711	4.21711	-0.17
4.21717	4.21717	0.16
4.21714	4.21714	0.49
4.21723	4.21723	0.41
4.21734	4.21734	0.1
4.21736	4.21736	-0.09
4.21732	4.21732	-0.17
4.2172	4.2172	-0.19
4.21718	4.21718	-0.22
4.21722	4.21722	0.44
4.21715	4.21715	0.04
4.21718	4.21718	-0.3
4.21728	4.21728	0.47
4.21721	4.21721	-0.03
4.21723	4.21723	0.01
4.21726	4.21726	-0.12
4.21728	4.21728	0.06
4.21724	4.21724	-0.2
4.21727	4.21727	-0.08
4.21731	4.21731	0.21
4.21725	4.21725	-0.06
4.21727	4.21727	-0.45
4.21729	4.21729	0.15
4.21725	4.21725	0.23
4.21723	4.21723	-0.01
4.21729	4.21729	0.04
4.21724	4.21724	0.22
4.21719	4.21719	-0.18
4.2173	4.2173	0.19
4.21726	4.21726	0.06
4.2173	4.2173	0.14
4.21733	4.21733	-0.42
4.21737	4.21737	0.35
4.21724	4.21724	-0.24
4.21733	4.21733	0.11
4.21734	4.21734	0.27
4.21726	4.21726	0.04
4.2173	4.2173	-0.27
4.21728	4.21728	-0.15
4.21728	4.21728	0.37
4.21726	4.21726	-0.18
4.21733	4.21733	-0.4
4.21733	4.21733	0.47
4.21729	4.21729	-0.31
4.21734	4.21734	0.09
4.21734	4.21734	0.06
4.21731	4.21731	0.39
4.21732	4.21732	-0.23
4.21736	4.21736	0.24
4.2173	4.2173	0.3
4.21727	4.21727	-0.31
4.21733	4.21733	0.09
4.21728	4.21728	-0.04
4.21728	4.21728	-0.41
4.21728	4.21728	-0.02
4.21738	4.21738	0.36
4.21727	4.21727	-0.25
4.21736	4.21736	0.11
4.2174	4.2174	0.24
4.21727	4.21727	-0.19
4.21741	4.21741	0.29
4.21738	4.21738	0.5
4.21736	4.21736	0.29
4.21726	4.21726	-0.49
4.21741	4.21741	0.36
4.21736	4.21736	0.35
4.21735	4.21735	-0.16
4.21743	4.21743	0.01
4.21734	4.21734	-0.08
4.21737	4.21737	-0.13
4.21739	4.21739	-0.31
4.21745	4.21745	0.45
4.21736	4.21736	-0.15
4.21741	4.21741	-0.41
4.21743	4.21743	0.38
4.21732	4.21732	-0.44
4.21742	4.21742	-0.21
4.21747	4.21747	0.35
4.21743	4.21743	0.32
4.21737	4.21737	-0.55
4.21746	4.21746	0.12
4.21745	4.21745	0.2
4.21741	4.21741	-0.28
4.21747	4.21747	0.1
4.21739	4.21739	-0.12
4.21732	4.21732	-0.46
4.21739	4.21739	-0.11
4.2174	4.2174	0.08
4.21732	4.21732	-0.07
4.21739	4.21739	-0.15
4.21747	4.21747	0.38
4.21745	4.21745	0.24
4.21749	4.21749	-0.18
4.21751	4.21751	0.22
4.21747	4.21747	0.22
4.21736	4.21736	-0.38
4.21745	4.21745	-0.06
4.21742	4.21742	0.31
4.21736	4.21736	-0.41
4.21745	4.21745	0.21
4.21743	4.21743	0.5
4.2174	4.2174	-0.2
4.21744	4.21744	-0.3
4.21748	4.21748	0.24
4.21745	4.21745	0.02
4.21741	4.21741	-0.42
4.21747	4.21747	-0.14
4.21745	4.21745	-0.01
4.21741	4.21741	-0.43
4.21748	4.21748	0.23
4.21749	4.21749	0.14
4.21748	4.21748	-0.01
4.21752	4.21752	-0.05
4.21753	4.21753	0.29
4.21754	4.21754	-0
4.21758	4.21758	0.07
4.21753	4.21753	0.31
4.21749	4.21749	-0.08
4.21748	4.21748	-0.19
4.2176	4.2176	0.34
4.21754	4.21754	0.3
4.21754	4.21754	-0.28
4.21759	4.21759	0.24
4.21751	4.21751	-0.22
4.21751	4.21751	-0.46
4.21759	4.21759	0.11
4.2176	4.2176	0.34
4.21752	4.21752	-0.22
4.2175	4.2175	-0.36
4.21748	4.21748	0.32
4.21744	4.21744	0.19
4.21745	4.21745	-0.13
4.21745	4.21745	0.41
4.21742	4.21742	-0.17
4.2174	4.2174	-0.4
4.21747	4.21747	0.29
4.21736	4.21736	-0.19
4.21739	4.21739	-0.56
4.21748	4.21748	0.52
4.21739	4.21739	0.23
4.21738	4.21738	-0.36
4.2174	4.2174	-0.18
4.21739	4.21739	0.26
4.21729	4.21729	-0.22
4.21737	4.21737	-0.03
4.21738	4.21738	0.08
4.21734	4.21734	-0.32
4.21741	4.21741	0.08
4.21742	4.21742	0.16
4.21743	4.21743	0.03
4.21757	4.21757	-0.05
4.21757	4.21757	-0.19
4.21746	4.21746	0.24
4.21731	4.21731	-0.26
4.21737	4.21737	0.15
4.21729	4.21729	0.25
4.21726	4.21726	-0.34
4.21738	4.21738	0.45
4.21744	4.21744	0.11
4.21754	4.21754	0.32
4.21773	4.21773	0.38
4.21758	4.21758	-0.09
4.21739	4.21739	-0.62
4.21738	4.21738	-0.18
4.21725	4.21725	-0.26
4.21738	4.21738	0.2
4.21774	4.21774	0.05
4.21779	4.21779	-0.06
4.21745	4.21745	-0.76
4.21703	4.21703	-1.11
4.21653	4.21653	-0.82
4.21636	4.21636	0.01
4.21661	4.21661	0.57
4.21704	4.21704	1.03
4.2178	4.2178	1.08
4.21821	4.21821	0.3
4.21825	4.21825	-0.21
4.21786	4.21786	-0.7
4.21738	4.21738	-0.92
4.21688	4.21688	-1.05
4.21661	4.21661	-0.1
4.21664	4.21664	0.04
4.217	4.217	0.62
4.21738	4.21738	1.07
4.21766	4.21766	0.43
4.21792	4.21792	-0.07
4.21784	4.21784	-0.38
4.21757	4.21757	-0.48
4.21731	4.21731	-1.06
4.21709	4.21709	-0.15
4.21691	4.21691	0.03
4.217	4.217	0.1
4.2172	4.2172	0.34
4.2174	4.2174	0.6
4.2175	4.2175	0.25
4.21768	4.21768	0.29
4.21766	4.21766	-0.2
4.21744	4.21744	-0.65
4.21742	4.21742	-0.21
4.21738	4.21738	0.76
4.21748	4.21748	0.15
4.2176	4.2176	0.49
4.21745	4.21745	-0.43
4.21743	4.21743	-0.11
4.21729	4.21729	-0.38
4.21715	4.21715	-0.41
4.21712	4.21712	0.38
4.21727	4.21727	0.01
4.21742	4.21742	0.24
4.21756	4.21756	0.41
4.21776	4.21776	0.08
4.21775	4.21775	0.17
4.21765	4.21765	-0.42
4.21754	4.21754	-0.66
4.21732	4.21732	-0.64
4.21719	4.21719	-0.18
4.21719	4.21719	0.09
4.21732	4.21732	-0.13
4.21739	4.21739	0.46
4.21739	4.21739	0.12
4.2174	4.2174	-0.03
4.21752	4.21752	0.6
4.21764	4.21764	0.5
4.2177	4.2177	0.11
4.2178	4.2178	0.18
4.21777	4.21777	0.1
4.21751	4.21751	-0.66
4.21734	4.21734	-0.56
4.21715	4.21715	-0.02
4.21706	4.21706	-0.04
4.21728	4.21728	0.24
4.21755	4.21755	0.66
4.21779	4.21779	0.53
4.21785	4.21785	0.1
4.21777	4.21777	-0.46
4.21754	4.21754	-0.28
4.21734	4.21734	-0.41
4.21719	4.21719	0.11
4.21723	4.21723	0.26
4.21737	4.21737	0.12
4.21763	4.21763	0.36
4.21772	4.21772	0.14
4.21767	4.21767	-0.36
4.21765	4.21765	-0.36
4.21751	4.21751	-0.19
4.21738	4.21738	-0.45
4.21737	4.21737	-0.04
4.21743	4.21743	0.27
4.21744	4.21744	0
4.2175	4.2175	-0.11
4.21759	4.21759	0.32
4.21757	4.21757	-0.2
4.21764	4.21764	0.06
4.21761	4.21761	0.22
4.21751	4.21751	-0.08
4.21744	4.21744	-0.57
4.2174	4.2174	0.12
4.21735	4.21735	0.09
4.2174	4.2174	0.08
4.21751	4.21751	0.18
4.21767	4.21767	0.47
4.2178	4.2178	0.09
4.21775	4.21775	-0.26
4.21761	4.21761	-0.21
4.21741	4.21741	-0.47
4.21729	4.21729	-0.33
4.21724	4.21724	-0.03
4.21726	4.21726	0.13
4.21748	4.21748	0.12
4.21769	4.21769	0.68
4.21788	4.21788	0.23
4.21784	4.21784	-0.56
4.21767	4.21767	-0.24
4.2175	4.2175	-0.41
4.21741	4.21741	-0.2
4.21735	4.21735	0.16
4.21738	4.21738	-0.22
4.21748	4.21748	0.29
4.21763	4.21763	0.42
4.21768	4.21768	0.15
4.21776	4.21776	0.2
4.21785	4.21785	-0.1
4.21793	4.21793	0.58
4.21795	4.21795	-0.08
4.2181	4.2181	0.12
4.21802	4.21802	0.21
4.21811	4.21811	-0.12
4.21823	4.21823	-0.18
4.21829	4.21829	0.28
4.21808	4.21808	-0.36
4.21783	4.21783	-0.71
4.21763	4.21763	-0.18
4.21741	4.21741	-0.34
4.21742	4.21742	0.14
4.21765	4.21765	0.45
4.21798	4.21798	0.81
4.21806	4.21806	-0.05
4.21796	4.21796	-0.25
4.21784	4.21784	-0.08
4.21751	4.21751	-0.57
4.21741	4.21741	-0.02
4.21737	4.21737	0.22
4.21742	4.21742	-0.04
4.21758	4.21758	0.17
4.2177	4.2177	0.55
4.21761	4.21761	-0.75
4.2176	4.2176	0.03
4.21737	4.21737	-0.44
4.21737	4.21737	0.19
4.21736	4.21736	0.12
4.21741	4.21741	0.01
4.21754	4.21754	0.36
4.21755	4.21755	0.11
4.21764	4.21764	0.02
4.21761	4.21761	0.24
4.21761	4.21761	-0.34
4.2176	4.2176	0.09
4.21767	4.21767	0.19
4.21785	4.21785	0.23
4.21793	4.21793	0.24
4.21802	4.21802	-0.03
4.21817	4.21817	0.18
4.21812	4.21812	0.01
4.21819	4.21819	-0.07
4.21822	4.21822	0.24
4.21823	4.21823	-0.06
4.21824	4.21824	0.08
4.21822	4.21822	-0.18
4.21825	4.21825	-0.05
4.21828	4.21828	-0.09
4.21828	4.21828	0.11
4.21818	4.21818	-0.19
4.21812	4.21812	-0.56
4.21802	4.21802	-0.31
4.21792	4.21792	-0.25
4.2178	4.2178	-0.47
4.21781	4.21781	-0.07
4.21781	4.21781	-0.23
4.21779	4.21779	0
4.21769	4.21769	-0.28
4.21755	4.21755	-0.56
4.21742	4.21742	-0.3
4.21728	4.21728	-0.09
4.21714	4.21714	-0.2
4.21711	4.21711	-0.16
4.21694	4.21694	-0.38
4.21692	4.21692	-0.2
4.21676	4.21676	-0.36
4.21664	4.21664	-0.15
4.21645	4.21645	-0.61
4.21615	4.21615	-0.68
4.21604	4.21604	-0.24
4.21583	4.21583	-0.15
4.21573	4.21573	-0.3
4.21563	4.21563	-0.03
4.21556	4.21556	-0.1
4.21544	4.21544	-0.43
4.21529	4.21529	-0.31
4.21504	4.21504	-0.42
4.21491	4.21491	-0.29
4.21482	4.21482	-0.24
4.21475	4.21475	0.04
4.21457	4.21457	-0.54
4.21437	4.21437	-0.66
4.21418	4.21418	-0.27
4.21398	4.21398	-0.14
4.21376	4.21376	-0.23
4.21357	4.21357	-0.28
4.21345	4.21345	0
4.21317	4.21317	-0.18
4.21296	4.21296	-0.6
4.21275	4.21275	-0.48
4.21259	4.21259	-0.11
4.21229	4.21229	-0.89
4.21194	4.21194	-0.21
4.21166	4.21166	-0.58
4.21149	4.21149	-0.2
4.21134	4.21134	-0.28
4.21117	4.21117	-0.24
4.21101	4.21101	-0.42
4.21083	4.21083	-0.24
4.21063	4.21063	-0.45
4.21017	4.21017	-0.56
4.20974	4.20974	-1.15
4.20941	4.20941	-0.43
4.20908	4.20908	-0.48
4.2087	4.2087	-0.37
4.20836	4.20836	-0.83
4.20806	4.20806	-0.67
4.2077	4.2077	-0.46
4.20717	4.20717	-0.69
4.20676	4.20676	-0.54
4.20631	4.20631	-0.78
4.20597	4.20597	-0.63
4.20577	4.20577	-0.27
4.20557	4.20557	-0.35
4.20544	4.20544	-0.41
4.20498	4.20498	-0.69
4.20447	4.20447	-0.7
4.20394	4.20394	-1.13
4.20355	4.20355	-0.54
4.20325	4.20325	-0.59
4.20294	4.20294	-0.13
4.20272	4.20272	-0.6
4.20247	4.20247	-0.58
4.20208	4.20208	-0.62
4.20149	4.20149	-0.18
4.20102	4.20102	-0.74
4.20055	4.20055	-0.67
4.20019	4.20019	-0.58
4.1998	4.1998	-0.38
4.19944	4.19944	-0.92
4.19921	4.19921	-0.55
4.19877	4.19877	-0.71
4.19831	4.19831	-0.98
4.19789	4.19789	-0.8
4.19743	4.19743	-0.95
4.19716	4.19716	-0.34
4.1969	4.1969	-0.64
4.19671	4.19671	-0.63
4.19654	4.19654	-0.22
4.19616	4.19616	-0.56
4.19564	4.19564	-0.89
4.19541	4.19541	-0.28
4.19503	4.19503	-0.53
4.19493	4.19493	-0.57
4.1948	4.1948	-0.44
4.19481	4.19481	-0.06
4.19504	4.19504	0.39
4.19505	4.19505	0.2
4.19518	4.19518	-0.09
4.19511	4.19511	-0.31
4.19504	4.19504	-0.22
4.19522	4.19522	0.19
4.19518	4.19518	0.07
4.19535	4.19535	0.45
4.19548	4.19548	0.05
4.19541	4.19541	0.17
4.19551	4.19551	0.34
4.19547	4.19547	-0.16
4.19546	4.19546	-0.22
4.19536	4.19536	0.13
4.19509	4.19509	-0.47
4.1951	4.1951	-0.09
4.19508	4.19508	-0.36
4.19519	4.19519	0.17
4.19524	4.19524	0.06
4.19525	4.19525	-0.11
4.19545	4.19545	0.2
4.19534	4.19534	0.25
4.19531	4.19531	-0.23
4.19538	4.19538	-0.36
4.19541	4.19541	-0.46
4.19576	4.19576	0.3
4.19588	4.19588	-0.11
4.19597	4.19597	-0.13
4.19616	4.19616	0.36
4.19632	4.19632	-0.27
4.19648	4.19648	-0.04
4.19655	4.19655	0.29
4.19671	4.19671	0.12
4.19678	4.19678	-0.28
4.19693	4.19693	0.05
4.19708	4.19708	0.23
4.19713	4.19713	0.05
4.19729	4.19729	0.22
4.19742	4.19742	-0.03
4.19741	4.19741	-0.24
4.19749	4.19749	0.67
4.19796	4.19796	0.84
4.1982	4.1982	0.35
4.19873	4.19873	0.89
4.19928	4.19928	0.8
4.19971	4.19971	0.76
4.20021	4.20021	0.91
4.20057	4.20057	0.55
4.20065	4.20065	0.26
4.20097	4.20097	0.38
4.20138	4.20138	1.27
4.20171	4.20171	0.58
4.20209	4.20209	0.48
4.20256	4.20256	0.78
4.20311	4.20311	0.52
4.20349	4.20349	0.83
4.20404	4.20404	0.91
4.20452	4.20452	0.17
4.20486	4.20486	0.79
4.20511	4.20511	0.44
4.20534	4.20534	0.68
4.20564	4.20564	0.91
4.20595	4.20595	0.27
4.20634	4.20634	0.88
4.20686	4.20686	0.93
4.20738	4.20738	0.78
4.20799	4.20799	1.01
4.20855	4.20855	1.08
4.20862	4.20862	0.16
4.209	4.209	1.31
4.20907	4.20907	-0.25
4.20893	4.20893	0.1
4.20926	4.20926	0.51
4.20936	4.20936	0.07
4.21002	4.21002	1.63
4.21074	4.21074	0.97
4.21118	4.21118	0.68
4.21185	4.21185	1.69
4.21248	4.21248	0.78
4.2124	4.2124	-0.23
4.21266	4.21266	0.64
4.21246	4.21246	-0.33
4.21244	4.21244	0.12
4.21278	4.21278	0.33
4.21305	4.21305	0.92
4.21378	4.21378	1.77
4.2143	4.2143	0.87
4.21467	4.21467	1.15
4.21512	4.21512	0.66
4.21544	4.21544	0.37
4.21582	4.21582	0.76
4.21608	4.21608	0.63
4.21638	4.21638	0.81
4.21696	4.21696	1.08
4.21725	4.21725	0.43
4.2177	4.2177	0.79
4.21819	4.21819	1.06
4.21842	4.21842	0.14
4.21863	4.21863	-0.07
4.21892	4.21892	0.72
4.21897	4.21897	-0.12
4.2192	4.2192	0.61
4.21969	4.21969	0.6
4.21975	4.21975	0.07
4.22002	4.22002	0.9
4.22069	4.22069	0.32
4.22086	4.22086	0.17
4.22118	4.22118	0.9
4.22144	4.22144	0.07
4.22141	4.22141	0.03
4.22162	4.22162	0.4
4.22189	4.22189	0.53
4.22194	4.22194	0.48
4.22232	4.22232	0.86
4.22255	4.22255	0.39
4.22282	4.22282	0.37
4.22317	4.22317	0.39
4.22321	4.22321	-0.29
4.22319	4.22319	0.27
4.22346	4.22346	0.7
4.2236	4.2236	0.26
4.2236	4.2236	0.23
4.22414	4.22414	0.88
4.22431	4.22431	0.25
4.22447	4.22447	0.6
4.225	4.225	1.16
4.22511	4.22511	0.16
4.22512	4.22512	0.03
4.2253	4.2253	0.61
4.22542	4.22542	-0.09
4.2255	4.2255	0.28
4.22578	4.22578	0.87
4.22586	4.22586	0.09
4.22598	4.22598	0.8
4.22612	4.22612	0.54
4.22625	4.22625	-0.02
4.22633	4.22633	0.27
4.22641	4.22641	-0.19
4.22625	4.22625	-0.25
4.22627	4.22627	-0
4.22636	4.22636	0.21
4.22629	4.22629	0.01
4.22641	4.22641	-0.02
4.22631	4.22631	-0.03
4.22612	4.22612	-0.08
4.22622	4.22622	0.27
4.22638	4.22638	0.07
4.22653	4.22653	0.1
4.22678	4.22678	0.6
4.2269	4.2269	0.01
4.2268	4.2268	0.03
4.22659	4.22659	-0.45
4.22668	4.22668	-0.11
4.22673	4.22673	-0.36
4.22682	4.22682	0.23
4.22709	4.22709	0.54
4.22705	4.22705	-0.19
4.22703	4.22703	-0.09
4.22722	4.22722	0.31
4.22718	4.22718	-0.29
4.22709	4.22709	-0.24
4.22714	4.22714	0.23
4.22718	4.22718	0.03
4.22725	4.22725	-0.42
4.22751	4.22751	0.67
4.22756	4.22756	0.33
4.22756	4.22756	-0.24
4.22729	4.22729	-0.91
4.22741	4.22741	0.43
4.22734	4.22734	-0.19
4.2273	4.2273	0.01
4.22754	4.22754	0.69
4.22759	4.22759	-0.01
4.22752	4.22752	-0.14
4.22752	4.22752	0.01
4.22774	4.22774	0.08
4.22777	4.22777	0.23
4.22786	4.22786	0.3
4.22785	4.22785	-0.09
4.22791	4.22791	0.08
4.22784	4.22784	0.01
4.2276	4.2276	-0.32
4.22779	4.22779	0.37
4.22794	4.22794	0.19
4.22792	4.22792	-0.25
4.22805	4.22805	-0.1
4.22793	4.22793	-0.82
4.22783	4.22783	0.6
4.22776	4.22776	-0.39
4.22762	4.22762	-0.53
4.2275	4.2275	0.08
4.22737	4.22737	-0.19
4.22715	4.22715	-0.65
4.22696	4.22696	-0.2
4.22662	4.22662	-0.57
4.22652	4.22652	0.42
4.22661	4.22661	0.32
4.22653	4.22653	-0.46
4.22662	4.22662	0.53
4.22653	4.22653	-0.39
4.22618	4.22618	-1.28
4.22601	4.22601	-0.44
4.22592	4.22592	-0.07
4.22564	4.22564	-0.45
4.22571	4.22571	-0.04
4.22563	4.22563	-0.01
4.22543	4.22543	-0.52
4.22522	4.22522	-1.1
4.22502	4.22502	-0.12
4.22494	4.22494	-0.24
4.22479	4.22479	-0.17
4.22487	4.22487	-0.24
4.22486	4.22486	-0.03
4.22459	4.22459	-0.46
4.22438	4.22438	-0.03
4.22428	4.22428	-0.54
4.22411	4.22411	-0.3
4.22397	4.22397	0.23
4.22385	4.22385	-0.38
4.22409	4.22409	-0.11
4.22387	4.22387	-0.03
4.2236	4.2236	-0.69
4.22346	4.22346	-0.2
4.22319	4.22319	-0.62
4.22297	4.22297	-0.18
4.22294	4.22294	-0.01
4.22282	4.22282	-0.48
4.22291	4.22291	0.48
4.22288	4.22288	-0.41
4.2228	4.2228	-0.01
4.22259	4.22259	-0.17
4.22254	4.22254	-0.22
4.22229	4.22229	-0.37
4.2219	4.2219	-0.28
4.22157	4.22157	-0.58
4.22135	4.22135	-0.31
4.22113	4.22113	-0.34
4.22111	4.22111	0.15
4.22141	4.22141	0.54
4.2214	4.2214	0.1
4.22121	4.22121	-0.4
4.22089	4.22089	-0.26
4.22063	4.22063	-0.59
4.22024	4.22024	-0.36
4.22023	4.22023	0.27
4.22016	4.22016	-0.05
4.21993	4.21993	-0.73
4.21962	4.21962	-0.48
4.21941	4.21941	-0.06
4.21935	4.21935	-0.27
4.21945	4.21945	0.11
4.21958	4.21958	0.08
4.21958	4.21958	0.14
4.21919	4.21919	-0.89
4.21874	4.21874	-1.36
4.21839	4.21839	-0.58
4.21795	4.21795	-0.66
4.21771	4.21771	0.21
4.21791	4.21791	0.22
4.21789	4.21789	-0.17
4.21763	4.21763	-0.3
4.21755	4.21755	-0.25
4.21723	4.21723	-0.42
4.21684	4.21684	-0.6
4.21665	4.21665	-0.05
4.21639	4.21639	-0.1
4.21624	4.21624	-0.05
4.21604	4.21604	-0.39
4.21574	4.21574	-0.39
4.21529	4.21529	-0.93
4.21498	4.21498	-0.3
4.21466	4.21466	-0.52
4.21449	4.21449	0
4.21432	4.21432	-0.74
4.21406	4.21406	-0.72
4.21377	4.21377	-0.28
4.21344	4.21344	-0.89
4.21328	4.21328	0.06
4.21308	4.21308	0.17
4.21286	4.21286	-0.25
4.21263	4.21263	-0.42
4.21216	4.21216	-0.4
4.21205	4.21205	0.06
4.21182	4.21182	-0.85
4.21162	4.21162	-0.71
4.21159	4.21159	-0.05
4.21155	4.21155	-0.4
4.21106	4.21106	-1.25
4.21068	4.21068	-0.74
4.21001	4.21001	-1.62
4.20952	4.20952	-0.82
4.20964	4.20964	0.24
4.2096	4.2096	-0.04
4.20949	4.20949	-0.1
4.2092	4.2092	-0.58
4.20915	4.20915	-0.14
4.20861	4.20861	-1
4.20823	4.20823	-0.31
4.20823	4.20823	-0.21
4.20803	4.20803	-0.71
4.2078	4.2078	-0.24
4.20775	4.20775	-0.05
4.20754	4.20754	-0.68
4.2075	4.2075	0.23
4.20777	4.20777	0.53
4.20805	4.20805	-0.08
4.20818	4.20818	0.48
4.20834	4.20834	0.17
4.20839	4.20839	0.3
4.20832	4.20832	-0.21
4.20868	4.20868	0.27
4.20888	4.20888	0.23
4.20919	4.20919	0.74
4.20947	4.20947	0.11
4.2096	4.2096	0.16
4.20995	4.20995	0.56
4.20999	4.20999	0.27
4.21032	4.21032	0.54
4.21057	4.21057	0.56
4.21056	4.21056	-0.28
4.21043	4.21043	-0.45
4.21053	4.21053	0.18
4.21068	4.21068	0.26
4.21108	4.21108	0.55
4.21147	4.21147	0.83
4.2117	4.2117	0.45
4.21169	4.21169	-0.22
4.21178	4.21178	0.06
4.21179	4.21179	-0.11
4.21191	4.21191	0.75
4.21209	4.21209	0.78
4.21225	4.21225	0.16
4.21246	4.21246	0.57
4.2126	4.2126	0.31
4.21269	4.21269	0.41
4.21272	4.21272	0.18
4.21288	4.21288	0.29
4.21322	4.21322	0.47
4.2135	4.2135	0.5
4.21364	4.21364	0.37
4.21377	4.21377	0.66
4.214	4.214	0.08
4.2142	4.2142	0.9
4.21436	4.21436	0.33
4.21445	4.21445	0.05
4.21466	4.21466	0.55
4.21477	4.21477	0.46
4.21499	4.21499	0.47
4.21518	4.21518	0.31
4.21534	4.21534	0.21
4.21543	4.21543	0
4.2157	4.2157	0.65
4.21573	4.21573	0.12
4.21609	4.21609	0.86
4.21631	4.21631	-0.07
4.21638	4.21638	0.1
4.21651	4.21651	0.1
4.21662	4.21662	0.26
4.21656	4.21656	-0.3
4.21656	4.21656	-0.05
4.21664	4.21664	-0.22
4.21683	4.21683	0.41
4.21711	4.21711	0.89
4.21748	4.21748	0.27
4.2176	4.2176	-0
4.21753	4.21753	-0.33
4.21744	4.21744	-0.19
4.21739	4.21739	-0.45
4.21753	4.21753	0.15
4.21785	4.21785	0.74
4.21803	4.21803	0.18
4.21811	4.21811	0.13
4.218	4.218	-0.37
4.21797	4.21797	-0.11
4.21803	4.21803	-0.05
4.21799	4.21799	0.22
4.21792	4.21792	-0.12
4.21772	4.21772	-0.61
4.21774	4.21774	0.17
4.21784	4.21784	0.57
4.21811	4.21811	0.38
4.21845	4.21845	0.43
4.21873	4.21873	0.27
4.21857	4.21857	-0.55
4.21822	4.21822	-0.89
4.21778	4.21778	-0.51
4.21778	4.21778	0.38
4.21834	4.21834	1.58
4.21895	4.21895	1.18
4.21946	4.21946	0.79
4.21948	4.21948	0.18
4.21943	4.21943	0.16
4.21917	4.21917	-0.83
4.21888	4.21888	-0.37
4.21896	4.21896	0.61
4.21912	4.21912	0.28
4.21933	4.21933	0.43
4.21969	4.21969	0.53
4.21987	4.21987	0.97
4.21995	4.21995	0.18
4.22008	4.22008	-0.17
4.22001	4.22001	-0.21
4.2202	4.2202	-0.14
4.22038	4.22038	0.62
4.22061	4.22061	0.5
4.22072	4.22072	0.44
4.2207	4.2207	-0.57
4.22097	4.22097	0.65
4.221	4.221	-0.42
4.22111	4.22111	0.14
4.22142	4.22142	0.11
4.22131	4.22131	-0.35
4.22137	4.22137	0.17
4.22146	4.22146	-0.01
4.22145	4.22145	0.42
4.22158	4.22158	0.24
4.22165	4.22165	-0.07
4.22155	4.22155	-0.04
4.22164	4.22164	-0.25
4.22155	4.22155	0.15
4.2216	4.2216	0.22
4.22166	4.22166	0.03
4.22182	4.22182	0.8
4.2219	4.2219	0.04
4.22181	4.22181	-0.21
4.2216	4.2216	-0.31
4.22165	4.22165	-0.16
4.22149	4.22149	-0.45
4.22145	4.22145	0.49
4.2216	4.2216	0.14
4.22178	4.22178	1.04
4.22157	4.22157	-0.68
4.22144	4.22144	-0.12
4.22137	4.22137	-0.28
4.22114	4.22114	-0.5
4.22091	4.22091	-0.61
4.22106	4.22106	0.3
4.22101	4.22101	-0.29
4.22093	4.22093	0.1
4.22096	4.22096	-0.28
4.22088	4.22088	-0.06
4.22082	4.22082	0.04
4.22044	4.22044	-0.63
4.22044	4.22044	0.1
4.22035	4.22035	-0.11
4.22014	4.22014	-0.17
4.21989	4.21989	-0.92
4.21971	4.21971	-0.31
4.2193	4.2193	-1.24
4.21906	4.21906	-0.35
4.21902	4.21902	-0.24
4.21875	4.21875	-0.48
4.2185	4.2185	-0.56
4.21826	4.21826	-0.42
4.21799	4.21799	-0.25
4.21748	4.21748	-1.18
4.21701	4.21701	-0.81
4.21664	4.21664	-0.04
4.21641	4.21641	-0.71
4.21607	4.21607	-0.8
4.21591	4.21591	0
4.21549	4.21549	-0.93
4.21496	4.21496	-0.83
4.21452	4.21452	-1.29
4.2141	4.2141	-0.66
4.21368	4.21368	-0.57
4.2137	4.2137	-0.29
4.2133	4.2133	-0.91
4.21293	4.21293	-0.94
4.21239	4.21239	-1.48
4.21177	4.21177	-1.12
4.21135	4.21135	-1.02
4.21088	4.21088	-0.69
4.21047	4.21047	-0.36
4.21039	4.21039	-0.07
4.21031	4.21031	0.18
4.21001	4.21001	-0.53
4.20955	4.20955	-1.1
4.20896	4.20896	-1.09
4.20825	4.20825	-1.1
4.20765	4.20765	-1.03
4.20728	4.20728	-0.04
4.20699	4.20699	-0.63
4.20686	4.20686	-0.78
4.20656	4.20656	-0.75
4.20621	4.20621	-0.38
4.20585	4.20585	-1.11
4.20529	4.20529	-0.94
4.20487	4.20487	-0.6
4.20446	4.20446	-0.9
4.20405	4.20405	-1.1
4.20367	4.20367	-0.65
4.20302	4.20302	-1.52
4.20255	4.20255	-1.17
4.20184	4.20184	-1.15
4.20121	4.20121	-1.39
4.20072	4.20072	-0.94
4.19983	4.19983	-1.32
4.1993	4.1993	-1.04
4.19845	4.19845	-1.53
4.19757	4.19757	-1.52
4.19673	4.19673	-1.38
4.19587	4.19587	-1.69
4.19503	4.19503	-1.62
4.1943	4.1943	-1.3
4.19345	4.19345	-1.36
4.19281	4.19281	-1.32
4.19201	4.19201	-1.7
4.19129	4.19129	-1.16
4.19033	4.19033	-2.35
4.1892	4.1892	-1.75
4.18837	4.18837	-1.52
4.18758	4.18758	-0.99
4.18643	4.18643	-1.49
4.18572	4.18572	-1.53
4.185	4.185	-0.93
4.18417	4.18417	-1.4
4.18338	4.18338	-1.85
4.18225	4.18225	-2.15
4.18108	4.18108	-2.4
4.17986	4.17986	-2.17
4.17825	4.17825	-2.07
4.17708	4.17708	-2.03
4.17585	4.17585	-2.48
4.17501	4.17501	-1.4
4.17425	4.17425	-1.43
4.17338	4.17338	-1.71
4.17234	4.17234	-1.68
4.171	4.171	-3.05
4.16853	4.16853	-3.76
4.16658	4.16658	-3.9
4.16505	4.16505	-2.3
4.16418	4.16418	-1.47
4.16343	4.16343	-1.62
4.16277	4.16277	-1.37
4.16178	4.16178	-2.68
4.16041	4.16041	-2.99
4.15807	4.15807	-3.05
4.15639	4.15639	-2.99
4.15501	4.15501	-2.14
4.15366	4.15366	-2.67
4.15241	4.15241	-2.3
4.15115	4.15115	-2.95
4.15003	4.15003	-2.66
4.14855	4.14855	-2.86
4.14683	4.14683	-2.15
4.14572	4.14572	-1.57
4.14424	4.14424	-2.64
4.14272	4.14272	-2.65
4.14107	4.14107	-3.47
4.1392	4.1392	-3.71
4.13765	4.13765	-2.32
4.13638	4.13638	-2.64
4.13436	4.13436	-2.39
4.13305	4.13305	-2.58
4.1317	4.1317	-2.05
4.13024	4.13024	-2.48
4.12905	4.12905	-2.78
4.12762	4.12762	-2.12
4.12629	4.12629	-2.8
4.12486	4.12486	-2.83
4.12319	4.12319	-2.16
4.12183	4.12183	-2.58
4.12064	4.12064	-1.67
4.11974	4.11974	-1.7
4.11864	4.11864	-2.35
4.11742	4.11742	-2.35
4.11621	4.11621	-2.21
4.115	4.115	-2.44
4.11348	4.11348	-1.97
4.11226	4.11226	-1.87
4.11121	4.11121	-1.61
4.11035	4.11035	-1.34
4.10975	4.10975	-1.16
4.10916	4.10916	-1.23
4.10856	4.10856	-1.06
4.10833	4.10833	0.09
4.1077	4.1077	-0.56
4.10736	4.10736	-1.11
4.10691	4.10691	-0.69
4.10633	4.10633	-1.13
4.10585	4.10585	-1.01
4.10546	4.10546	-0.59
4.10498	4.10498	-0.95
4.1047	4.1047	-0.23
4.10412	4.10412	-1.17
4.10361	4.10361	-0.74
4.10319	4.10319	-1.03
4.10267	4.10267	-1.22
4.10212	4.10212	-1.24
4.10161	4.10161	-1.34
4.10117	4.10117	-0.49
4.10071	4.10071	-0.53
4.10046	4.10046	-0.14
4.1005	4.1005	0
4.10035	4.10035	-0.41
4.09989	4.09989	-0.9
4.09946	4.09946	-0.73
4.09883	4.09883	-1.6
4.09834	4.09834	-0.93
4.09812	4.09812	-0.58
4.09818	4.09818	0.3
4.09816	4.09816	0.07
4.09782	4.09782	-1.13
4.09703	4.09703	-1.69
4.09642	4.09642	-1
4.09605	4.09605	-0.45
4.09583	4.09583	-0.04
4.09603	4.09603	0.44
4.09646	4.09646	0.59
4.09711	4.09711	1.34
4.09726	4.09726	0.19
4.0972	4.0972	-0.97
4.0968	4.0968	-1.02
4.0965	4.0965	-0.35
4.09661	4.09661	0.47
4.09705	4.09705	1.26
4.09838	4.09838	2.1
4.09926	4.09926	1.49
4.1001	4.1001	1.65
4.10102	4.10102	1.82
4.10195	4.10195	2.12
4.10295	4.10295	2.14
4.10398	4.10398	1.89
4.10522	4.10522	2.34
4.10667	4.10667	2.18
4.10773	4.10773	1.97
4.10881	4.10881	2.06
4.10989	4.10989	1.89
4.11127	4.11127	2.57
4.11275	4.11275	3.06
4.11445	4.11445	3.15
4.11597	4.11597	2.96
4.11802	4.11802	2.82
4.1196	4.1196	3.12
4.1211	4.1211	2.87
4.12275	4.12275	2.85
4.12436	4.12436	3.14
4.12573	4.12573	2.92
4.12716	4.12716	2.74
4.12852	4.12852	2.15
4.13046	4.13046	2.67
4.13186	4.13186	2.57
4.13345	4.13345	2.72
4.13487	4.13487	2.82
4.13621	4.13621	2.78
4.13742	4.13742	2.3
4.13879	4.13879	2.61
4.14025	4.14025	2.65
4.14236	4.14236	3.23
4.14392	4.14392	2.96
4.14574	4.14574	3.55
4.14744	4.14744	3.39
4.14893	4.14893	3.01
4.1505	4.1505	3.07
4.15207	4.15207	2.96
4.15365	4.15365	3.03
4.15596	4.15596	3.89
4.15769	4.15769	3.1
4.15943	4.15943	3.46
4.16133	4.16133	3.3
4.16296	4.16296	2.91
4.16456	4.16456	2.86
4.16613	4.16613	2.95
4.16777	4.16777	3.37
4.1697	4.1697	2.64
4.17135	4.17135	3.34
4.17291	4.17291	2.69
4.1743	4.1743	2.45
4.17594	4.17594	3.02
4.17753	4.17753	2.9
4.17905	4.17905	3.01
4.18049	4.18049	2.89
4.18253	4.18253	2.62
4.18385	4.18385	2.59
4.18523	4.18523	2.3
4.18653	4.18653	2.41
4.1878	4.1878	2.42
4.1891	4.1891	2.46
4.1904	4.1904	2.74
4.19193	4.19193	3.02
4.19398	4.19398	2.77
4.19544	4.19544	2.64
4.19689	4.19689	2.88
4.19821	4.19821	2.22
4.19936	4.19936	2.24
4.20061	4.20061	2.38
4.20191	4.20191	2.36
4.20301	4.20301	2.2
4.20478	4.20478	2.62
4.20605	4.20605	2.49
4.2072	4.2072	1.84
4.20841	4.20841	2.38
4.2095	4.2095	2.08
4.21037	4.21037	1.87
4.21111	4.21111	1.37
4.21191	4.21191	1.36
4.21259	4.21259	1.01
4.21325	4.21325	1.4
4.21424	4.21424	1.71
4.21505	4.21505	1.81
4.21597	4.21597	1.58
4.2168	4.2168	1.68
4.21757	4.21757	1.71
4.21814	4.21814	0.76
4.21901	4.21901	1.43
4.21973	4.21973	1.09
4.22023	4.22023	1.44
4.22119	4.22119	1.78
4.22199	4.22199	1.92
4.22273	4.22273	1.29
4.2236	4.2236	1.53
4.22423	4.22423	0.84
4.22479	4.22479	1.08
4.22519	4.22519	0.77
4.22522	4.22522	0.09
4.22537	4.22537	0.69
4.22588	4.22588	0.81
4.22622	4.22622	0.78
4.22672	4.22672	1.11
4.22747	4.22747	1.23
4.22793	4.22793	0.4
4.22823	4.22823	0.92
4.22864	4.22864	0.77
4.22857	4.22857	-0.08
4.22858	4.22858	0.14
4.22905	4.22905	0.72
4.22933	4.22933	0.34
4.22952	4.22952	0.27
4.22982	4.22982	0.57
4.22957	4.22957	-0.88
4.22939	4.22939	-0.16
4.22935	4.22935	-0.03
4.22909	4.22909	-1.1
4.22889	4.22889	-0.37
4.22867	4.22867	-0.57
4.22862	4.22862	-0.05
4.22837	4.22837	-0.13
4.22834	4.22834	0.16
4.2281	4.2281	-0.79
4.22752	4.22752	-1.01
4.22716	4.22716	-0.7
4.22684	4.22684	-0.83
4.22648	4.22648	-0.57
4.22641	4.22641	0.19
4.22624	4.22624	-0.47
4.22593	4.22593	-0.36
4.22558	4.22558	-0.24
4.22503	4.22503	-1.51
4.22455	4.22455	-0.69
4.22436	4.22436	-0.35
4.22361	4.22361	-1.83
4.22279	4.22279	-1.15
4.2221	4.2221	-0.9
4.2217	4.2217	-0.42
4.22172	4.22172	-0.19
4.22161	4.22161	0.61
4.22156	4.22156	-0.61
4.22098	4.22098	-1.1
4.22023	4.22023	-1.56
4.2195	4.2195	-1.16
4.21843	4.21843	-0.96
4.21796	4.21796	-1.94
4.21768	4.21768	-0.11
4.21733	4.21733	-0.69
4.21691	4.21691	-1.25
4.21664	4.21664	0.04
4.21645	4.21645	-1.6
4.21548	4.21548	-1.73
4.21483	4.21483	-0.42
4.21451	4.21451	-0.63
4.21476	4.21476	1.7
4.21516	4.21516	-0.06
4.21568	4.21568	0.9
4.21558	4.21558	-0.82
4.2149	4.2149	-1.33
4.2136	4.2136	-2.72
4.21205	4.21205	-2.23
4.21118	4.21118	-1.38
4.21082	4.21082	-0.1
4.21107	4.21107	0.42
4.21105	4.21105	-0.35
4.21132	4.21132	0.92
4.21103	4.21103	-1.35
4.21036	4.21036	-1.61
4.20907	4.20907	-1.94
4.20795	4.20795	-2.19
4.20691	4.20691	-1.86
4.20622	4.20622	-1.41
4.20554	4.20554	-0.71
4.20554	4.20554	0.25
4.20547	4.20547	-0.36
4.20472	4.20472	-2.22
4.20322	4.20322	-2.19
4.20191	4.20191	-2.41
4.20053	4.20053	-2.86
4.19924	4.19924	-1.62
4.19817	4.19817	-2.42
4.19689	4.19689	-2.72
4.19511	4.19511	-3.63
4.19324	4.19324	-2.98
4.19064	4.19064	-3.08
4.18873	4.18873	-3.91
4.18677	4.18677	-4.33
4.1845	4.1845	-4.36
4.18213	4.18213	-4.35
4.17977	4.17977	-4.35
4.17772	4.17772	-3.81
4.17593	4.17593	-2.78
4.173	4.173	-4.95
4.17057	4.17057	-4.93
4.16769	4.16769	-5.59
4.16479	4.16479	-5.28
4.16234	4.16234	-4.48
4.15959	4.15959	-5.23
4.15657	4.15657	-6.06
4.15348	4.15348	-5.6
4.14987	4.14987	-5.17
4.1481	4.1481	-2.66
4.14594	4.14594	-4.54
4.14295	4.14295	-6.73
4.13949	4.13949	-6.24
4.13571	4.13571	-7.45
4.13207	4.13207	-6.27
4.12847	4.12847	-7.76
4.12382	4.12382	-5.39
4.12022	4.12022	-7.61
4.1162	4.1162	-7.82
4.11209	4.11209	-8.03
4.10774	4.10774	-8.6
4.10365	4.10365	-7.48
4.09956	4.09956	-6.7
4.09542	4.09542	-9.33
4.08948	4.08948	-8.48
4.08414	4.08414	-10.57
4.07827	4.07827	-11
4.07326	4.07326	-8.67
4.06828	4.06828	-9.82
4.0639	4.0639	-7.99
4.05909	4.05909	-9.57
4.05393	4.05393	-10.07
4.04689	4.04689	-10.04
4.04109	4.04109	-11.73
4.03564	4.03564	-9.14
4.0308	4.0308	-9.22
4.02551	4.02551	-10.56
4.02004	4.02004	-9.62
4.01516	4.01516	-8.66
4.01067	4.01067	-10.89
4.00255	4.00255	-9.87
3.9982	3.9982	-8.37
3.99443	3.99443	-7.36
3.98947	3.98947	-9.29
3.98454	3.98454	-10.18
3.97897	3.97897	-11.21
3.97405	3.97405	-8.01
3.96878	3.96878	-10.58
3.96141	3.96141	-11.74
3.95591	3.95591	-10.39
3.95028	3.95028	-10.14
3.94551	3.94551	-9.82
3.94073	3.94073	-9.36
3.93532	3.93532	-10.35
3.92956	3.92956	-11.53
3.9234	3.9234	-10.82
3.91535	3.91535	-11.13
3.90933	3.90933	-12.12
3.90364	3.90364	-9.94
3.89781	3.89781	-11.31
3.89221	3.89221	-10.82
3.88641	3.88641	-11.12
3.88049	3.88049	-11.71
3.87439	3.87439	-11.65
3.86634	3.86634	-11.56
3.85987	3.85987	-12.42
3.85352	3.85352	-11.92
3.84735	3.84735	-11.52
3.84095	3.84095	-12.77
3.83442	3.83442	-12.61
3.82747	3.82747	-13.12
3.82069	3.82069	-13.03
3.81185	3.81185	-12.35
3.80532	3.80532	-12.52
3.79914	3.79914	-11.6
3.79295	3.79295	-11.86
3.78696	3.78696	-11.34
3.781	3.781	-11.38
3.77494	3.77494	-11.94
3.7685	3.7685	-12.6
3.75934	3.75934	-13.09
3.75279	3.75279	-12.34
3.74652	3.74652	-11.43
3.74053	3.74053	-11.43
3.73446	3.73446	-11.68
3.72799	3.72799	-12.19
3.72186	3.72186	-12.15
3.71572	3.71572	-11.7
3.70786	3.70786	-10.94
3.70257	3.70257	-9.85
3.69731	3.69731	-10.32
3.69173	3.69173	-10.79
3.68556	3.68556	-11.94
3.67922	3.67922	-12.44
3.67299	3.67299	-11.25
3.66694	3.66694	-11.56
3.6596	3.6596	-10.51
3.65419	3.65419	-10.2
3.64884	3.64884	-9.95
3.64344	3.64344	-10.13
3.63817	3.63817	-9.72
3.63268	3.63268	-10.9
3.62672	3.62672	-11.27
3.6208	3.6208	-11.02
3.61278	3.61278	-11.67
3.6068	3.6068	-11.14
3.60103	3.60103	-11.09
3.59528	3.59528	-10.92
3.58975	3.58975	-10.32
3.58417	3.58417	-10.6
3.57835	3.57835	-11.03
3.57277	3.57277	-10.92
3.56511	3.56511	-11
3.55952	3.55952	-10.13
3.55399	3.55399	-10.45
3.54841	3.54841	-10.64
3.54297	3.54297	-10.26
3.5374	3.5374	-10.27
3.53197	3.53197	-10.31
3.52664	3.52664	-10.05
3.51951	3.51951	-10.23
3.51435	3.51435	-10.02
3.50931	3.50931	-9.44
3.50396	3.50396	-10.22
3.49854	3.49854	-10.38
3.4933	3.4933	-9.76
3.48809	3.48809	-10.12
3.48278	3.48278	-9.93
3.47572	3.47572	-9.78
3.47049	3.47049	-9.67
3.46521	3.46521	-9.9
3.45998	3.45998	-9.93
3.45501	3.45501	-9.52
3.44994	3.44994	-9.96
3.44482	3.44482	-10.1
3.43966	3.43966	-10.2
3.43285	3.43285	-9.93
3.4276	3.4276	-10.27
3.42236	3.42236	-9.83
3.41744	3.41744	-9.47
3.41244	3.41244	-9.53
3.40738	3.40738	-9.65
3.40251	3.40251	-9.01
3.39743	3.39743	-9.66
3.39079	3.39079	-9.59
3.38577	3.38577	-9.7
3.38065	3.38065	-9.45
3.37592	3.37592	-8.86
3.37119	3.37119	-8.98
3.36655	3.36655	-8.66
3.36198	3.36198	-8.97
3.35735	3.35735	-8.64
3.35116	3.35116	-9.09
3.34663	3.34663	-8.47
3.34181	3.34181	-9.19
3.33708	3.33708	-8.98
3.33236	3.33236	-9.01
3.3275	3.3275	-9.38
3.32259	3.32259	-9.02
3.31765	3.31765	-9.61
3.31128	3.31128	-9.3
3.30603	3.30603	-10.04
3.30109	3.30109	-9.55
3.2965	3.2965	-8.76
3.29209	3.29209	-8.44
3.28755	3.28755	-8.59
3.28275	3.28275	-8.69
3.27814	3.27814	-8.81
3.27172	3.27172	-9.53
3.26703	3.26703	-9.12
3.26268	3.26268	-8.26
3.25815	3.25815	-8.86
3.25339	3.25339	-9.15
3.24872	3.24872	-8.63
3.24406	3.24406	-9.18
3.23757	3.23757	-8.97
3.23302	3.23302	-8.79
3.22827	3.22827	-9.06
3.22384	3.22384	-8.14
3.21912	3.21912	-9.06
3.21448	3.21448	-8.6
3.20995	3.20995	-8.37
3.20544	3.20544	-8.7
3.20112	3.20112	-8.18
3.19476	3.19476	-9.13
3.19017	3.19017	-8.51
3.18565	3.18565	-8.82
3.18107	3.18107	-8.71
3.17687	3.17687	-7.39
3.17247	3.17247	-8.65
3.16811	3.16811	-8.46
3.16342	3.16342	-9.05
3.15658	3.15658	-9.62
3.15156	3.15156	-9.36
3.14706	3.14706	-8.87
3.14232	3.14232	-8.85
3.13737	3.13737	-8.88
3.13267	3.13267	-9.05
3.12822	3.12822	-7.92
3.12258	3.12258	-8.19
3.1184	3.1184	-8.26
3.11397	3.11397	-8.56
3.10959	3.10959	-8.53
3.10477	3.10477	-9.66
3.10005	3.10005	-8.61
3.09525	3.09525	-9.68
3.09054	3.09054	-8.7
3.08419	3.08419	-8.1
3.07987	3.07987	-8.49
3.07504	3.07504	-9.65
3.07011	3.07011	-9.12
3.06538	3.06538	-9.2
3.0603	3.0603	-9.53
3.05559	3.05559	-9.41
3.05076	3.05076	-9.11
3.04406	3.04406	-9.14
3.03901	3.03901	-9.59
3.03355	3.03355	-10.91
3.02788	3.02788	-11.26
3.02202	3.02202	-10.58
3.01629	3.01629	-11.48
3.01079	3.01079	-9.76
3.00573	3.00573	-9.42
2.99878	2.99878	-10.23
2.99346	2.99346	-10.59
2.98736	2.98736	-11.83
2.981	2.981	-11.74
2.97481	2.97481	-11.52
2.9685	2.9685	-11.68
2.96253	2.96253	-10.53
2.95733	2.95733	-9.61
2.95028	2.95028	-10.13
2.9446	2.9446	-11.02
2.93866	2.93866	-11.64
2.93232	2.93232	-11.83
2.92617	2.92617	-11.91
2.91981	2.91981	-11.5
2.91356	2.91356	-11.5
2.90758	2.90758	-11.27
2.89968	2.89968	-11.62
2.89375	2.89375	-11.26
2.88828	2.88828	-10.07
2.88288	2.88288	-10.96
2.87691	2.87691	-11.67
2.87046	2.87046	-12.58
2.86358	2.86358	-12.99
2.85662	2.85662	-13.41
2.84803	2.84803	-12.35
2.84187	2.84187	-11.32
2.83574	2.83574	-12.01
2.82999	2.82999	-11.08
2.82359	2.82359	-12.56
2.81659	2.81659	-13.79
2.80988	2.80988	-12.45
2.80325	2.80325	-12.78
2.79461	2.79461	-12
2.78858	2.78858	-11.72
2.78214	2.78214	-12.31
2.77571	2.77571	-12.11
2.76885	2.76885	-13.69
2.76226	2.76226	-11.87
2.75592	2.75592	-12.08
2.7495	2.7495	-11.91
2.74131	2.74131	-11.12
2.73483	2.73483	-12.24
2.72837	2.72837	-12.65
2.72161	2.72161	-12.91
2.71502	2.71502	-12.91
2.7085	2.7085	-11.99
2.70214	2.70214	-11.93
2.6959	2.6959	-11.78
2.68759	2.68759	-11.58
2.68133	2.68133	-12.16
2.67522	2.67522	-11.29
2.66943	2.66943	-10.85
2.66382	2.66382	-10.63
2.65834	2.65834	-10.17
2.65311	2.65311	-9.82
2.64789	2.64789	-9.68
2.64149	2.64149	-9.27
2.63702	2.63702	-8.62
2.63274	2.63274	-7.89
2.62893	2.62893	-6.99
2.62546	2.62546	-6.45
2.62204	2.62204	-6.33
2.61906	2.61906	-5.29
2.61636	2.61636	-5.06
2.61302	2.61302	-4.69
2.61074	2.61074	-4.19
2.60872	2.60872	-3.71
2.60686	2.60686	-3.57
2.60525	2.60525	-2.9
2.60377	2.60377	-2.19
2.60268	2.60268	-1.96
2.60169	2.60169	-1.84
2.60045	2.60045	-1.54
2.59968	2.59968	-1.35
2.59894	2.59894	-1.32
2.59819	2.59819	-1.34
2.59766	2.59766	-1.15
2.59727	2.59727	-0.82
2.59693	2.59693	-0.35
2.59648	2.59648	-0.96
2.59603	2.59603	-0.93
2.59569	2.59569	-0.89
2.59502	2.59502	-0.72
2.59446	2.59446	-1.1
2.5938	2.5938	-1.33
2.59316	2.59316	-1.05
2.59257	2.59257	-1.11
2.5921	2.5921	-0.84
2.59153	2.59153	-0.75
2.591	2.591	-0.72
2.59052	2.59052	-0.48
2.59007	2.59007	-0.73
2.58953	2.58953	-0.71
2.58906	2.58906	-0.66
2.58882	2.58882	-0.19
2.58857	2.58857	-0.9
2.58837	2.58837	-0.2
2.58836	2.58836	0.14
2.58833	2.58833	0.07
2.58813	2.58813	-0.48
2.58798	2.58798	-0.39
2.58779	2.58779	-0.8
2.5873	2.5873	-0.91
2.58691	2.58691	-0.91
2.58642	2.58642	-0.38
2.58603	2.58603	-0.92
2.58586	2.58586	0.06
2.58592	2.58592	0.09
2.58597	2.58597	0.15
2.58592	2.58592	0.24
2.58594	2.58594	-0.02
2.586	2.586	0.18
2.58556	2.58556	-0.59
2.58532	2.58532	-0.38
2.58499	2.58499	-0.55
2.58451	2.58451	-0.8
2.58416	2.58416	-0.59
2.58402	2.58402	-0.03
2.58389	2.58389	-0.54
2.58378	2.58378	0.16
2.58394	2.58394	0.03
2.58389	2.58389	0.25
2.58361	2.58361	-0.57
2.58338	2.58338	-0.63
2.58295	2.58295	-0.97
2.5827	2.5827	-0.33
2.5825	2.5825	-0.1
2.58253	2.58253	0.05
2.58243	2.58243	0.02
2.58241	2.58241	-0.04
2.58223	2.58223	-0.68
2.58192	2.58192	-0.76
2.58159	2.58159	-0.68
2.58131	2.58131	-0.57
2.58082	2.58082	-0.96
2.58056	2.58056	-0.49
2.58058	2.58058	0.03
2.58033	2.58033	-0.45
2.58028	2.58028	0.05
2.58052	2.58052	0.19
2.58028	2.58028	-0.65
2.57999	2.57999	-0.22
2.57969	2.57969	-0.78
2.57939	2.57939	-0.78
2.57884	2.57884	-0.2
2.57869	2.57869	-0.56
2.57858	2.57858	-0.04
2.57855	2.57855	-0.07
2.57857	2.57857	0.17
2.5783	2.5783	-0.55
2.57803	2.57803	-0.61
2.57762	2.57762	-0.94
2.57695	2.57695	-0.68
2.57675	2.57675	-0.6
2.5765	2.5765	-0.4
2.5765	2.5765	-0.08
2.57675	2.57675	0.45
2.57684	2.57684	0.06
2.57696	2.57696	0.66
2.57669	2.57669	-0.53
2.57635	2.57635	-0.63
2.57583	2.57583	-0.92
2.57514	2.57514	-1.4
2.57484	2.57484	-0.43
2.57456	2.57456	-0.39
2.57436	2.57436	-0.3
2.57431	2.57431	0.15
2.5743	2.5743	-0.34
2.57401	2.57401	-0.03
2.57386	2.57386	-0.07
2.57356	2.57356	-0.71
2.57334	2.57334	0.1
2.5732	2.5732	-0.57
2.57298	2.57298	0.06
2.57285	2.57285	-0.47
2.5729	2.5729	0.66
2.57243	2.57243	-0.36
2.57224	2.57224	-0.8
2.572	2.572	-0.46
2.57152	2.57152	-0.94
2.57141	2.57141	-0.12
2.57121	2.57121	-0.53
2.57099	2.57099	-0.73
2.57087	2.57087	-0.11
2.5706	2.5706	-1.11
2.57014	2.57014	-0.6
2.56988	2.56988	-0.32
2.56977	2.56977	-0.33
2.56958	2.56958	0.16
2.56956	2.56956	-0.04
2.56954	2.56954	-0.14
2.5694	2.5694	-0.11
2.56924	2.56924	-0.32
2.56889	2.56889	-0.58
2.56862	2.56862	-0.66
2.56821	2.56821	-0.78
2.56793	2.56793	-0.52
2.56785	2.56785	-0.05
2.56747	2.56747	-0.57
2.56725	2.56725	-0.5
2.56714	2.56714	-0.25
2.56677	2.56677	-0.57
2.56651	2.56651	-0.2
2.56629	2.56629	-0.38
2.56604	2.56604	-0.43
2.56603	2.56603	0.2
2.56598	2.56598	-0.32
2.56578	2.56578	-0.61
2.56558	2.56558	-0.27
2.56525	2.56525	-0.58
2.56476	2.56476	-1.11
2.56435	2.56435	-0.78
2.56405	2.56405	-0.47
2.56384	2.56384	-0.33
2.56373	2.56373	-0.36
2.56354	2.56354	-0.26
2.56342	2.56342	-0.22
2.56319	2.56319	-0.47
2.56282	2.56282	-0.74
2.56256	2.56256	-0.4
2.56237	2.56237	-0.5
2.56211	2.56211	0.04
2.56204	2.56204	0.04
2.56195	2.56195	-0.37
2.56176	2.56176	0.11
2.56147	2.56147	-0.48
2.56099	2.56099	-1.23
2.56051	2.56051	-0.63
2.56029	2.56029	-0.39
2.55997	2.55997	-0.39
2.55985	2.55985	-0
2.55998	2.55998	0.47
2.5597	2.5597	-0.06
2.55959	2.55959	-0.39
2.55928	2.55928	-0.87
2.55876	2.55876	-0.94
2.55842	2.55842	-0.57
2.55807	2.55807	-0.33
2.55793	2.55793	-0.34
2.55794	2.55794	0.37
2.5581	2.5581	0.33
2.55811	2.55811	-0.15
2.55809	2.55809	0.46
2.55819	2.55819	-0.25
2.55833	2.55833	0.21
2.55838	2.55838	0.35
2.55879	2.55879	0.82
2.55892	2.55892	0.15
2.55946	2.55946	0.99
2.55971	2.55971	0.57
2.55979	2.55979	0.43
2.56016	2.56016	1.21
2.56033	2.56033	0.19
2.56073	2.56073	0.75
2.5611	2.5611	0.83
2.56134	2.56134	0.28
2.56178	2.56178	0.82
2.56191	2.56191	-0.09
2.562	2.562	0.23
2.56222	2.56222	0.38
2.56245	2.56245	0.03
2.5628	2.5628	0.82
2.56309	2.56309	0.53
2.56344	2.56344	0.64
2.56377	2.56377	0.57
2.56376	2.56376	-0.32
2.56406	2.56406	0.43
2.56431	2.56431	0.39
2.56463	2.56463	0.38
2.56504	2.56504	0.83
2.56539	2.56539	0.78
2.56577	2.56577	0.37
2.56602	2.56602	0.25
2.56619	2.56619	0.51
2.56641	2.56641	0.09
2.56682	2.56682	0.89
2.56704	2.56704	0.89
2.56753	2.56753	0.71
2.5681	2.5681	0.87
2.56844	2.56844	0.43
2.56864	2.56864	0.22
2.56882	2.56882	-0.01
2.56889	2.56889	0.29
2.56894	2.56894	-0.16
2.56906	2.56906	0.07
2.56945	2.56945	0.91
2.57008	2.57008	1.13
2.57042	2.57042	0.91
2.57084	2.57084	0.61
2.57125	2.57125	0.75
2.57129	2.57129	0.25
2.57148	2.57148	0.51
2.57178	2.57178	0.92
2.57223	2.57223	0.96
2.5724	2.5724	0.51
2.5726	2.5726	0.78
2.5731	2.5731	0.48
2.57338	2.57338	0.42
2.57368	2.57368	1.23
2.57404	2.57404	0.85
2.57412	2.57412	-0.15
2.57416	2.57416	0.3
2.57427	2.57427	0.02
2.57435	2.57435	0.41
2.57466	2.57466	0.47
2.57498	2.57498	0.39
2.57498	2.57498	-0.61
2.5752	2.5752	0.66
2.57525	2.57525	-0.14
2.57562	2.57562	0.93
2.57605	2.57605	1.24
2.57612	2.57612	-0.25
2.57652	2.57652	0.57
2.57646	2.57646	-0.22
2.57636	2.57636	0.45
2.5766	2.5766	0.16
2.57679	2.57679	0.19
2.57718	2.57718	0.64
2.57748	2.57748	0.49
2.57785	2.57785	0.6
2.57841	2.57841	1.05
2.57882	2.57882	0.52
2.57937	2.57937	0.9
2.57985	2.57985	1.19
2.58019	2.58019	0.58
2.58071	2.58071	0.91
2.58112	2.58112	1.03
2.58173	2.58173	1.46
2.5826	2.5826	0.66
2.5836	2.5836	1.9
2.58432	2.58432	1.01
2.58464	2.58464	0.51
2.58507	2.58507	1.04
2.58536	2.58536	0.08
2.5857	2.5857	0.64
2.58642	2.58642	1.96
2.58741	2.58741	1.39
2.58781	2.58781	0.87
2.58819	2.58819	0.63
2.58873	2.58873	0.97
2.58913	2.58913	0.67
2.58959	2.58959	1.05
2.5902	2.5902	1.35
2.59074	2.59074	0.83
2.59123	2.59123	0.71
2.5919	2.5919	1.35
2.59251	2.59251	0.88
2.593	2.593	1.02
2.59335	2.59335	0.27
2.59395	2.59395	0.77
2.59463	2.59463	1.3
2.59507	2.59507	0.83
2.59611	2.59611	1.52
2.59669	2.59669	1.35
2.59719	2.59719	1.18
2.5978	2.5978	0.96
2.59849	2.59849	1.37
2.59898	2.59898	0.93
2.59967	2.59967	1.22
2.60029	2.60029	1.35
2.60103	2.60103	1.46
2.60158	2.60158	0.91
2.60227	2.60227	1.35
2.60289	2.60289	1.02
2.60364	2.60364	1.4
2.60429	2.60429	1.15
2.6049	2.6049	1.24
2.60558	2.60558	1.19
2.60649	2.60649	1.22
2.60707	2.60707	1.13
2.60791	2.60791	1.56
2.60878	2.60878	1.77
2.60946	2.60946	1.33
2.61023	2.61023	1.19
2.61088	2.61088	1.1
2.61144	2.61144	1.11
2.6121	2.6121	0.88
2.61276	2.61276	1.17
2.61344	2.61344	1.56
2.61427	2.61427	1.33
2.61515	2.61515	1.93
2.61599	2.61599	1.62
2.61705	2.61705	1.81
2.61771	2.61771	1.48
2.61856	2.61856	1.33
2.61908	2.61908	1.07
2.61949	2.61949	0.92
2.62011	2.62011	1.13
2.62092	2.62092	1.44
2.6219	2.6219	1.87
2.62271	2.62271	1.89
2.62367	2.62367	1.85
2.62466	2.62466	1.3
2.6253	2.6253	1.25
2.626	2.626	1.22
2.62666	2.62666	1.01
2.6273	2.6273	1.5
2.62815	2.62815	1.5
2.62892	2.62892	1.6
2.62958	2.62958	1.43
2.63048	2.63048	1
2.63113	2.63113	1
2.63176	2.63176	1.51
2.63244	2.63244	1.38
2.63315	2.63315	1.15
2.63394	2.63394	1.7
2.63487	2.63487	1.98
2.63575	2.63575	1.23
2.63698	2.63698	2.08
2.63782	2.63782	1.56
2.63859	2.63859	0.7
2.63936	2.63936	1.88
2.64006	2.64006	1.27
2.64038	2.64038	0.47
2.6411	2.6411	1.39
2.64167	2.64167	0.94
2.64246	2.64246	1.38
2.64345	2.64345	1.55
2.64433	2.64433	1.78
2.64505	2.64505	1.7
2.646	2.646	1.59
2.64651	2.64651	0.91
2.64677	2.64677	0.28
2.6474	2.6474	0.93
2.64774	2.64774	0.57
2.64838	2.64838	1.33
2.64881	2.64881	0.55
2.64917	2.64917	0.99
2.64978	2.64978	1.03
2.65021	2.65021	1.08
2.65051	2.65051	0.46
2.65114	2.65114	1.16
2.65162	2.65162	0.6
2.65183	2.65183	0.42
2.65214	2.65214	0.21
2.65217	2.65217	0.36
2.65222	2.65222	0.27
2.65261	2.65261	0.62
2.65276	2.65276	0.53
2.65326	2.65326	1.27
2.65424	2.65424	0.89
2.6545	2.6545	0.39
2.65456	2.65456	-0.21
2.65463	2.65463	-0.19
2.6544	2.6544	-0.02
2.6544	2.6544	-0.06
2.65459	2.65459	0.18
2.65472	2.65472	0.27
2.65521	2.65521	0.62
2.65542	2.65542	0.19
2.65573	2.65573	0.31
2.65597	2.65597	0.59
2.65606	2.65606	0.26
2.65608	2.65608	0.35
2.6563	2.6563	0.46
2.65656	2.65656	0.61
2.65686	2.65686	0.24
2.65715	2.65715	0.37
2.65756	2.65756	0.7
2.65771	2.65771	0.32
2.65786	2.65786	0
2.65809	2.65809	0.25
2.65809	2.65809	-0.08
2.65812	2.65812	0.19
2.65824	2.65824	0.51
2.65848	2.65848	0.42
2.65863	2.65863	0.18
2.65891	2.65891	0.22
2.65918	2.65918	0.42
2.65949	2.65949	0.29
2.65949	2.65949	0.04
2.65952	2.65952	0.21
2.65968	2.65968	0.01
2.65973	2.65973	0.34
2.65987	2.65987	0.22
2.66004	2.66004	0.23
2.66008	2.66008	-0.17
2.66007	2.66007	-0.19
2.66001	2.66001	-0.21
2.65996	2.65996	-0.32
2.66	2.66	-0.18
2.66011	2.66011	-0.15
2.66028	2.66028	0.48
2.6602	2.6602	0.14
2.66015	2.66015	-0.27
2.66007	2.66007	-0.37
2.66004	2.66004	-0.41
2.66	2.66	-0.02
2.65995	2.65995	-0.04
2.65983	2.65983	0.02
2.65965	2.65965	-0.37
2.65933	2.65933	-0.86
2.65896	2.65896	-1.18
2.65876	2.65876	-0.52
2.65864	2.65864	0.03
2.65839	2.65839	-0.23
2.65808	2.65808	-0.15
2.65776	2.65776	-1.08
2.65714	2.65714	-1.24
2.65649	2.65649	-1.26
2.65599	2.65599	-0.95
2.65556	2.65556	-0.77
2.65508	2.65508	-0.95
2.65468	2.65468	-1.3
2.65399	2.65399	-0.93
2.65359	2.65359	-0.54
2.65311	2.65311	-0.98
2.65245	2.65245	-1.2
2.65188	2.65188	-1.49
2.65085	2.65085	-2.06
2.64997	2.64997	-1.38
2.64907	2.64907	-1.51
2.64792	2.64792	-1.47
2.64703	2.64703	-2.02
2.64625	2.64625	-1.61
2.64563	2.64563	-1.45
2.64476	2.64476	-1.24
2.64394	2.64394	-1.5
2.64315	2.64315	-1.58
2.64233	2.64233	-1.81
2.64118	2.64118	-1.37
2.64031	2.64031	-1.69
2.6394	2.6394	-1.83
2.63826	2.63826	-1.82
2.63724	2.63724	-1.86
2.63631	2.63631	-1.66
2.63538	2.63538	-1.99
2.63461	2.63461	-1.6
2.63368	2.63368	-1.85
2.63274	2.63274	-1.87
2.63172	2.63172	-2.16
2.63079	2.63079	-1.8
2.62982	2.62982	-1.75
2.62891	2.62891	-2.09
2.62815	2.62815	-1.59
2.62714	2.62714	-1.84
2.62575	2.62575	-1.93
2.62473	2.62473	-2.09
2.62367	2.62367	-1.98
2.62274	2.62274	-1.64
2.62194	2.62194	-1.74
2.62105	2.62105	-1.93
2.62001	2.62001	-1.82
2.61905	2.61905	-2.02
2.61782	2.61782	-2.16
2.61678	2.61678	-1.91
2.61564	2.61564	-2.21
2.61472	2.61472	-1.82
2.61372	2.61372	-2.04
2.61269	2.61269	-2
2.61174	2.61174	-1.85
2.61092	2.61092	-1.55
2.60963	2.60963	-1.76
2.60844	2.60844	-2.18
2.6075	2.6075	-1.81
2.60635	2.60635	-2.66
2.60522	2.60522	-1.87
2.60428	2.60428	-1.61
2.60321	2.60321	-2.47
2.6022	2.6022	-1.98
2.60086	2.60086	-2.35
2.60009	2.60009	-1.36
2.59929	2.59929	-1.56
2.5984	2.5984	-1.85
2.59728	2.59728	-2.18
2.59623	2.59623	-1.91
2.5953	2.5953	-1.53
2.59433	2.59433	-1.68
2.59308	2.59308	-1.51
2.59212	2.59212	-2.12
2.59135	2.59135	-1.44
2.59082	2.59082	-0.67
2.58994	2.58994	-1.84
2.58958	2.58958	-0.07
2.58925	2.58925	-1.21
2.58844	2.58844	-1.65
2.58772	2.58772	-0.36
2.58686	2.58686	-2.11
2.586	2.586	-1.42
2.58571	2.58571	0.15
2.58521	2.58521	-1.07
2.58473	2.58473	-0.9
2.58475	2.58475	-0.15
2.58438	2.58438	-0.59
2.58376	2.58376	-1.07
2.58321	2.58321	-0.88
2.58261	2.58261	-1.04
2.58223	2.58223	-0.76
2.5819	2.5819	-0.9
2.58133	2.58133	-1.03
2.58091	2.58091	-0.48
2.58056	2.58056	-0.79
2.58026	2.58026	-0.6
2.5801	2.5801	-0.59
2.57968	2.57968	-0.75
2.57949	2.57949	-0.3
2.57947	2.57947	-0.28
2.57925	2.57925	-0.09
2.57924	2.57924	0.27
2.57935	2.57935	-0.23
2.57892	2.57892	-0.24
2.57862	2.57862	-0.14
2.57855	2.57855	0.09
2.57873	2.57873	0.21
2.57884	2.57884	-0.12
2.57861	2.57861	-0.27
2.57844	2.57844	-0.28
2.5783	2.5783	-0.27
2.57795	2.57795	-0.4
2.57786	2.57786	-0.04
2.57798	2.57798	0.03
2.57827	2.57827	0.43
2.57834	2.57834	0.35
2.57828	2.57828	-0.09
2.57811	2.57811	-0.09
2.57772	2.57772	-1.04
2.57757	2.57757	-0.18
2.57756	2.57756	0.17
2.57751	2.57751	-0.32
2.57763	2.57763	0.16
2.57759	2.57759	0.3
2.57769	2.57769	0.17
2.57761	2.57761	0.05
2.5776	2.5776	0.21
2.57727	2.57727	-0.28
2.57736	2.57736	-0.12
2.57704	2.57704	-0.83
2.57687	2.57687	-0.24
2.57704	2.57704	0.02
2.57717	2.57717	0.48
2.57724	2.57724	0.24
2.57724	2.57724	0.04
2.5771	2.5771	-0.4
2.57682	2.57682	-0.4
2.57656	2.57656	-0.38
2.5765	2.5765	-0.16
2.57654	2.57654	0.14
2.57687	2.57687	0.75
2.57699	2.57699	0.01
2.57687	2.57687	-0.37
2.5765	2.5765	-0.5
2.57624	2.57624	0.05
2.57613	2.57613	-0.26
2.57597	2.57597	-0.36
2.5759	2.5759	0.01
2.57624	2.57624	0.52
2.57626	2.57626	-0.09
2.57665	2.57665	0.63
2.57653	2.57653	-0.35
2.57606	2.57606	-0.8
2.57575	2.57575	-1.14
2.57523	2.57523	-1
2.57514	2.57514	0.09
2.57532	2.57532	0.08
2.57578	2.57578	1
2.57597	2.57597	0.03
2.57613	2.57613	0.16
2.57598	2.57598	-0.67
2.57543	2.57543	-1.68
2.57504	2.57504	-0.86
2.57459	2.57459	-0.83
2.57459	2.57459	0.35
2.57495	2.57495	1.08
2.57549	2.57549	1.02
2.57581	2.57581	0.09
2.57578	2.57578	-0.39
2.57529	2.57529	-1.29
2.57453	2.57453	-1.51
2.57414	2.57414	-0.54
2.57383	2.57383	-0
2.57398	2.57398	0.35
2.57425	2.57425	0.55
2.57493	2.57493	0.85
2.57529	2.57529	0.4
2.5753	2.5753	-0.13
2.57491	2.57491	-1.02
2.5745	2.5745	-0.7
2.57404	2.57404	-0.75
2.57391	2.57391	-0.09
2.57399	2.57399	0.31
2.57431	2.57431	0.81
2.57474	2.57474	0.55
2.57492	2.57492	0.09
2.57508	2.57508	-0.1
2.57491	2.57491	-0.17
2.57442	2.57442	-1.21
2.57395	2.57395	-0.56
2.57363	2.57363	-0.72
2.57359	2.57359	0.14
2.57384	2.57384	0.45
2.57402	2.57402	0.51
2.57433	2.57433	0.81
2.5743	2.5743	-0.27
2.57422	2.57422	-0.07
2.57426	2.57426	0.38
2.57412	2.57412	-0.38
2.57385	2.57385	-0.23
2.57388	2.57388	-0.01
2.57393	2.57393	-0.07
2.57394	2.57394	0.29
2.574	2.574	-0.05
2.57399	2.57399	-0.38
2.57365	2.57365	-0.62
2.57349	2.57349	0.34
2.57371	2.57371	0.44
2.57382	2.57382	0.48
2.57423	2.57423	0.41
2.57445	2.57445	0.17
2.57428	2.57428	-0.44
2.57387	2.57387	-0.81
2.57338	2.57338	-1.34
2.5731	2.5731	-0.23
2.57335	2.57335	1.06
2.57364	2.57364	0.57
2.57358	2.57358	-0.17
2.57357	2.57357	0.12
2.5736	2.5736	-0.16
2.5735	2.5735	-0.03
2.57357	2.57357	0.23
2.57384	2.57384	0.23
2.57355	2.57355	-0.89
2.57318	2.57318	-0.44
2.57298	2.57298	-0.59
2.57283	2.57283	-0.25
2.57286	2.57286	0.42
2.57304	2.57304	0.36
2.57296	2.57296	-0.46
2.57281	2.57281	-0.3
2.57247	2.57247	-0.15
2.57233	2.57233	-0.2
2.57223	2.57223	-0.11
2.57219	2.57219	0.17
2.57224	2.57224	0.06
2.57222	2.57222	0.03
2.57233	2.57233	-0.01
2.57236	2.57236	0.29
2.5722	2.5722	-0.53
2.57203	2.57203	-0.19
2.57182	2.57182	-0.52
2.57163	2.57163	-0.22
2.57171	2.57171	0.2
2.57173	2.57173	0.05
2.5718	2.5718	-0.08
2.57171	2.57171	-0.33
2.57154	2.57154	-0.25
2.57142	2.57142	-0.21
2.57136	2.57136	-0.21
2.5712	2.5712	-0.27
2.57117	2.57117	0.13
2.57115	2.57115	-0.17
2.57102	2.57102	-0.27
2.5709	2.5709	-0.14
2.57078	2.57078	-0.11
2.57086	2.57086	0.2
2.57094	2.57094	0.16
2.57105	2.57105	0.17
2.57084	2.57084	-0.56
2.57059	2.57059	-0.34
2.57037	2.57037	-0.12
2.57016	2.57016	-0.03
2.57035	2.57035	0.05
2.57061	2.57061	0.25
2.57078	2.57078	0.78
2.57078	2.57078	-0.26
2.57073	2.57073	-0.44
2.57036	2.57036	-0.99
2.56996	2.56996	-0.88
2.56957	2.56957	-0.39
2.56954	2.56954	0.19
2.56994	2.56994	0.9
2.57034	2.57034	0.49
2.57056	2.57056	0.19
2.57042	2.57042	-0.35
2.57004	2.57004	-1.66
2.56932	2.56932	-1.59
2.56866	2.56866	-1.02
2.56844	2.56844	-0.3
2.5686	2.5686	0.5
2.56897	2.56897	0.52
2.56936	2.56936	1.11
2.56981	2.56981	0.36
2.56984	2.56984	-0.31
2.56956	2.56956	-0.92
2.56915	2.56915	-0.68
2.56844	2.56844	-1.38
2.56794	2.56794	-0.37
2.5678	2.5678	-0.14
2.56833	2.56833	1.05
2.56899	2.56899	1.62
2.56934	2.56934	0.68
2.56953	2.56953	0.78
2.56982	2.56982	-0.3
2.56992	2.56992	0.62
2.56992	2.56992	-0.27
2.5699	2.5699	0.5
2.57012	2.57012	0.51
2.57036	2.57036	0.17
2.57043	2.57043	0.34
2.57091	2.57091	1.18
2.57239	2.57239	2.78
2.57349	2.57349	1.35
2.57435	2.57435	1.94
2.57473	2.57473	0.47
2.57508	2.57508	0.47
2.57566	2.57566	1.26
2.57662	2.57662	2.04
2.57767	2.57767	1.94
2.57875	2.57875	0.78
2.57942	2.57942	1.76
2.58059	2.58059	2.24
2.5825	2.5825	4.5
2.58487	2.58487	4.24
2.58698	2.58698	3.95
2.58881	2.58881	4.11
2.59134	2.59134	4.93
2.59374	2.59374	4.91
2.59753	2.59753	5.47
2.60059	2.60059	6.22
2.60385	2.60385	5.99
2.60699	2.60699	5.72
2.60982	2.60982	5.39
2.61253	2.61253	5.45
2.61549	2.61549	6.06
2.61985	2.61985	6.15
2.62342	2.62342	6.98
2.62739	2.62739	7.78
2.63134	2.63134	7.8
2.63552	2.63552	8.25
2.6399	2.6399	8.51
2.64422	2.64422	8.12
2.64875	2.64875	8.51
2.65467	2.65467	8.46
2.65926	2.65926	8.8
2.66387	2.66387	8.94
2.66842	2.66842	8.28
2.67297	2.67297	8.91
2.67793	2.67793	9.31
2.68283	2.68283	9.43
2.68777	2.68777	9.19
2.69307	2.69307	10.18
2.70055	2.70055	11.18
2.70633	2.70633	11.02
2.71223	2.71223	11.12
2.71801	2.71801	10.66
2.72354	2.72354	10.56
2.72925	2.72925	11.44
2.73481	2.73481	10.33
2.7403	2.7403	10.7
2.74752	2.74752	10.39
2.75335	2.75335	11.26
2.75944	2.75944	11.76
2.7659	2.7659	12.64
2.77214	2.77214	11.25
2.77764	2.77764	10.33
2.783	2.783	10.39
2.78983	2.78983	9.66
2.79534	2.79534	10.95
2.80124	2.80124	11.67
2.80803	2.80803	13.98
2.81616	2.81616	14.82
2.82305	2.82305	12.75
2.82999	2.82999	13.5
2.83587	2.83587	10.03
2.842	2.842	8.56
2.84696	2.84696	10.21
2.85231	2.85231	10.58
2.85829	2.85829	11.44
2.86505	2.86505	12.95
2.87174	2.87174	12.76
2.87804	2.87804	11.31
2.8838	2.8838	10.76
2.89079	2.89079	10.15
2.89648	2.89648	11.26
2.90235	2.90235	11.47
2.90876	2.90876	12.41
2.91568	2.91568	13.09
2.92175	2.92175	10.55
2.92766	2.92766	12.32
2.93386	2.93386	11.38
2.93988	2.93988	11.45
2.9482	2.9482	11.81
2.95414	2.95414	10.56
2.95986	2.95986	10.73
2.96556	2.96556	11.37
2.97176	2.97176	12.37
2.97802	2.97802	11.91
2.98425	2.98425	11.91
2.99267	2.99267	12.36
2.99889	2.99889	12.03
3.00512	3.00512	11.82
3.01139	3.01139	11.5
3.0177	3.0177	12.11
3.02407	3.02407	12.12
3.03055	3.03055	12.66
3.03721	3.03721	12.52
3.04589	3.04589	12.33
3.05221	3.05221	11.81
3.05819	3.05819	11.43
3.0641	3.0641	11.33
3.06967	3.06967	10.25
3.07522	3.07522	10.98
3.08081	3.08081	10.7
3.08617	3.08617	10.26
3.09366	3.09366	10.75
3.09924	3.09924	10.4
3.10496	3.10496	11.15
3.11044	3.11044	10.32
3.11613	3.11613	11
3.12153	3.12153	10.24
3.12642	3.12642	8.85
3.13115	3.13115	8.9
3.13706	3.13706	8.62
3.14099	3.14099	7.42
3.1452	3.1452	8.45
3.14926	3.14926	7.34
3.15319	3.15319	7.98
3.15731	3.15731	7.22
3.1609	3.1609	6.49
3.16471	3.16471	7.42
3.16933	3.16933	5.71
3.17269	3.17269	6.45
3.17626	3.17626	6.92
3.17948	3.17948	5.8
3.18287	3.18287	6.39
3.18654	3.18654	6.73
3.18993	3.18993	6.19
3.19357	3.19357	7.33
3.19786	3.19786	6.27
3.20089	3.20089	5.94
3.2041	3.2041	5.91
3.20711	3.20711	5.78
3.21046	3.21046	6.53
3.21364	3.21364	5.94
3.21694	3.21694	6.81
3.22047	3.22047	6.42
3.22472	3.22472	5.86
3.22818	3.22818	6.57
3.23139	3.23139	5.82
3.2346	3.2346	6.42
3.23798	3.23798	6.57
3.24118	3.24118	6.03
3.24458	3.24458	6.62
3.24814	3.24814	6.62
3.25265	3.25265	6.3
3.25638	3.25638	6.95
3.2598	3.2598	6.34
3.26276	3.26276	5.65
3.26588	3.26588	5.99
3.26905	3.26905	6.23
3.27227	3.27227	5.95
3.27589	3.27589	7.58
3.28094	3.28094	7.05
3.28499	3.28499	8.04
3.28913	3.28913	7.94
3.29322	3.29322	7.39
3.29728	3.29728	7.22
3.30089	3.30089	6.95
3.30451	3.30451	6.88
3.30855	3.30855	8.01
3.31471	3.31471	9.31
3.31987	3.31987	9.83
3.325	3.325	10.11
3.33082	3.33082	10.96
3.33625	3.33625	10.08
3.34173	3.34173	10.57
3.34756	3.34756	11.72
3.35309	3.35309	10.52
3.36034	3.36034	11.43
3.36647	3.36647	11.74
3.37277	3.37277	11.39
3.37928	3.37928	12.92
3.38609	3.38609	13.39
3.39301	3.39301	12.24
3.39914	3.39914	11.84
3.40562	3.40562	11.81
3.41388	3.41388	12.19
3.41954	3.41954	11.01
3.42594	3.42594	12.68
3.43235	3.43235	11.7
3.43853	3.43853	12.05
3.44571	3.44571	14.09
3.45304	3.45304	13.33
3.46007	3.46007	13.5
3.46971	3.46971	14.29
3.47709	3.47709	13.45
3.48355	3.48355	12.27
3.49006	3.49006	12.37
3.49623	3.49623	11.21
3.50248	3.50248	12.28
3.50902	3.50902	12.2
3.51582	3.51582	13.18
3.52648	3.52648	15.43
3.53428	3.53428	14.64
3.54229	3.54229	15.63
3.55035	3.55035	15.36
3.55808	3.55808	14.27
3.56552	3.56552	13.68
3.57335	3.57335	14.93
3.58117	3.58117	14.9
3.59131	3.59131	15.07
3.59956	3.59956	15.58
3.60785	3.60785	15.13
3.61635	3.61635	16.46
3.62497	3.62497	16.64
3.6341	3.6341	17.93
3.64323	3.64323	17.21
3.65271	3.65271	18.21
3.66492	3.66492	17.51
3.67362	3.67362	16.6
3.68241	3.68241	16.77
3.6909	3.6909	16.35
3.69956	3.69956	16.52
3.70832	3.70832	16.73
3.71728	3.71728	17.13
3.72669	3.72669	18.1
3.73919	3.73919	18.14
3.74862	3.74862	18.16
3.758	3.758	17.99
3.76764	3.76764	18.53
3.77726	3.77726	17.91
3.78676	3.78676	18.06
3.79617	3.79617	17.88
3.80519	3.80519	17.24
3.81716	3.81716	17.52
3.82598	3.82598	16.66
3.83468	3.83468	16.66
3.84358	3.84358	17.22
3.85255	3.85255	16.92
3.86122	3.86122	16.67
3.87012	3.87012	16.84
3.87861	3.87861	15.86
3.89005	3.89005	16.88
3.89875	3.89875	16.26
3.90728	3.90728	16.78
3.91636	3.91636	17.43
3.92509	3.92509	16.64
3.93382	3.93382	16.71
3.94246	3.94246	16.16
3.95048	3.95048	15.08
3.96109	3.96109	14.88
3.969	3.969	15.11
3.97672	3.97672	14.6
3.98423	3.98423	14.09
3.99156	3.99156	14.02
3.99875	3.99875	13.48
4.00567	4.00567	12.79
4.01241	4.01241	12.58
4.02075	4.02075	11.32
4.02678	4.02678	11.55
4.03259	4.03259	10.86
4.0383	4.0383	10.88
4.04384	4.04384	10.41
4.04905	4.04905	9.61
4.05419	4.05419	9.71
4.05906	4.05906	9.25
4.06552	4.06552	9.19
4.07019	4.07019	8.95
4.07489	4.07489	8.9
4.07953	4.07953	8.82
4.0841	4.0841	8.62
4.08849	4.08849	8.18
4.09294	4.09294	8.35
4.09693	4.09693	7.45
4.10255	4.10255	8.39
4.10645	4.10645	6.96
4.11009	4.11009	6.88
4.11383	4.11383	6.81
4.11754	4.11754	6.62
4.12097	4.12097	6.28
4.12452	4.12452	6.81
4.12803	4.12803	5.9
4.13206	4.13206	6.12
4.13533	4.13533	5.65
4.1378	4.1378	4.54
4.14055	4.14055	5.33
4.14297	4.14297	3.98
4.14508	4.14508	4.39
4.14754	4.14754	4.45
4.14932	4.14932	2.8
4.15141	4.15141	3.25
4.1529	4.1529	2.67
4.15395	4.15395	1.81
4.15501	4.15501	2.01
4.15589	4.15589	1.38
4.15668	4.15668	1.42
4.15729	4.15729	1.04
4.15772	4.15772	0.8
4.15842	4.15842	0.94
4.15894	4.15894	0.91
4.15933	4.15933	0.68
4.15983	4.15983	0.86
4.16049	4.16049	1.11
4.161	4.161	1.08
4.16152	4.16152	1.12
4.16202	4.16202	0.92
4.16255	4.16255	0.64
4.16293	4.16293	0.69
4.16355	4.16355	1.32
4.1641	4.1641	0.93
4.16478	4.16478	1.18
4.16543	4.16543	1.21
4.16598	4.16598	0.88
4.16637	4.16637	0.65
4.16694	4.16694	0.55
4.16751	4.16751	0.67
4.16802	4.16802	0.86
4.16843	4.16843	0.53
4.16892	4.16892	0.95
4.16935	4.16935	0.58
4.16985	4.16985	0.79
4.17048	4.17048	1.4
4.17146	4.17146	1.39
4.17197	4.17197	0.87
4.17237	4.17237	0.69
4.17273	4.17273	0.48
4.17311	4.17311	0.61
4.17373	4.17373	1.25
4.17451	4.17451	1.54
4.17526	4.17526	1.51
4.17627	4.17627	1.25
4.17686	4.17686	1.13
4.17719	4.17719	0.87
4.17748	4.17748	0.55
4.17785	4.17785	0.86
4.1784	4.1784	1.24
4.17899	4.17899	1.02
4.17954	4.17954	1.42
4.18043	4.18043	0.83
4.18085	4.18085	0.71
4.18149	4.18149	1.31
4.18201	4.18201	0.75
4.18236	4.18236	0.65
4.18281	4.18281	0.8
4.18319	4.18319	0.74
4.18369	4.18369	0.94
4.18462	4.18462	1.36
4.18529	4.18529	1.24
4.18631	4.18631	1.58
4.18699	4.18699	0.93
4.18764	4.18764	1.14
4.18812	4.18812	0.57
4.18841	4.18841	0.62
4.1889	4.1889	1.15
4.18961	4.18961	0.96
4.19015	4.19015	1.32
4.19088	4.19088	1.52
4.1916	4.1916	1.25
4.19218	4.19218	0.9
4.19295	4.19295	1.4
4.1935	4.1935	0.92
4.19391	4.19391	0.79
4.19444	4.19444	0.57
4.19508	4.19508	1.34
4.19582	4.19582	1.65
4.19654	4.19654	1.19
4.19737	4.19737	1.61
4.19791	4.19791	0.55
4.19844	4.19844	1.18
4.19881	4.19881	0.53
4.19965	4.19965	1.52
4.20037	4.20037	1.5
4.2012	4.2012	1.62
4.20189	4.20189	0.93
4.20237	4.20237	1.27
4.20265	4.20265	0.47
4.20312	4.20312	0.97
4.20368	4.20368	0.96
4.20455	4.20455	1.57
4.20517	4.20517	1.26
4.20554	4.20554	0.73
4.20633	4.20633	1.67
4.20685	4.20685	0.75
4.20731	4.20731	0.5
4.20796	4.20796	1.2
4.20853	4.20853	0.97
4.20892	4.20892	0.49
4.20934	4.20934	1.07
4.20956	4.20956	-0
4.20962	4.20962	-0.09
4.20968	4.20968	-0.12
4.20981	4.20981	-0.11
4.20975	4.20975	0.15
4.21001	4.21001	0.48
4.21026	4.21026	-0.25
4.21037	4.21037	0.28
4.21035	4.21035	-0.33
4.21019	4.21019	-0.48
4.20996	4.20996	-0.34
4.20988	4.20988	0.08
4.2097	4.2097	-0.34
4.20962	4.20962	-0.24
4.2096	4.2096	-0.04
4.20958	4.20958	0.18
4.20957	4.20957	0.14
4.20945	4.20945	-0.32
4.20948	4.20948	0.1
4.20929	4.20929	-0.23
4.20926	4.20926	-0.32
4.20917	4.20917	-0
4.20917	4.20917	-0.11
4.20919	4.20919	0.29
4.20908	4.20908	-0
4.20887	4.20887	-0.58
4.20878	4.20878	-0.1
4.2084	4.2084	-1.24
4.20816	4.20816	-0.74
4.20777	4.20777	-1.08
4.20729	4.20729	-0.9
4.20691	4.20691	-0.56
4.20662	4.20662	-1.12
4.20628	4.20628	-0.62
4.20589	4.20589	-0.49
4.20554	4.20554	-0.69
4.20534	4.20534	-0.27
4.205	4.205	-0.71
4.20445	4.20445	-0.75
4.20415	4.20415	-0.52
4.20376	4.20376	-1.2
4.20334	4.20334	-0.77
4.20297	4.20297	-0.58
4.20231	4.20231	-1.35
4.20155	4.20155	-1.17
4.20114	4.20114	-0.7
4.20045	4.20045	-1.29
4.19995	4.19995	-1.1
4.19952	4.19952	-0.9
4.19899	4.19899	-0.8
4.19844	4.19844	-1.04
4.19785	4.19785	-0.93
4.19746	4.19746	-0.86
4.19701	4.19701	-0.81
4.19654	4.19654	-0.56
4.1962	4.1962	-0.72
4.19564	4.19564	-0.95
4.19511	4.19511	-0.86
4.1948	4.1948	-0.7
4.19427	4.19427	-0.82
4.19402	4.19402	-0.49
4.19377	4.19377	-0.71
4.1932	4.1932	-0.41
4.19292	4.19292	-0.17
4.19269	4.19269	-0.7
4.19254	4.19254	-0.23
4.1925	4.1925	-0.15
4.19249	4.19249	-0.17
4.1924	4.1924	-0.12
4.19218	4.19218	-0.04
4.19204	4.19204	-0.22
4.1917	4.1917	-0.89
4.1917	4.1917	0.53
4.19168	4.19168	-0.11
4.1914	4.1914	-0.71
4.19119	4.19119	0.17
4.19116	4.19116	0.04
4.19063	4.19063	-1.15
4.19054	4.19054	0.02
4.19041	4.19041	-0.72
4.18997	4.18997	-0.27
4.19026	4.19026	0.36
4.19001	4.19001	-0.95
4.18982	4.18982	-0.2
4.19009	4.19009	0.66
4.18997	4.18997	-0.38
4.18986	4.18986	0.79
4.19018	4.19018	0.36
4.18997	4.18997	-0.71
4.19029	4.19029	1.03
4.1906	4.1906	0.19
4.19061	4.19061	0.12
4.19079	4.19079	0.4
4.19107	4.19107	0.25
4.19122	4.19122	0.2
4.19142	4.19142	0.4
4.19167	4.19167	0.32
4.19199	4.19199	0.8
4.19246	4.19246	0.64
4.19286	4.19286	0.55
4.19322	4.19322	0.51
4.19347	4.19347	0.52
4.19384	4.19384	0.86
4.19402	4.19402	0.02
4.1941	4.1941	0.08
4.19424	4.19424	0.51
4.19448	4.19448	0.47
4.1947	4.1947	0.4
4.19503	4.19503	0.51
4.19533	4.19533	0.39
4.19588	4.19588	0.67
4.1962	4.1962	0.55
4.19645	4.19645	0.66
4.19656	4.19656	0.34
4.19669	4.19669	-0.03
4.19687	4.19687	0.44
4.19689	4.19689	-0.24
4.19705	4.19705	0.28
4.19739	4.19739	0.82
4.19751	4.19751	-0.19
4.19779	4.19779	0.52
4.19808	4.19808	0.5
4.19842	4.19842	0.41
4.19858	4.19858	0.39
4.19866	4.19866	-0.09
4.19858	4.19858	-0.2
4.19835	4.19835	-0.63
4.19846	4.19846	0.04
4.19843	4.19843	0.02
4.19839	4.19839	0.09
4.19864	4.19864	0.68
4.19878	4.19878	-0.04
4.19861	4.19861	-0.42
4.1986	4.1986	0.24
4.19827	4.19827	-0.59
4.19803	4.19803	-0.4
4.19794	4.19794	-0.07
4.19786	4.19786	0.12
4.19787	4.19787	0.21
4.19792	4.19792	-0.32
4.1978	4.1978	-0.37
4.19752	4.19752	-0.73
4.19746	4.19746	-0.12
4.1973	4.1973	-0.31
4.19725	4.19725	0.14
4.19749	4.19749	-0.06
4.19757	4.19757	0.03
4.19743	4.19743	-0.25
4.19747	4.19747	0.02
4.19713	4.19713	-1.44
4.19693	4.19693	0.52
4.19684	4.19684	-0.6
4.19672	4.19672	-0.45
4.19707	4.19707	1.18
4.19714	4.19714	-0.24
4.19694	4.19694	-0.81
4.19684	4.19684	0
4.1967	4.1967	-0.47
4.19625	4.19625	-0.33
4.19622	4.19622	0.09
4.19631	4.19631	0
4.19623	4.19623	-0.2
4.19643	4.19643	0.39
4.19628	4.19628	-0.69
4.19601	4.19601	-0.57
4.1959	4.1959	-0.1
4.19533	4.19533	-0.47
4.19527	4.19527	-0.32
4.19509	4.19509	-0.47
4.19491	4.19491	-0.23
4.19493	4.19493	-0.47
4.19476	4.19476	-0.43
4.1945	4.1945	-0.31
4.19436	4.19436	-0.13
4.19399	4.19399	-1
4.19376	4.19376	-0.33
4.19365	4.19365	-0.21
4.19333	4.19333	-1.23
4.19305	4.19305	-0.27
4.19281	4.19281	-0.49
4.19244	4.19244	-0.74
4.19235	4.19235	-0.18
4.19227	4.19227	-0.2
4.19204	4.19204	-0.43
4.19179	4.19179	-1.13
4.19148	4.19148	-0.89
4.19097	4.19097	-0.5
4.19047	4.19047	-1.19
4.19038	4.19038	0.24
4.19031	4.19031	-0.27
4.19011	4.19011	-0.02
4.19021	4.19021	-0.27
4.19015	4.19015	-0.54
4.18982	4.18982	-0.56
4.18945	4.18945	-0.48
4.18909	4.18909	-0.98
4.18851	4.18851	-1.07
4.18801	4.18801	-0.72
4.18784	4.18784	-0.46
4.18766	4.18766	-0.23
4.18763	4.18763	0.1
4.18776	4.18776	0.24
4.18754	4.18754	-0.15
4.18754	4.18754	0.05
4.18736	4.18736	-0.18
4.18701	4.18701	-1.18
4.18659	4.18659	-0.64
4.18618	4.18618	-0.78
4.18608	4.18608	-0.39
4.18597	4.18597	0.05
4.18597	4.18597	-0.16
4.18601	4.18601	0.08
4.18568	4.18568	-0.8
4.18541	4.18541	-1.08
4.18488	4.18488	-1.01
4.18474	4.18474	-0.06
4.18469	4.18469	0.46
4.18435	4.18435	-0.89
4.18435	4.18435	-0.01
4.18425	4.18425	-0.48
4.18388	4.18388	-0.77
4.18367	4.18367	-0.21
4.18344	4.18344	-0.38
4.18321	4.18321	-0.25
4.18316	4.18316	0.11
4.18304	4.18304	-0.25
4.18291	4.18291	-0.22
4.18286	4.18286	-0.29
4.18279	4.18279	-0.07
4.18274	4.18274	0.02
4.18257	4.18257	-0.23
4.18256	4.18256	0.31
4.18247	4.18247	-0.01
4.18228	4.18228	-0.19
4.1822	4.1822	-0.06
4.18222	4.18222	-0.48
4.18215	4.18215	0.12
4.18226	4.18226	0.54
4.1822	4.1822	-0.54
4.18207	4.18207	-0.24
4.18188	4.18188	-0.58
4.18179	4.18179	-0.05
4.18169	4.18169	-0.21
4.18177	4.18177	0.2
4.18182	4.18182	0.18
4.18196	4.18196	0.31
4.18207	4.18207	-0.08
4.18222	4.18222	0.46
4.18241	4.18241	0.25
4.18245	4.18245	0.31
4.18229	4.18229	-0.64
4.18259	4.18259	0.72
4.18254	4.18254	0.11
4.18269	4.18269	0.18
4.18295	4.18295	0.4
4.18302	4.18302	0.19
4.18326	4.18326	0.18
4.18352	4.18352	0.54
4.18374	4.18374	0.05
4.18374	4.18374	0.13
4.18409	4.18409	0.73
4.18445	4.18445	0.82
4.18483	4.18483	0.64
4.18529	4.18529	0.79
4.1855	4.1855	0.68
4.18552	4.18552	0
4.18558	4.18558	0.25
4.1856	4.1856	0
4.1858	4.1858	0.54
4.18613	4.18613	0.75
4.18639	4.18639	0.24
4.18664	4.18664	0.89
4.18672	4.18672	0.03
4.18695	4.18695	0.09
4.18716	4.18716	0.1
4.18723	4.18723	-0.01
4.18737	4.18737	0.48
4.18761	4.18761	0.28
4.18789	4.18789	0.23
4.18796	4.18796	0.28
4.18828	4.18828	0.4
4.18834	4.18834	0.23
4.18853	4.18853	0.5
4.18881	4.18881	0.33
4.18917	4.18917	0.65
4.18926	4.18926	0.09
4.18943	4.18943	0.48
4.18966	4.18966	0.24
4.18979	4.18979	0.17
4.18996	4.18996	0.49
4.19034	4.19034	0.66
4.19046	4.19046	-0.06
4.19062	4.19062	0.51
4.19096	4.19096	0.12
4.19091	4.19091	-0.36
4.19112	4.19112	0.35
4.19135	4.19135	0.58
4.19143	4.19143	-0.15
4.1915	4.1915	0.44
4.19178	4.19178	0.1
4.19186	4.19186	0.17
4.19196	4.19196	0.3
4.1924	4.1924	0.52
4.19256	4.19256	0.39
4.19253	4.19253	0
4.19263	4.19263	0.56
4.1926	4.1926	-0.44
4.19247	4.19247	-0.49
4.19237	4.19237	-0.28
4.19242	4.19242	-0.18
4.19249	4.19249	0.37
4.19281	4.19281	0.61
4.19339	4.19339	1.17
4.19391	4.19391	0.94
4.19404	4.19404	0.32
4.19376	4.19376	-1.12
4.19335	4.19335	-0.97
4.19306	4.19306	-0.29
4.19341	4.19341	1.12
4.19419	4.19419	1.39
4.19468	4.19468	0.87
4.19519	4.19519	0.94
4.19519	4.19519	0.01
4.19515	4.19515	-0.44
4.19464	4.19464	-0.83
4.19475	4.19475	0.24
4.19496	4.19496	0.7
4.19543	4.19543	1.18
4.1956	4.1956	0.16
4.19618	4.19618	1.07
4.19618	4.19618	-0.6
4.19602	4.19602	0.13
4.19594	4.19594	-0.84
4.19555	4.19555	-0.11
4.19552	4.19552	-0.33
4.19566	4.19566	0.85
4.19556	4.19556	-0.82
4.1951	4.1951	-0.3
4.19473	4.19473	-1.44
4.19405	4.19405	-1.57
4.19359	4.19359	-0.12
4.19323	4.19323	-0.52
4.19331	4.19331	-0.09
4.19314	4.19314	-0.44
4.19289	4.19289	-0.39
4.19247	4.19247	-0.87
4.19228	4.19228	-0.42
4.19194	4.19194	-0.35
4.19202	4.19202	0.4
4.19204	4.19204	-0.17
4.19195	4.19195	-0.11
4.19187	4.19187	-0.69
4.19147	4.19147	-0.71
4.19099	4.19099	-0.96
4.19059	4.19059	-0.65
4.19036	4.19036	-0.47
4.19017	4.19017	-0.34
4.18981	4.18981	-0.64
4.18966	4.18966	0.07
4.18965	4.18965	-0.09
4.1896	4.1896	-0.36
4.18955	4.18955	-0.05
4.18949	4.18949	-0.56
4.18917	4.18917	-0.74
4.18865	4.18865	-0.47
4.1882	4.1882	-0.51
4.18841	4.18841	0.29
4.18863	4.18863	0.48
4.18875	4.18875	0.07
4.1885	4.1885	-0.71
4.18816	4.18816	-0.94
4.18764	4.18764	-0.85
4.18708	4.18708	-1.1
4.18661	4.18661	-0.9
4.18636	4.18636	-0.41
4.18661	4.18661	0.24
4.18606	4.18606	-0.58
4.18583	4.18583	-0.27
4.18597	4.18597	0.04
4.18524	4.18524	-0.91
4.18525	4.18525	0.26
4.18495	4.18495	-0.24
4.185	4.185	0.51
4.18494	4.18494	-0.55
4.18472	4.18472	-0.75
4.18421	4.18421	-0.77
4.18385	4.18385	-0.68
4.18344	4.18344	-0.97
4.18316	4.18316	-0.21
4.18342	4.18342	0.63
4.18382	4.18382	0.53
4.18398	4.18398	0.2
4.184	4.184	-0.01
4.18377	4.18377	-0.51
4.18354	4.18354	-0.23
4.18336	4.18336	-0.75
4.18323	4.18323	0.08
4.18346	4.18346	0.05
4.18375	4.18375	0.57
4.1841	4.1841	0.6
4.18412	4.18412	0.08
4.18423	4.18423	0.2
4.18433	4.18433	0.11
4.18427	4.18427	-0.3
4.18416	4.18416	0.12
4.18455	4.18455	0.65
4.18464	4.18464	0.04
4.18494	4.18494	0.72
4.1849	4.1849	-0.23
4.18494	4.18494	-0.3
4.18507	4.18507	0.23
4.185	4.185	0.08
4.18511	4.18511	0.4
4.1857	4.1857	1.33
4.18595	4.18595	0.32
4.18624	4.18624	0.51
4.18619	4.18619	-0.14
4.18603	4.18603	-0.36
4.18582	4.18582	-0.64
4.18563	4.18563	-0.29
4.18564	4.18564	0.47
4.18604	4.18604	1.06
4.18645	4.18645	0.71
4.18665	4.18665	0.3
4.1868	4.1868	0.3
4.18661	4.18661	-0.36
4.18635	4.18635	-0.4
4.18604	4.18604	-0.46
4.18593	4.18593	-0.17
4.18611	4.18611	0.46
4.18663	4.18663	0.86
4.18675	4.18675	0.06
4.18705	4.18705	0.48
4.18695	4.18695	-0.61
4.18686	4.18686	0.04
4.18665	4.18665	-0.6
4.18669	4.18669	0.41
4.18689	4.18689	0.45
4.1872	4.1872	0.49
4.18721	4.18721	0
4.18742	4.18742	0.18
4.18755	4.18755	0.01
4.18723	4.18723	-0.07
4.18719	4.18719	-0.3
4.18719	4.18719	0.32
4.18773	4.18773	0.85
4.18811	4.18811	0.88
4.18836	4.18836	0.47
4.1885	4.1885	0.01
4.18843	4.18843	-0.3
4.1881	4.1881	-0.74
4.18793	4.18793	-0.25
4.18792	4.18792	0.08
4.18846	4.18846	1.35
4.18883	4.18883	0.51
4.1893	4.1893	0.74
4.18949	4.18949	0.03
4.18939	4.18939	-0.59
4.18924	4.18924	-0.45
4.18866	4.18866	-1.24
4.18849	4.18849	-0.33
4.18867	4.18867	0.67
4.18906	4.18906	0.74
4.18961	4.18961	0.99
4.18997	4.18997	0.33
4.18994	4.18994	0.15
4.18997	4.18997	0.09
4.18973	4.18973	-0.49
4.18943	4.18943	-0.01
4.18961	4.18961	-0.01
4.18998	4.18998	0.93
4.19046	4.19046	1.04
4.19096	4.19096	1.06
4.19085	4.19085	-0.26
4.19047	4.19047	-1.29
4.19006	4.19006	-0.58
4.18958	4.18958	-0.82
4.18935	4.18935	-0.27
4.18966	4.18966	0.87
4.19033	4.19033	1.05
4.19046	4.19046	-0.19
4.19063	4.19063	0.45
4.19046	4.19046	-0.19
4.19006	4.19006	-0.96
4.18979	4.18979	-0.48
4.18914	4.18914	-0.7
4.18895	4.18895	-0.17
4.18902	4.18902	0.24
4.18889	4.18889	-0.11
4.18891	4.18891	-0.14
4.18914	4.18914	0.38
4.18949	4.18949	0.88
4.18964	4.18964	0.41
4.18955	4.18955	-0.44
4.18917	4.18917	-0.93
4.18857	4.18857	-1.46
4.18788	4.18788	-1.07
4.18749	4.18749	-0.21
4.18748	4.18748	0.01
4.1875	4.1875	0.35
4.18786	4.18786	0.58
4.18818	4.18818	0.17
4.18819	4.18819	-0.04
4.18804	4.18804	-0.48
4.1877	4.1877	-0.81
4.18735	4.18735	-0.36
4.18716	4.18716	-0.57
4.18706	4.18706	-0.49
4.1871	4.1871	0.3
4.187	4.187	0.16
4.18696	4.18696	-0.14
4.18689	4.18689	-0.11
4.18683	4.18683	-0.01
4.18682	4.18682	0.22
4.18695	4.18695	0.29
4.18692	4.18692	-0.3
4.18671	4.18671	-0.31
4.186	4.186	-1.17
4.1854	4.1854	-1.21
4.18495	4.18495	-0.61
4.18477	4.18477	0.04
4.18464	4.18464	-0.12
4.18476	4.18476	0.24
4.18504	4.18504	0.32
4.18531	4.18531	0.27
4.18532	4.18532	0.12
4.18519	4.18519	-0.61
4.18466	4.18466	-1.43
4.18355	4.18355	-2.6
4.18211	4.18211	-2.92
4.18095	4.18095	-1.7
4.18035	4.18035	-0.77
4.18027	4.18027	0.29
4.18071	4.18071	0.41
4.18057	4.18057	-0.56
4.18031	4.18031	-0.39
4.18042	4.18042	0.34
4.18049	4.18049	-0.06
4.18064	4.18064	0.41
4.18079	4.18079	0.3
4.18064	4.18064	-0.26
4.18052	4.18052	0.09
4.18051	4.18051	0.2
4.18029	4.18029	-0.49
4.18028	4.18028	-0.21
4.18037	4.18037	-0.01
4.18038	4.18038	-0.26
4.18045	4.18045	0.51
4.18051	4.18051	0.16
4.18052	4.18052	-0.14
4.18013	4.18013	-0.78
4.17978	4.17978	-0.52
4.17975	4.17975	-0.14
4.18001	4.18001	0.38
4.18006	4.18006	-0.05
4.18	4.18	-0.41
4.1798	4.1798	-0.39
4.17965	4.17965	-0.13
4.17964	4.17964	0.08
4.17952	4.17952	-0.77
4.17942	4.17942	-0.15
4.17924	4.17924	-0.22
4.17919	4.17919	-0.35
4.17911	4.17911	-0.08
4.179	4.179	-0.1
4.17909	4.17909	0.35
4.17914	4.17914	-0.19
4.17909	4.17909	-0.28
4.1789	4.1789	-0.65
4.17875	4.17875	-0.2
4.17875	4.17875	-0.21
4.17887	4.17887	0.17
4.17879	4.17879	-0.26
4.17873	4.17873	-0.09
4.17874	4.17874	-0.08
4.1787	4.1787	0.06
4.17875	4.17875	0.1
4.17872	4.17872	-0.38
4.17851	4.17851	-0.6
4.17816	4.17816	-0.72
4.17813	4.17813	0.15
4.17811	4.17811	-0.23
4.17819	4.17819	0.22
4.17836	4.17836	0.24
4.1785	4.1785	0.2
4.17851	4.17851	0.18
4.17845	4.17845	-0.33
4.17821	4.17821	-0.63
4.17802	4.17802	-0.34
4.17823	4.17823	0.53
4.17835	4.17835	0.31
4.17845	4.17845	0.48
4.17861	4.17861	0.38
4.17876	4.17876	0.22
4.1788	4.1788	0.1
4.17877	4.17877	-0.4
4.17859	4.17859	-0.52
4.17824	4.17824	-0.59
4.17801	4.17801	-0.44
4.17821	4.17821	0.82
4.17835	4.17835	0.18
4.17866	4.17866	0.35
4.1789	4.1789	0.37
4.17884	4.17884	-0.26
4.17868	4.17868	-0.47
4.17853	4.17853	-0.2
4.1783	4.1783	-0.07
4.17807	4.17807	-0.26
4.17807	4.17807	0.23
4.17816	4.17816	0.37
4.17826	4.17826	0.2
4.1783	4.1783	-0
4.17832	4.17832	-0.2
4.17829	4.17829	0.3
4.17815	4.17815	-0.43
4.17811	4.17811	-0.17
4.17795	4.17795	-0.19
4.17796	4.17796	0.18
4.17785	4.17785	-0.37
4.17763	4.17763	-0.48
4.17724	4.17724	-0.67
4.17891	4.17891	3.22
4.18254	4.18254	8.68
4.1869	4.1869	6.74
4.1867	4.1867	-3.43
4.18525	4.18525	-2.04
4.18433	4.18433	-2.1
4.18334	4.18334	-1.46
4.18414	4.18414	1.3
4.18504	4.18504	1.54
4.1853	4.1853	-0.46
4.18437	4.18437	-1.49
4.18341	4.18341	-2.24
4.18257	4.18257	-0.66
4.18233	4.18233	0.02
4.18297	4.18297	1.71
4.18411	4.18411	2.41
4.18566	4.18566	0.5
4.18533	4.18533	-0.85
4.18487	4.18487	-1.15
4.18409	4.18409	-1.83
4.18322	4.18322	-1.43
4.18301	4.18301	0.08
4.18337	4.18337	1.27
4.18388	4.18388	0.74
4.18436	4.18436	0.92
4.18479	4.18479	0.7
4.18483	4.18483	-0.44
4.18471	4.18471	-0.02
4.1846	4.1846	-0.21
4.18461	4.18461	0.23
4.18444	4.18444	-0.29
4.18432	4.18432	-0.22
4.18415	4.18415	-0.18
4.18398	4.18398	-0.44
4.18406	4.18406	0.71
4.18422	4.18422	-0.11
4.1845	4.1845	0.47
4.18467	4.18467	0.29
4.18477	4.18477	-0.27
4.18466	4.18466	-0.57
4.18441	4.18441	-0.22
4.1842	4.1842	-0.36
4.18414	4.18414	-0.35
4.18432	4.18432	0.64
4.18437	4.18437	0.17
4.18441	4.18441	-0.12
4.18454	4.18454	0.37
4.18448	4.18448	-0.12
4.18439	4.18439	-0.28
4.1845	4.1845	-0.14
4.18459	4.18459	0.2
4.18445	4.18445	-0.45
4.18455	4.18455	0.37
4.18457	4.18457	-0.12
4.18455	4.18455	-0.07
4.18436	4.18436	-0.35
4.18438	4.18438	-0.15
4.18441	4.18441	0.08
4.18444	4.18444	0.24
4.18463	4.18463	0.62
4.18473	4.18473	0.09
4.1849	4.1849	0.2
4.18492	4.18492	-0.18
4.18479	4.18479	-0.56
4.18446	4.18446	-0.74
4.18428	4.18428	0.02
4.18409	4.18409	-0.44
4.18418	4.18418	0.29
4.1844	4.1844	0.44
4.18448	4.18448	0.46
4.18463	4.18463	0.21
4.18473	4.18473	0.16
4.18475	4.18475	-0.18
4.18479	4.18479	-0.1
4.18473	4.18473	0.17
4.1846	4.1846	-0.07
4.18452	4.18452	-0.05
4.18445	4.18445	-0.21
4.18431	4.18431	-0.41
4.18429	4.18429	-0.2
4.18448	4.18448	0.06
4.18457	4.18457	-0.19
4.18466	4.18466	-0.07
4.18479	4.18479	0.09
4.18469	4.18469	-0.44
4.18462	4.18462	-0.05
4.18449	4.18449	-0.38
4.18444	4.18444	-0.37
4.18447	4.18447	0.03
4.18448	4.18448	-0.09
4.18452	4.18452	-0.1
4.18458	4.18458	-0.04
4.18459	4.18459	0.16
4.18469	4.18469	0.21
4.18471	4.18471	0.07
4.18466	4.18466	0.06
4.18465	4.18465	0.07
4.18457	4.18457	-0.19
4.18453	4.18453	-0.26
4.1845	4.1845	-0.09
4.1846	4.1846	0.06
4.18459	4.18459	-0.14
4.18458	4.18458	-0.13
4.18462	4.18462	-0.13
4.18457	4.18457	-0.17
4.18454	4.18454	-0.02
4.18458	4.18458	0.32
4.18463	4.18463	0.05
4.18469	4.18469	0.12
4.1848	4.1848	0.26
4.18487	4.18487	-0.11
4.18479	4.18479	-0.3
4.18446	4.18446	-0.61
4.18427	4.18427	-0.17
4.18418	4.18418	0.09
4.18427	4.18427	0.39
4.18457	4.18457	0.45
4.18489	4.18489	0.92
4.18499	4.18499	0.42
4.18498	4.18498	0.01
4.1848	4.1848	-0.46
4.18462	4.18462	-0.13
4.1844	4.1844	0.06
4.18434	4.18434	0.07
4.18443	4.18443	0.18
4.18455	4.18455	0.34
4.18471	4.18471	0.04
4.18486	4.18486	-0.06
4.18487	4.18487	-0.18
4.18479	4.18479	-0.29
4.18459	4.18459	-0.32
4.18444	4.18444	-0.44
4.18444	4.18444	-0.27
4.18448	4.18448	0.19
4.18452	4.18452	0.1
4.18468	4.18468	0.68
4.18468	4.18468	-0.13
4.1847	4.1847	0.31
4.1847	4.1847	0.08
4.1847	4.1847	-0.01
4.1847	4.1847	0.1
4.18474	4.18474	0.23
4.18472	4.18472	-0.18
4.1847	4.1847	-0.31
4.18468	4.18468	-0.03
4.18459	4.18459	-0.48
4.18463	4.18463	-0.19
4.18462	4.18462	-0.03
4.18463	4.18463	0.1
4.18463	4.18463	-0.08
4.18474	4.18474	0.19
4.18474	4.18474	0.35
4.18477	4.18477	-0.01
4.18479	4.18479	-0.05
4.18478	4.18478	0.15
4.18476	4.18476	-0.09
4.18474	4.18474	-0.34
4.18484	4.18484	0.31
4.18485	4.18485	0.17
4.18486	4.18486	0.19
4.18478	4.18478	-0.13
4.18484	4.18484	0.06
4.18489	4.18489	0.18
4.18492	4.18492	0.32
4.18492	4.18492	-0.01
4.18493	4.18493	-0.29
4.18498	4.18498	0.12
4.18496	4.18496	0.05
4.18502	4.18502	0.14
4.18503	4.18503	0.19
4.185	4.185	-0.14
4.18502	4.18502	0.11
4.18504	4.18504	-0.09
4.18487	4.18487	-0.76
4.18503	4.18503	0.76
4.18506	4.18506	-0.06
4.1855	4.1855	0.07
4.18555	4.18555	0.36
4.18524	4.18524	-0.85
4.18527	4.18527	-0.1
4.18509	4.18509	-0.46
4.18506	4.18506	-0.06
4.18503	4.18503	0.13
4.18522	4.18522	-0.09
4.18526	4.18526	0.12
4.18525	4.18525	-0.04
4.18535	4.18535	0.15
4.18538	4.18538	-0.17
4.18547	4.18547	0.08
4.18553	4.18553	0.2
4.1856	4.1856	-0.01
4.18553	4.18553	-0.05
4.18548	4.18548	-0.16
4.18538	4.18538	-0.33
4.1853	4.1853	-0.3
4.18529	4.18529	-0.1
4.18532	4.18532	0.05
4.18524	4.18524	-0.46
4.18538	4.18538	0.24
4.18556	4.18556	0.6
4.18568	4.18568	0.03
4.18573	4.18573	-0.26
4.1858	4.1858	-0.04
4.18569	4.18569	-0.27
4.18562	4.18562	-0.26
4.18561	4.18561	-0.33
4.18564	4.18564	0.31
4.18556	4.18556	-0.22
4.18559	4.18559	-0.34
4.18566	4.18566	0.07
4.18568	4.18568	0.44
4.1857	4.1857	-0.21
4.18581	4.18581	0.46
4.18581	4.18581	0.03
4.18577	4.18577	-0.3
4.18583	4.18583	0.05
4.18581	4.18581	0.18
4.18579	4.18579	-0.07
4.18585	4.18585	-0.15
4.18588	4.18588	0.17
4.18589	4.18589	0.39
4.18577	4.18577	-0.34
4.18582	4.18582	0.15
4.18577	4.18577	-0.06
4.18584	4.18584	-0.18
4.18585	4.18585	-0.2
4.18593	4.18593	0.06
4.18588	4.18588	-0.17
4.18589	4.18589	-0.22
4.18598	4.18598	0.16
4.18592	4.18592	-0.19
4.18592	4.18592	-0.3
4.18593	4.18593	-0.5
4.18594	4.18594	0.09
4.18591	4.18591	0.01
4.18598	4.18598	-0.01
4.18604	4.18604	0.27
4.18601	4.18601	0.34
4.18597	4.18597	-0.27
4.18604	4.18604	-0.24
4.18612	4.18612	0.32
4.18607	4.18607	-0.24
4.18611	4.18611	-0.33
4.18615	4.18615	-0.04
4.1861	4.1861	-0.03
4.1861	4.1861	0.02
4.18613	4.18613	-0.02
4.18614	4.18614	0.18
4.18617	4.18617	0.18
4.18619	4.18619	0.19
4.18618	4.18618	-0.32
4.18623	4.18623	-0.1
4.18625	4.18625	-0.01
4.18627	4.18627	-0.25
4.18629	4.18629	0.21
4.18626	4.18626	-0.12
4.18629	4.18629	-0.31
4.1863	4.1863	-0.23
4.18633	4.18633	0.11
4.1863	4.1863	-0.15
4.18633	4.18633	-0.15
4.18637	4.18637	0.5
4.18627	4.18627	-0.28
4.18636	4.18636	-0.14
4.18639	4.18639	-0.08
4.1864	4.1864	0.09
4.18633	4.18633	-0.08
4.18641	4.18641	0.17
4.18643	4.18643	0.03
4.18642	4.18642	0.1
4.18644	4.18644	0.06
4.18644	4.18644	0.3
4.18642	4.18642	0.19
4.18637	4.18637	-0.14
4.18651	4.18651	0.37
4.18644	4.18644	-0.01
4.18644	4.18644	-0.23
4.18648	4.18648	-0
4.18648	4.18648	0.03
4.18644	4.18644	-0.15
4.18643	4.18643	-0.34
4.18647	4.18647	-0.05
4.18646	4.18646	0.39
4.18654	4.18654	0.05
4.18661	4.18661	0.08
4.18654	4.18654	-0.14
4.18647	4.18647	-0.38
4.18644	4.18644	-0.36
4.18646	4.18646	0.08
4.18644	4.18644	0.35
4.1865	4.1865	0.12
4.18655	4.18655	0.06
4.18658	4.18658	0.07
4.18662	4.18662	-0.05
4.18662	4.18662	0.03
4.18657	4.18657	0.3
4.18653	4.18653	0.11
4.1865	4.1865	-0.19
4.18659	4.18659	0.07
4.18655	4.18655	0.01
4.18654	4.18654	-0.27
4.18656	4.18656	0.27
4.18643	4.18643	-0.19
4.18645	4.18645	0.01
4.18644	4.18644	-0.02
4.18659	4.18659	0.47
4.18659	4.18659	0.28
4.18658	4.18658	-0.17
4.18656	4.18656	-0.29
4.18662	4.18662	0.15
4.18658	4.18658	-0.17
4.18651	4.18651	-0.26
4.18656	4.18656	0.1
4.18657	4.18657	0.22
4.18657	4.18657	-0.19
4.18661	4.18661	0.13
4.18659	4.18659	-0.14
4.1866	4.1866	0.22
4.18658	4.18658	-0.28
4.18662	4.18662	0.01
4.18667	4.18667	0.13
4.18667	4.18667	0.36
4.18675	4.18675	-0.17
4.18678	4.18678	0.46
4.18672	4.18672	-0.03
4.18666	4.18666	-0.4
4.18664	4.18664	0.18
4.18655	4.18655	-0.17
4.18657	4.18657	-0.12
4.18668	4.18668	0.16
4.18675	4.18675	0.16
4.18676	4.18676	-0.18
4.18681	4.18681	-0.12
4.18684	4.18684	-0.03
4.18672	4.18672	-0.29
4.18669	4.18669	-0.33
4.1867	4.1867	0.06
4.18675	4.18675	0.35
4.18673	4.18673	0.27
4.18676	4.18676	-0.05
4.18674	4.18674	0.09
4.18672	4.18672	-0.1
4.18679	4.18679	0.12
4.18678	4.18678	0.07
4.18677	4.18677	-0.12
4.18677	4.18677	-0.36
4.18688	4.18688	-0.01
4.18685	4.18685	0.07
4.18683	4.18683	-0.17
4.18682	4.18682	-0.35
4.18682	4.18682	0.03
4.1868	4.1868	0.16
4.18674	4.18674	-0.31
4.18682	4.18682	-0.15
4.18686	4.18686	0.28
4.18687	4.18687	-0.05
4.1869	4.1869	-0.02
4.18692	4.18692	0.09
4.18686	4.18686	0.11
4.18686	4.18686	0.16
4.18691	4.18691	0.02
4.18689	4.18689	0.16
4.18686	4.18686	-0.1
4.18685	4.18685	-0.21
4.18689	4.18689	0.47
4.18683	4.18683	-0.22
4.18684	4.18684	-0.21
4.18688	4.18688	0.3
4.18685	4.18685	0.16
4.18688	4.18688	0.19
4.18697	4.18697	0.45
4.1869	4.1869	0.26
4.18685	4.18685	-0.27
4.1869	4.1869	-0.01
4.18685	4.18685	0.01
4.18686	4.18686	-0.18
4.18689	4.18689	-0.03
4.18693	4.18693	0.27
4.1869	4.1869	0.03
4.18685	4.18685	-0.18
4.18689	4.18689	-0.11
4.18694	4.18694	0.22
4.18694	4.18694	-0.04
4.18694	4.18694	-0.08
4.18701	4.18701	0.41
4.18692	4.18692	0.29
4.1869	4.1869	0.12
4.18699	4.18699	0.08
4.18695	4.18695	0.14
4.18697	4.18697	-0.08
4.18697	4.18697	0.12
4.18697	4.18697	0.24
4.18694	4.18694	-0.29
4.18696	4.18696	-0.08
4.18699	4.18699	0.17
4.18695	4.18695	-0.15
4.18697	4.18697	-0.27
4.18701	4.18701	0.23
4.18695	4.18695	-0.32
4.18695	4.18695	-0.39
4.18705	4.18705	0.42
4.18706	4.18706	0.69
4.18696	4.18696	-0.23
4.18699	4.18699	-0.25
4.18704	4.18704	0.32
4.18701	4.18701	-0.04
4.18701	4.18701	-0.31
4.18707	4.18707	0.13
4.18707	4.18707	0.39
4.18702	4.18702	-0.03
4.18708	4.18708	0.19
4.18711	4.18711	0.39
4.18699	4.18699	-0.28
4.18704	4.18704	-0.07
4.18703	4.18703	0.15
4.18704	4.18704	0.12
4.18706	4.18706	-0.13
4.18708	4.18708	0.03
4.18703	4.18703	-0.19
4.18703	4.18703	-0.19
4.18706	4.18706	-0.13
4.18714	4.18714	0.38
4.18711	4.18711	-0.01
4.18714	4.18714	0.2
4.18712	4.18712	-0.08
4.18709	4.18709	0.13
4.18708	4.18708	-0.14
4.18716	4.18716	0.3
4.18712	4.18712	0.25
4.18709	4.18709	-0.34
4.18716	4.18716	0.09
4.18712	4.18712	0.21
4.18712	4.18712	0
4.18712	4.18712	-0.5
4.1872	4.1872	0.43
4.18709	4.18709	-0.09
4.18715	4.18715	0.03
4.18717	4.18717	0.14
4.18715	4.18715	-0.04
4.18721	4.18721	-0.08
4.18715	4.18715	-0.1
4.18716	4.18716	0.13
4.18713	4.18713	-0.23
