#reforence point coordinates
100	5	97
#the number of meter size cube
33
#sacle
5
#cubeLen
50
#cubeWidth	cubeHeight	cubeDepth
100	5	100	
#XYX dis
125	125	195	64
125	125	196	56
125	125	197	56
125	125	198	64
125	125	199	69
125	125	200	81
125	125	201	94
125	125	202	112
125	125	203	137
125	125	204	149
125	126	195	39
125	126	196	31
125	126	197	31
125	126	198	39
125	126	199	44
125	126	200	56
125	126	201	69
125	126	202	86
125	126	203	112
125	126	204	124
125	127	195	22
125	127	196	14
125	127	197	14
125	127	198	22
125	127	199	27
125	127	200	39
125	127	201	51
125	127	202	69
125	127	203	94
125	127	204	106
125	128	195	13
125	128	196	0
125	128	197	5
125	128	198	13
125	128	199	18
125	128	200	29
125	128	201	42
125	128	202	60
125	128	203	85
125	128	204	96
125	129	195	12
125	129	196	4
125	129	197	4
125	129	198	12
125	129	199	16
125	129	200	28
125	129	201	41
125	129	202	58
125	129	203	83
125	129	204	94
126	125	195	61
126	125	196	53
126	125	197	53
126	125	198	55
126	125	199	59
126	125	200	67
126	125	201	76
126	125	202	94
126	125	203	106
126	125	204	118
126	126	195	36
126	126	196	28
126	126	197	28
126	126	198	30
126	126	199	34
126	126	200	41
126	126	201	51
126	126	202	69
126	126	203	80
126	126	204	92
126	127	195	19
126	127	196	11
126	127	197	11
126	127	198	13
126	127	199	17
126	127	200	24
126	127	201	34
126	127	202	51
126	127	203	63
126	127	204	74
126	128	195	10
126	128	196	2
126	128	197	2
126	128	198	0
126	128	199	7
126	128	200	15
126	128	201	24
126	128	202	42
126	128	203	53
126	128	204	64
126	129	195	9
126	129	196	1
126	129	197	1
126	129	198	2
126	129	199	6
126	129	200	13
126	129	201	23
126	129	202	41
126	129	203	51
126	129	204	63
127	125	195	65
127	125	196	58
127	125	197	57
127	125	198	53
127	125	199	55
127	125	200	57
127	125	201	67
127	125	202	79
127	125	203	82
127	125	204	94
127	126	195	41
127	126	196	33
127	126	197	32
127	126	198	28
127	126	199	30
127	126	200	32
127	126	201	42
127	126	202	53
127	126	203	57
127	126	204	68
127	127	195	24
127	127	196	16
127	127	197	15
127	127	198	10
127	127	199	13
127	127	200	15
127	127	201	24
127	127	202	36
127	127	203	39
127	127	204	50
127	128	195	15
127	128	196	7
127	128	197	5
127	128	198	1
127	128	199	0
127	128	200	5
127	128	201	15
127	128	202	26
127	128	203	29
127	128	204	41
127	129	195	14
127	129	196	6
127	129	197	4
127	129	198	0
127	129	199	2
127	129	200	4
127	129	201	14
127	129	202	24
127	129	203	28
127	129	204	39
128	125	195	78
128	125	196	71
128	125	197	63
128	125	198	58
128	125	199	54
128	125	200	56
128	125	201	65
128	125	202	63
128	125	203	67
128	125	204	78
128	126	195	54
128	126	196	46
128	126	197	37
128	126	198	33
128	126	199	29
128	126	200	30
128	126	201	40
128	126	202	38
128	126	203	41
128	126	204	52
128	127	195	37
128	127	196	29
128	127	197	20
128	127	198	16
128	127	199	11
128	127	200	13
128	127	201	23
128	127	202	20
128	127	203	23
128	127	204	35
128	128	195	28
128	128	196	20
128	128	197	11
128	128	198	7
128	128	199	2
128	128	200	4
128	128	201	13
128	128	202	10
128	128	203	14
128	128	204	25
128	129	195	27
128	129	196	19
128	129	197	10
128	129	198	6
128	129	199	1
128	129	200	2
128	129	201	12
128	129	202	8
128	129	203	12
128	129	204	23
129	125	195	99
129	125	196	88
129	125	197	76
129	125	198	67
129	125	199	60
129	125	200	62
129	125	201	60
129	125	202	56
129	125	203	59
129	125	204	71
129	126	195	75
129	126	196	63
129	126	197	51
129	126	198	41
129	126	199	35
129	126	200	37
129	126	201	34
129	126	202	30
129	126	203	33
129	126	204	45
129	127	195	58
129	127	196	46
129	127	197	34
129	127	198	24
129	127	199	18
129	127	200	20
129	127	201	17
129	127	202	12
129	127	203	16
129	127	204	27
129	128	195	49
129	128	196	37
129	128	197	25
129	128	198	15
129	128	199	8
129	128	200	10
129	128	201	7
129	128	202	0
129	128	203	6
129	128	204	17
129	129	195	48
129	129	196	36
129	129	197	24
129	129	198	13
129	129	199	7
129	129	200	9
129	129	201	5
129	129	202	1
129	129	203	4
129	129	204	15
130	125	200	73
130	125	201	61
130	125	202	56
130	125	203	59
130	125	204	60
130	126	200	47
130	126	201	35
130	126	202	30
130	126	203	34
130	126	204	34
130	127	200	30
130	127	201	17
130	127	202	12
130	127	203	15
130	127	204	16
130	128	200	20
130	128	201	7
130	128	202	3
130	128	203	0
130	128	204	6
130	129	200	18
130	129	201	6
130	129	202	1
130	129	203	3
130	129	204	4
131	125	200	81
131	125	201	69
131	125	202	64
131	125	203	57
131	125	204	57
131	126	200	56
131	126	201	43
131	126	202	38
131	126	203	31
131	126	204	31
131	127	200	38
131	127	201	25
131	127	202	20
131	127	203	13
131	127	204	13
131	128	200	28
131	128	201	16
131	128	202	10
131	128	203	3
131	128	204	3
131	129	200	26
131	129	201	14
131	129	202	8
131	129	203	0
131	129	204	1
132	125	200	98
132	125	201	80
132	125	202	65
132	125	203	59
132	125	204	60
132	126	200	72
132	126	201	54
132	126	202	39
132	126	203	32
132	126	204	33
132	127	200	54
132	127	201	35
132	127	202	21
132	127	203	14
132	127	204	15
132	128	200	44
132	128	201	25
132	128	202	10
132	128	203	0
132	128	204	4
132	129	200	43
132	129	201	23
132	129	202	8
132	129	203	1
132	129	204	2
133	125	200	89
133	125	201	73
133	125	202	64
133	125	203	59
133	125	204	60
133	126	200	62
133	126	201	46
133	126	202	37
133	126	203	33
133	126	204	34
133	127	200	44
133	127	201	27
133	127	202	19
133	127	203	14
133	127	204	15
133	128	200	33
133	128	201	16
133	128	202	8
133	128	203	4
133	128	204	5
133	129	200	30
133	129	201	14
133	129	202	5
133	129	203	1
133	129	204	3
134	125	200	72
134	125	201	62
134	125	202	60
134	125	203	59
134	125	204	67
134	126	200	48
134	126	201	38
134	126	202	33
134	126	203	33
134	126	204	40
134	127	200	32
134	127	201	22
134	127	202	14
134	127	203	14
134	127	204	21
134	128	200	24
134	128	201	12
134	128	202	0
134	128	203	3
134	128	204	11
134	129	200	24
134	129	201	9
134	129	202	1
134	129	203	0
134	129	204	8
135	125	200	63
135	125	201	53
135	125	202	50
135	125	203	56
135	125	204	70
135	126	200	39
135	126	201	29
135	126	202	26
135	126	203	32
135	126	204	44
135	127	200	23
135	127	201	13
135	127	202	10
135	127	203	16
135	127	204	25
135	128	200	15
135	128	201	0
135	128	202	2
135	128	203	7
135	128	204	14
135	129	200	15
135	129	201	5
135	129	202	2
135	129	203	4
135	129	204	12
136	125	200	61
136	125	201	51
136	125	202	49
136	125	203	55
136	125	204	69
136	126	200	37
136	126	201	27
136	126	202	25
136	126	203	31
136	126	204	45
136	127	200	21
136	127	201	11
136	127	202	9
136	127	203	15
136	127	204	29
136	128	200	13
136	128	201	3
136	128	202	1
136	128	203	7
136	128	204	21
136	129	200	13
136	129	201	3
136	129	202	1
136	129	203	7
136	129	204	21
137	125	200	68
137	125	201	58
137	125	202	56
137	125	203	62
137	125	204	76
137	126	200	44
137	126	201	34
137	126	202	32
137	126	203	38
137	126	204	52
137	127	200	28
137	127	201	18
137	127	202	16
137	127	203	22
137	127	204	36
137	128	200	20
137	128	201	10
137	128	202	8
137	128	203	14
137	128	204	28
137	129	200	20
137	129	201	10
137	129	202	8
137	129	203	14
137	129	204	28
138	125	200	83
138	125	201	73
138	125	202	71
138	125	203	77
138	125	204	91
138	126	200	59
138	126	201	49
138	126	202	47
138	126	203	53
138	126	204	67
138	127	200	43
138	127	201	33
138	127	202	31
138	127	203	37
138	127	204	51
138	128	200	35
138	128	201	25
138	128	202	23
138	128	203	29
138	128	204	43
138	129	200	35
138	129	201	25
138	129	202	23
138	129	203	29
138	129	204	43
139	125	200	106
139	125	201	96
139	125	202	94
139	125	203	99
139	125	204	113
139	126	200	82
139	126	201	72
139	126	202	70
139	126	203	75
139	126	204	89
139	127	200	66
139	127	201	56
139	127	202	54
139	127	203	59
139	127	204	73
139	128	200	58
139	128	201	48
139	128	202	46
139	128	203	51
139	128	204	65
139	129	200	58
139	129	201	48
139	129	202	46
139	129	203	51
139	129	204	65
150	125	125	149
150	125	126	139
150	125	127	137
150	125	128	143
150	125	129	156
150	126	125	125
150	126	126	114
150	126	127	112
150	126	128	118
150	126	129	132
150	127	125	108
150	127	126	98
150	127	127	96
150	127	128	101
150	127	129	115
150	128	125	99
150	128	126	89
150	128	127	87
150	128	128	93
150	128	129	107
150	129	125	99
150	129	126	89
150	129	127	86
150	129	128	92
150	129	129	106
151	125	125	116
151	125	126	106
151	125	127	104
151	125	128	110
151	125	129	123
151	126	125	92
151	126	126	81
151	126	127	79
151	126	128	85
151	126	129	99
151	127	125	75
151	127	126	65
151	127	127	63
151	127	128	68
151	127	129	82
151	128	125	66
151	128	126	56
151	128	127	54
151	128	128	60
151	128	129	74
151	129	125	66
151	129	126	56
151	129	127	53
151	129	128	59
151	129	129	73
152	125	125	91
152	125	126	81
152	125	127	79
152	125	128	84
152	125	129	98
152	126	125	66
152	126	126	56
152	126	127	54
152	126	128	60
152	126	129	74
152	127	125	50
152	127	126	40
152	127	127	37
152	127	128	43
152	127	129	57
152	128	125	41
152	128	126	31
152	128	127	29
152	128	128	35
152	128	129	48
152	129	125	41
152	129	126	30
152	129	127	28
152	129	128	34
152	129	129	48
153	125	125	74
153	125	126	64
153	125	127	62
153	125	128	67
153	125	129	81
153	126	125	49
153	126	126	39
153	126	127	37
153	126	128	43
153	126	129	57
153	127	125	33
153	127	126	23
153	127	127	20
153	127	128	26
153	127	129	40
153	128	125	24
153	128	126	14
153	128	127	12
153	128	128	18
153	128	129	31
153	129	125	24
153	129	126	13
153	129	127	11
153	129	128	17
153	129	129	31
154	125	125	65
154	125	126	55
154	125	127	52
154	125	128	58
154	125	129	72
154	126	125	40
154	126	126	30
154	126	127	28
154	126	128	34
154	126	129	47
154	127	125	24
154	127	126	13
154	127	127	11
154	127	128	17
154	127	129	31
154	128	125	15
154	128	126	0
154	128	127	3
154	128	128	8
154	128	129	22
154	129	125	14
154	129	126	4
154	129	127	2
154	129	128	8
154	129	129	22
155	125	125	64
155	125	126	54
155	125	127	51
155	125	128	57
155	125	129	71
155	126	125	39
155	126	126	29
155	126	127	27
155	126	128	33
155	126	129	46
155	127	125	23
155	127	126	12
155	127	127	10
155	127	128	16
155	127	129	30
155	128	125	14
155	128	126	4
155	128	127	2
155	128	128	7
155	128	129	21
155	129	125	13
155	129	126	3
155	129	127	1
155	129	128	7
155	129	129	21
156	125	125	71
156	125	126	60
156	125	127	58
156	125	128	64
156	125	129	78
156	126	125	46
156	126	126	36
156	126	127	34
156	126	128	39
156	126	129	53
156	127	125	29
156	127	126	19
156	127	127	17
156	127	128	23
156	127	129	37
156	128	125	21
156	128	126	11
156	128	127	8
156	128	128	14
156	128	129	28
156	129	125	20
156	129	126	10
156	129	127	8
156	129	128	14
156	129	129	27
157	125	125	65
157	125	126	58
157	125	127	58
157	125	128	67
157	125	129	84
157	126	125	40
157	126	126	33
157	126	127	33
157	126	128	42
157	126	129	58
157	127	125	23
157	127	126	16
157	127	127	16
157	127	128	25
157	127	129	41
157	128	125	14
157	128	126	7
157	128	127	7
157	128	128	16
157	128	129	32
157	129	125	13
157	129	126	6
157	129	127	6
157	129	128	15
157	129	129	31
158	125	125	61
158	125	126	53
158	125	127	54
158	125	128	62
158	125	129	79
158	126	125	36
158	126	126	28
158	126	127	29
158	126	128	37
158	126	129	54
158	127	125	18
158	127	126	11
158	127	127	12
158	127	128	20
158	127	129	37
158	128	125	9
158	128	126	0
158	128	127	2
158	128	128	11
158	128	129	28
158	129	125	8
158	129	126	0
158	129	127	1
158	129	128	10
158	129	129	26
159	125	125	64
159	125	126	56
159	125	127	57
159	125	128	66
159	125	129	82
159	126	125	39
159	126	126	31
159	126	127	32
159	126	128	40
159	126	129	57
159	127	125	22
159	127	126	14
159	127	127	15
159	127	128	23
159	127	129	40
159	128	125	13
159	128	126	5
159	128	127	6
159	128	128	14
159	128	129	31
159	129	125	8
159	129	126	1
159	129	127	3
159	129	128	13
159	129	129	30
180	145	85	63
180	145	86	55
180	145	87	55
180	145	88	63
180	145	89	79
180	146	85	50
180	146	86	42
180	146	87	43
180	146	88	51
180	146	89	67
180	147	85	46
180	147	86	38
180	147	87	38
180	147	88	46
180	147	89	62
180	148	85	50
180	148	86	42
180	148	87	42
180	148	88	50
180	148	89	66
180	149	85	61
180	149	86	53
180	149	87	53
180	149	88	62
180	149	89	78
181	145	85	42
181	145	86	34
181	145	87	34
181	145	88	43
181	145	89	59
181	146	85	30
181	146	86	22
181	146	87	22
181	146	88	30
181	146	89	46
181	147	85	25
181	147	86	18
181	147	87	18
181	147	88	26
181	147	89	42
181	148	85	29
181	148	86	21
181	148	87	21
181	148	88	29
181	148	89	46
181	149	85	41
181	149	86	33
181	149	87	33
181	149	88	41
181	149	89	57
182	145	85	30
182	145	86	22
182	145	87	22
182	145	88	30
182	145	89	46
182	146	85	17
182	146	86	9
182	146	87	10
182	146	88	18
182	146	89	34
182	147	85	13
182	147	86	5
182	147	87	5
182	147	88	13
182	147	89	29
182	148	85	16
182	148	86	9
182	148	87	9
182	148	88	17
182	148	89	33
182	149	85	28
182	149	86	20
182	149	87	20
182	149	88	29
182	149	89	45
183	145	85	25
183	145	86	17
183	145	87	17
183	145	88	25
183	145	89	42
183	146	85	13
183	146	86	5
183	146	87	5
183	146	88	13
183	146	89	29
183	147	85	8
183	147	86	0
183	147	87	1
183	147	88	9
183	147	89	25
183	148	85	12
183	148	86	4
183	148	87	4
183	148	88	12
183	148	89	29
183	149	85	24
183	149	86	16
183	149	87	16
183	149	88	24
183	149	89	40
184	145	85	29
184	145	86	21
184	145	87	21
184	145	88	29
184	145	89	45
184	146	85	16
184	146	86	8
184	146	87	8
184	146	88	17
184	146	89	33
184	147	85	12
184	147	86	4
184	147	87	4
184	147	88	12
184	147	89	28
184	148	85	15
184	148	86	8
184	148	87	8
184	148	88	16
184	148	89	32
184	149	85	27
184	149	86	19
184	149	87	19
184	149	88	27
184	149	89	44
200	160	105	97
200	160	106	62
200	160	107	36
200	160	108	18
200	160	109	0
200	161	105	94
200	161	106	60
200	161	107	34
200	161	108	16
200	161	109	5
200	162	105	99
200	162	106	65
200	162	107	39
200	162	108	21
200	162	109	11
200	163	105	113
200	163	106	78
200	163	107	52
200	163	108	34
200	163	109	24
200	164	105	134
200	164	106	100
200	164	107	74
200	164	108	55
200	164	109	45
201	160	105	93
201	160	106	59
201	160	107	33
201	160	108	15
201	160	109	5
201	161	105	91
201	161	106	56
201	161	107	30
201	161	108	12
201	161	109	2
201	162	105	96
201	162	106	62
201	162	107	36
201	162	108	17
201	162	109	7
201	163	105	109
201	163	106	75
201	163	107	49
201	163	108	31
201	163	109	21
201	164	105	130
201	164	106	96
201	164	107	70
201	164	108	52
201	164	109	42
202	160	105	98
202	160	106	64
202	160	107	38
202	160	108	19
202	160	109	9
202	161	105	95
202	161	106	61
202	161	107	35
202	161	108	17
202	161	109	7
202	162	105	100
202	162	106	66
202	162	107	40
202	162	108	22
202	162	109	12
202	163	105	114
202	163	106	80
202	163	107	53
202	163	108	35
202	163	109	25
202	164	105	135
202	164	106	101
202	164	107	75
202	164	108	57
202	164	109	46
203	160	105	110
203	160	106	76
203	160	107	50
203	160	108	32
203	160	109	22
203	161	105	108
203	161	106	74
203	161	107	47
203	161	108	29
203	161	109	19
203	162	105	113
203	162	106	79
203	162	107	53
203	162	108	35
203	162	109	24
203	163	105	126
203	163	106	92
203	163	107	66
203	163	108	48
203	163	109	38
203	164	105	148
203	164	106	113
203	164	107	87
203	164	108	69
203	164	109	59
204	160	105	131
204	160	106	97
204	160	107	71
204	160	108	53
204	160	109	42
204	161	105	128
204	161	106	94
204	161	107	68
204	161	108	50
204	161	109	40
204	162	105	134
204	162	106	99
204	162	107	73
204	162	108	55
204	162	109	45
204	163	105	147
204	163	106	113
204	163	107	87
204	163	108	68
204	163	109	58
204	164	105	168
204	164	106	134
204	164	107	108
204	164	108	90
204	164	109	80
220	145	225	69
220	145	226	59
220	145	227	56
220	145	228	62
220	145	229	76
220	146	225	68
220	146	226	58
220	146	227	55
220	146	228	61
220	146	229	75
220	147	225	75
220	147	226	65
220	147	227	62
220	147	228	68
220	147	229	82
220	148	225	90
220	148	226	80
220	148	227	78
220	148	228	83
220	148	229	97
220	149	225	113
220	149	226	103
220	149	227	101
220	149	228	106
220	149	229	120
221	145	225	43
221	145	226	33
221	145	227	31
221	145	228	36
221	145	229	50
221	146	225	42
221	146	226	32
221	146	227	30
221	146	228	35
221	146	229	49
221	147	225	49
221	147	226	39
221	147	227	37
221	147	228	43
221	147	229	56
221	148	225	64
221	148	226	54
221	148	227	52
221	148	228	58
221	148	229	71
221	149	225	87
221	149	226	77
221	149	227	75
221	149	228	81
221	149	229	94
222	145	225	26
222	145	226	15
222	145	227	13
222	145	228	19
222	145	229	32
222	146	225	25
222	146	226	14
222	146	227	12
222	146	228	18
222	146	229	31
222	147	225	32
222	147	226	21
222	147	227	19
222	147	228	25
222	147	229	39
222	148	225	47
222	148	226	36
222	148	227	34
222	148	228	40
222	148	229	54
222	149	225	70
222	149	226	59
222	149	227	57
222	149	228	63
222	149	229	77
223	145	225	16
223	145	226	0
223	145	227	3
223	145	228	9
223	145	229	23
223	146	225	15
223	146	226	5
223	146	227	2
223	146	228	8
223	146	229	22
223	147	225	22
223	147	226	12
223	147	227	9
223	147	228	15
223	147	229	29
223	148	225	37
223	148	226	27
223	148	227	24
223	148	228	30
223	148	229	44
223	149	225	60
223	149	226	50
223	149	227	47
223	149	228	53
223	149	229	67
224	145	225	14
224	145	226	4
224	145	227	2
224	145	228	7
224	145	229	21
224	146	225	13
224	146	226	3
224	146	227	1
224	146	228	6
224	146	229	20
224	147	225	20
224	147	226	10
224	147	227	8
224	147	228	13
224	147	229	27
224	148	225	35
224	148	226	25
224	148	227	23
224	148	228	28
224	148	229	42
224	149	225	58
224	149	226	48
224	149	227	46
224	149	228	51
224	149	229	65
225	130	230	22
225	130	231	22
225	130	232	30
225	130	233	46
225	130	234	70
225	131	230	24
225	131	231	24
225	131	232	30
225	131	233	43
225	131	234	65
225	132	230	21
225	132	231	19
225	132	232	24
225	132	233	38
225	132	234	59
225	133	230	24
225	133	231	21
225	133	232	27
225	133	233	37
225	133	234	55
225	134	230	30
225	134	231	28
225	134	232	31
225	134	233	41
225	134	234	59
225	140	230	29
225	140	231	26
225	140	232	31
225	140	233	43
225	140	234	64
225	141	230	27
225	141	231	24
225	141	232	28
225	141	233	41
225	141	234	62
225	142	230	28
225	142	231	25
225	142	232	29
225	142	233	42
225	142	234	63
225	143	230	29
225	143	231	26
225	143	232	30
225	143	233	43
225	143	234	64
225	144	230	38
225	144	231	35
225	144	232	39
225	144	233	52
225	144	234	73
225	150	215	137
225	150	216	112
225	150	217	96
225	150	218	88
225	150	219	87
225	150	225	86
225	150	226	75
225	150	227	72
225	150	228	77
225	150	229	63
225	150	230	52
225	150	231	49
225	150	232	54
225	150	233	67
225	150	234	88
225	151	215	123
225	151	216	98
225	151	217	82
225	151	218	73
225	151	219	73
225	151	225	79
225	151	226	68
225	151	227	65
225	151	228	65
225	151	229	46
225	151	230	35
225	151	231	32
225	151	232	37
225	151	233	50
225	151	234	71
225	152	215	116
225	152	216	92
225	152	217	76
225	152	218	67
225	152	219	67
225	152	225	80
225	152	226	69
225	152	227	66
225	152	228	57
225	152	229	38
225	152	230	27
225	152	231	23
225	152	232	28
225	152	233	41
225	152	234	62
225	153	215	118
225	153	216	94
225	153	217	77
225	153	218	69
225	153	219	69
225	153	225	84
225	153	226	78
225	153	227	75
225	153	228	56
225	153	229	37
225	153	230	26
225	153	231	23
225	153	232	28
225	153	233	41
225	153	234	62
225	154	215	128
225	154	216	104
225	154	217	87
225	154	218	79
225	154	219	72
225	154	225	54
225	154	226	73
225	154	227	90
225	154	228	63
225	154	229	44
225	154	230	33
225	154	231	30
225	154	232	35
225	154	233	48
225	154	234	69
225	155	220	61
225	155	221	40
225	155	222	26
225	155	223	20
225	155	224	22
225	155	230	48
225	155	231	45
225	155	232	50
225	155	233	63
225	155	234	74
225	156	220	48
225	156	221	26
225	156	222	12
225	156	223	6
225	156	224	9
225	156	230	72
225	156	231	69
225	156	232	71
225	156	233	58
225	156	234	53
225	157	220	42
225	157	221	20
225	157	222	7
225	157	223	0
225	157	224	3
225	157	230	103
225	157	231	79
225	157	232	58
225	157	233	45
225	157	234	40
225	158	220	44
225	158	221	23
225	158	222	9
225	158	223	3
225	158	224	5
225	158	230	103
225	158	231	74
225	158	232	53
225	158	233	40
225	158	234	35
225	159	220	55
225	159	221	33
225	159	222	19
225	159	223	13
225	159	224	16
225	159	230	106
225	159	231	77
225	159	232	56
225	159	233	43
225	159	234	37
225	160	220	38
225	160	221	29
225	160	222	28
225	160	223	32
225	160	224	34
225	161	220	25
225	161	221	16
225	161	222	15
225	161	223	22
225	161	224	37
225	162	220	19
225	162	221	10
225	162	222	9
225	162	223	16
225	162	224	32
225	163	220	22
225	163	221	13
225	163	222	12
225	163	223	19
225	163	224	34
225	164	220	32
225	164	221	23
225	164	222	22
225	164	223	29
225	164	224	45
226	130	230	8
226	130	231	8
226	130	232	16
226	130	233	32
226	130	234	56
226	131	230	9
226	131	231	9
226	131	232	16
226	131	233	30
226	131	234	52
226	132	230	8
226	132	231	5
226	132	232	11
226	132	233	25
226	132	234	43
226	133	230	10
226	133	231	8
226	133	232	11
226	133	233	21
226	133	234	39
226	134	230	13
226	134	231	11
226	134	232	15
226	134	233	25
226	134	234	43
226	140	230	13
226	140	231	10
226	140	232	15
226	140	233	28
226	140	234	49
226	141	230	11
226	141	231	8
226	141	232	13
226	141	233	26
226	141	234	46
226	142	230	12
226	142	231	9
226	142	232	14
226	142	233	26
226	142	234	47
226	143	230	13
226	143	231	10
226	143	232	15
226	143	233	27
226	143	234	48
226	144	230	22
226	144	231	19
226	144	232	24
226	144	233	36
226	144	234	57
226	150	215	108
226	150	216	84
226	150	217	67
226	150	218	59
226	150	219	59
226	150	225	58
226	150	226	47
226	150	227	44
226	150	228	49
226	150	229	48
226	150	230	37
226	150	231	34
226	150	232	39
226	150	233	52
226	150	234	73
226	151	215	94
226	151	216	70
226	151	217	53
226	151	218	45
226	151	219	45
226	151	225	51
226	151	226	40
226	151	227	37
226	151	228	42
226	151	229	31
226	151	230	20
226	151	231	17
226	151	232	22
226	151	233	35
226	151	234	56
226	152	215	88
226	152	216	63
226	152	217	47
226	152	218	39
226	152	219	38
226	152	225	52
226	152	226	41
226	152	227	38
226	152	228	42
226	152	229	23
226	152	230	12
226	152	231	8
226	152	232	13
226	152	233	26
226	152	234	47
226	153	215	90
226	153	216	65
226	153	217	49
226	153	218	41
226	153	219	40
226	153	225	61
226	153	226	50
226	153	227	47
226	153	228	41
226	153	229	22
226	153	230	11
226	153	231	8
226	153	232	13
226	153	233	26
226	153	234	47
226	154	215	99
226	154	216	75
226	154	217	59
226	154	218	50
226	154	219	43
226	154	225	55
226	154	226	67
226	154	227	63
226	154	228	48
226	154	229	29
226	154	230	18
226	154	231	15
226	154	232	20
226	154	233	33
226	154	234	54
226	155	220	50
226	155	221	40
226	155	222	26
226	155	223	20
226	155	224	23
226	155	230	33
226	155	231	30
226	155	232	35
226	155	233	48
226	155	234	54
226	156	220	48
226	156	221	26
226	156	222	13
226	156	223	7
226	156	224	9
226	156	230	57
226	156	231	54
226	156	232	51
226	156	233	38
226	156	234	33
226	157	220	42
226	157	221	21
226	157	222	7
226	157	223	1
226	157	224	3
226	157	230	88
226	157	231	59
226	157	232	38
226	157	233	25
226	157	234	20
226	158	220	45
226	158	221	23
226	158	222	9
226	158	223	3
226	158	224	6
226	158	230	83
226	158	231	54
226	158	232	33
226	158	233	20
226	158	234	15
226	159	220	51
226	159	221	33
226	159	222	19
226	159	223	14
226	159	224	16
226	159	230	86
226	159	231	57
226	159	232	36
226	159	233	23
226	159	234	18
226	160	220	30
226	160	221	21
226	160	222	20
226	160	223	27
226	160	224	34
226	161	220	17
226	161	221	8
226	161	222	7
226	161	223	14
226	161	224	29
226	162	220	11
226	162	221	0
226	162	222	1
226	162	223	8
226	162	224	23
226	163	220	14
226	163	221	5
226	163	222	4
226	163	223	11
226	163	224	26
226	164	220	24
226	164	221	15
226	164	222	14
226	164	223	21
226	164	224	37
227	130	230	0
227	130	231	1
227	130	232	9
227	130	233	25
227	130	234	49
227	131	230	3
227	131	231	3
227	131	232	11
227	131	233	25
227	131	234	46
227	132	230	0
227	132	231	0
227	132	232	6
227	132	233	17
227	132	234	35
227	133	230	0
227	133	231	1
227	133	232	3
227	133	233	13
227	133	234	31
227	134	230	4
227	134	231	2
227	134	232	7
227	134	233	17
227	134	234	35
227	140	230	0
227	140	231	3
227	140	232	8
227	140	233	20
227	140	234	41
227	141	230	4
227	141	231	1
227	141	232	5
227	141	233	18
227	141	234	39
227	142	230	0
227	142	231	1
227	142	232	6
227	142	233	18
227	142	234	39
227	143	230	5
227	143	231	2
227	143	232	7
227	143	233	19
227	143	234	40
227	144	230	14
227	144	231	11
227	144	232	16
227	144	233	28
227	144	234	49
227	150	215	88
227	150	216	63
227	150	217	47
227	150	218	39
227	150	219	38
227	150	225	38
227	150	226	27
227	150	227	24
227	150	228	29
227	150	229	41
227	150	230	30
227	150	231	27
227	150	232	32
227	150	233	45
227	150	234	66
227	151	215	73
227	151	216	49
227	151	217	33
227	151	218	24
227	151	219	24
227	151	225	31
227	151	226	20
227	151	227	17
227	151	228	22
227	151	229	24
227	151	230	13
227	151	231	10
227	151	232	15
227	151	233	28
227	151	234	49
227	152	215	67
227	152	216	43
227	152	217	27
227	152	218	18
227	152	219	18
227	152	225	32
227	152	226	21
227	152	227	18
227	152	228	22
227	152	229	16
227	152	230	0
227	152	231	2
227	152	232	6
227	152	233	19
227	152	234	40
227	153	215	69
227	153	216	45
227	153	217	28
227	153	218	20
227	153	219	20
227	153	225	40
227	153	226	29
227	153	227	26
227	153	228	31
227	153	229	15
227	153	230	4
227	153	231	1
227	153	232	6
227	153	233	19
227	153	234	40
227	154	215	79
227	154	216	55
227	154	217	38
227	154	218	30
227	154	219	21
227	154	225	57
227	154	226	46
227	154	227	43
227	154	228	41
227	154	229	22
227	154	230	11
227	154	231	8
227	154	232	13
227	154	233	26
227	154	234	47
227	155	220	29
227	155	221	36
227	155	222	35
227	155	223	29
227	155	224	31
227	155	230	26
227	155	231	23
227	155	232	28
227	155	233	41
227	155	234	43
227	156	220	45
227	156	221	35
227	156	222	21
227	156	223	15
227	156	224	17
227	156	230	50
227	156	231	47
227	156	232	40
227	156	233	27
227	156	234	22
227	157	220	51
227	157	221	29
227	157	222	15
227	157	223	9
227	157	224	12
227	157	230	77
227	157	231	48
227	157	232	27
227	157	233	14
227	157	234	8
227	158	220	53
227	158	221	31
227	158	222	17
227	158	223	12
227	158	224	14
227	158	230	72
227	158	231	43
227	158	232	22
227	158	233	8
227	158	234	0
227	159	220	51
227	159	221	41
227	159	222	28
227	159	223	22
227	159	224	24
227	159	230	75
227	159	231	46
227	159	232	24
227	159	233	11
227	159	234	6
227	160	220	30
227	160	221	21
227	160	222	20
227	160	223	27
227	160	224	42
227	161	220	16
227	161	221	8
227	161	222	7
227	161	223	14
227	161	224	29
227	162	220	11
227	162	221	2
227	162	222	1
227	162	223	8
227	162	224	23
227	163	220	14
227	163	221	5
227	163	222	4
227	163	223	11
227	163	224	26
227	164	220	24
227	164	221	15
227	164	222	14
227	164	223	21
227	164	224	37
228	130	230	3
228	130	231	3
228	130	232	11
228	130	233	27
228	130	234	51
228	131	230	4
228	131	231	4
228	131	232	12
228	131	233	27
228	131	234	47
228	132	230	5
228	132	231	3
228	132	232	7
228	132	233	17
228	132	234	35
228	133	230	5
228	133	231	1
228	133	232	3
228	133	233	13
228	133	234	31
228	134	230	2
228	134	231	0
228	134	232	6
228	134	233	17
228	134	234	35
228	140	230	6
228	140	231	3
228	140	232	8
228	140	233	21
228	140	234	42
228	141	230	4
228	141	231	1
228	141	232	6
228	141	233	19
228	141	234	39
228	142	230	5
228	142	231	1
228	142	232	6
228	142	233	18
228	142	234	39
228	143	230	6
228	143	231	2
228	143	232	7
228	143	233	19
228	143	234	40
228	144	230	15
228	144	231	11
228	144	232	16
228	144	233	28
228	144	234	49
228	150	215	75
228	150	216	51
228	150	217	34
228	150	218	26
228	150	219	26
228	150	225	26
228	150	226	15
228	150	227	12
228	150	228	16
228	150	229	29
228	150	230	31
228	150	231	28
228	150	232	33
228	150	233	46
228	150	234	67
228	151	215	61
228	151	216	37
228	151	217	20
228	151	218	12
228	151	219	11
228	151	225	18
228	151	226	7
228	151	227	4
228	151	228	9
228	151	229	22
228	151	230	14
228	151	231	11
228	151	232	16
228	151	233	29
228	151	234	50
228	152	215	55
228	152	216	30
228	152	217	14
228	152	218	6
228	152	219	5
228	152	225	19
228	152	226	8
228	152	227	5
228	152	228	10
228	152	229	17
228	152	230	6
228	152	231	3
228	152	232	7
228	152	233	20
228	152	234	41
228	153	215	57
228	153	216	32
228	153	217	16
228	153	218	7
228	153	219	7
228	153	225	28
228	153	226	17
228	153	227	14
228	153	228	19
228	153	229	16
228	153	230	5
228	153	231	2
228	153	232	7
228	153	233	20
228	153	234	41
228	154	215	66
228	154	216	42
228	154	217	26
228	154	218	16
228	154	219	8
228	154	225	45
228	154	226	34
228	154	227	31
228	154	228	36
228	154	229	23
228	154	230	12
228	154	231	9
228	154	232	14
228	154	233	27
228	154	234	48
228	155	220	15
228	155	221	23
228	155	222	38
228	155	223	45
228	155	224	47
228	155	230	27
228	155	231	24
228	155	232	29
228	155	233	42
228	155	234	39
228	156	220	31
228	156	221	39
228	156	222	37
228	156	223	31
228	156	224	34
228	156	230	51
228	156	231	48
228	156	232	36
228	156	233	23
228	156	234	18
228	157	220	55
228	157	221	45
228	157	222	31
228	157	223	26
228	157	224	28
228	157	230	73
228	157	231	44
228	157	232	23
228	157	233	10
228	157	234	5
228	158	220	69
228	158	221	47
228	158	222	34
228	158	223	28
228	158	224	30
228	158	230	64
228	158	231	39
228	158	232	18
228	158	233	5
228	158	234	0
228	159	220	59
228	159	221	50
228	159	222	44
228	159	223	38
228	159	224	40
228	159	230	62
228	159	231	42
228	159	232	21
228	159	233	8
228	159	234	3
228	160	220	38
228	160	221	29
228	160	222	28
228	160	223	35
228	160	224	50
228	161	220	24
228	161	221	16
228	161	222	15
228	161	223	22
228	161	224	37
228	162	220	19
228	162	221	10
228	162	222	9
228	162	223	16
228	162	224	31
228	163	220	21
228	163	221	13
228	163	222	12
228	163	223	19
228	163	224	34
228	164	220	32
228	164	221	23
228	164	222	22
228	164	223	29
228	164	224	44
229	130	230	12
229	130	231	12
229	130	232	20
229	130	233	36
229	130	234	60
229	131	230	14
229	131	231	14
229	131	232	22
229	131	233	37
229	131	234	55
229	132	230	16
229	132	231	13
229	132	232	15
229	132	233	25
229	132	234	43
229	133	230	12
229	133	231	9
229	133	232	11
229	133	233	21
229	133	234	39
229	134	230	9
229	134	231	7
229	134	232	13
229	134	233	25
229	134	234	43
229	140	230	15
229	140	231	12
229	140	232	17
229	140	233	29
229	140	234	50
229	141	230	13
229	141	231	9
229	141	232	14
229	141	233	27
229	141	234	48
229	142	230	13
229	142	231	9
229	142	232	14
229	142	233	26
229	142	234	47
229	143	230	14
229	143	231	10
229	143	232	15
229	143	233	27
229	143	234	48
229	144	230	23
229	144	231	19
229	144	232	24
229	144	233	36
229	144	234	57
229	150	215	70
229	150	216	46
229	150	217	30
229	150	218	21
229	150	219	21
229	150	225	21
229	150	226	10
229	150	227	7
229	150	228	12
229	150	229	25
229	150	230	40
229	150	231	37
229	150	232	42
229	150	233	55
229	150	234	76
229	151	215	56
229	151	216	32
229	151	217	16
229	151	218	7
229	151	219	7
229	151	225	14
229	151	226	0
229	151	227	0
229	151	228	5
229	151	229	18
229	151	230	23
229	151	231	20
229	151	232	25
229	151	233	38
229	151	234	59
229	152	215	50
229	152	216	26
229	152	217	9
229	152	218	0
229	152	219	1
229	152	225	15
229	152	226	4
229	152	227	1
229	152	228	6
229	152	229	19
229	152	230	15
229	152	231	12
229	152	232	16
229	152	233	29
229	152	234	50
229	153	215	52
229	153	216	28
229	153	217	11
229	153	218	3
229	153	219	0
229	153	225	24
229	153	226	13
229	153	227	10
229	153	228	15
229	153	229	25
229	153	230	14
229	153	231	11
229	153	232	16
229	153	233	29
229	153	234	50
229	154	215	62
229	154	216	37
229	154	217	21
229	154	218	10
229	154	219	2
229	154	225	41
229	154	226	30
229	154	227	27
229	154	228	32
229	154	229	32
229	154	230	21
229	154	231	18
229	154	232	23
229	154	233	36
229	154	234	57
229	155	220	10
229	155	221	17
229	155	222	33
229	155	223	56
229	155	224	72
229	155	230	36
229	155	231	33
229	155	232	38
229	155	233	49
229	155	234	43
229	156	220	26
229	156	221	33
229	156	222	49
229	156	223	56
229	156	224	58
229	156	230	60
229	156	231	57
229	156	232	41
229	156	233	27
229	156	234	22
229	157	220	50
229	157	221	57
229	157	222	56
229	157	223	50
229	157	224	44
229	157	230	62
229	157	231	49
229	157	232	27
229	157	233	14
229	157	234	9
229	158	220	82
229	158	221	72
229	158	222	58
229	158	223	52
229	158	224	34
229	158	230	52
229	158	231	43
229	158	232	22
229	158	233	9
229	158	234	4
229	159	220	75
229	159	221	66
229	159	222	66
229	159	223	57
229	159	224	32
229	159	230	49
229	159	231	46
229	159	232	25
229	159	233	12
229	159	234	7
229	160	220	54
229	160	221	45
229	160	222	44
229	160	223	51
229	160	224	38
229	161	220	40
229	161	221	31
229	161	222	31
229	161	223	38
229	161	224	52
229	162	220	35
229	162	221	26
229	162	222	25
229	162	223	32
229	162	224	47
229	163	220	37
229	163	221	29
229	163	222	28
229	163	223	35
229	163	224	50
229	164	220	48
229	164	221	39
229	164	222	38
229	164	223	45
229	164	224	60
230	130	220	175
230	130	221	166
230	130	222	164
230	130	223	170
230	130	224	184
230	131	220	141
230	131	221	131
230	131	222	129
230	131	223	136
230	131	224	150
230	132	220	115
230	132	221	105
230	132	222	103
230	132	223	109
230	132	224	124
230	133	220	96
230	133	221	87
230	133	222	85
230	133	223	91
230	133	224	105
230	134	220	86
230	134	221	76
230	134	222	74
230	134	223	81
230	134	224	95
230	145	215	108
230	145	216	89
230	145	217	77
230	145	218	74
230	145	219	78
230	145	225	27
230	145	226	29
230	145	227	38
230	145	228	56
230	145	229	61
230	146	215	101
230	146	216	81
230	146	217	70
230	146	218	66
230	146	219	71
230	146	225	22
230	146	226	24
230	146	227	33
230	146	228	51
230	146	229	56
230	147	215	101
230	147	216	81
230	147	217	70
230	147	218	66
230	147	219	71
230	147	225	25
230	147	226	27
230	147	227	36
230	147	228	54
230	147	229	60
230	148	215	109
230	148	216	90
230	148	217	78
230	148	218	75
230	148	219	77
230	148	225	36
230	148	226	38
230	148	227	47
230	148	228	54
230	148	229	67
230	149	215	96
230	149	216	72
230	149	217	55
230	149	218	47
230	149	219	47
230	149	225	40
230	149	226	29
230	149	227	26
230	149	228	31
230	149	229	44
230	150	220	32
230	150	221	48
230	150	222	71
230	150	223	71
230	150	224	44
230	150	225	25
230	150	226	14
230	150	227	11
230	150	228	16
230	150	229	29
230	150	230	50
230	150	231	54
230	150	232	59
230	150	233	72
230	150	234	93
230	151	220	18
230	151	221	34
230	151	222	51
230	151	223	64
230	151	224	37
230	151	225	18
230	151	226	7
230	151	227	4
230	151	228	9
230	151	229	22
230	151	230	40
230	151	231	37
230	151	232	42
230	151	233	55
230	151	234	76
230	152	220	12
230	152	221	19
230	152	222	35
230	152	223	58
230	152	224	38
230	152	225	19
230	152	226	8
230	152	227	5
230	152	228	10
230	152	229	23
230	152	230	32
230	152	231	29
230	152	232	33
230	152	233	46
230	152	234	67
230	153	220	4
230	153	221	11
230	153	222	27
230	153	223	50
230	153	224	47
230	153	225	28
230	153	226	17
230	153	227	14
230	153	228	19
230	153	229	32
230	153	230	31
230	153	231	28
230	153	232	33
230	153	233	46
230	153	234	67
230	154	220	4
230	154	221	11
230	154	222	27
230	154	223	50
230	154	224	64
230	154	225	45
230	154	226	34
230	154	227	31
230	154	228	36
230	154	229	49
230	154	230	38
230	154	231	35
230	154	232	40
230	154	233	53
230	154	234	74
230	155	225	67
230	155	226	58
230	155	227	55
230	155	228	60
230	155	229	64
230	155	230	53
230	155	231	50
230	155	232	55
230	155	233	61
230	155	234	56
230	156	225	41
230	156	226	32
230	156	227	31
230	156	228	38
230	156	229	53
230	156	230	75
230	156	231	74
230	156	232	53
230	156	233	40
230	156	234	35
230	157	225	23
230	157	226	14
230	157	227	13
230	157	228	20
230	157	229	34
230	157	230	57
230	157	231	61
230	157	232	40
230	157	233	27
230	157	234	22
230	158	225	13
230	158	226	0
230	158	227	2
230	158	228	9
230	158	229	24
230	158	230	47
230	158	231	56
230	158	232	35
230	158	233	22
230	158	234	16
230	159	225	10
230	159	226	1
230	159	227	0
230	159	228	7
230	159	229	22
230	159	230	45
230	159	231	59
230	159	232	37
230	159	233	24
230	159	234	19
231	130	220	145
231	130	221	136
231	130	222	134
231	130	223	140
231	130	224	154
231	131	220	111
231	131	221	101
231	131	222	99
231	131	223	106
231	131	224	120
231	132	220	85
231	132	221	75
231	132	222	73
231	132	223	79
231	132	224	94
231	133	220	66
231	133	221	57
231	133	222	55
231	133	223	61
231	133	224	75
231	134	220	56
231	134	221	46
231	134	222	44
231	134	223	51
231	134	224	65
231	145	215	80
231	145	216	60
231	145	217	49
231	145	218	45
231	145	219	50
231	145	225	12
231	145	226	14
231	145	227	24
231	145	228	41
231	145	229	35
231	146	215	72
231	146	216	53
231	146	217	41
231	146	218	38
231	146	219	42
231	146	225	7
231	146	226	9
231	146	227	19
231	146	228	36
231	146	229	31
231	147	215	73
231	147	216	53
231	147	217	42
231	147	218	38
231	147	219	43
231	147	225	10
231	147	226	12
231	147	227	22
231	147	228	39
231	147	229	34
231	148	215	81
231	148	216	62
231	148	217	50
231	148	218	46
231	148	219	51
231	148	225	21
231	148	226	23
231	148	227	33
231	148	228	50
231	148	229	46
231	149	215	97
231	149	216	78
231	149	217	66
231	149	218	58
231	149	219	58
231	149	225	40
231	149	226	41
231	149	227	38
231	149	228	43
231	149	229	56
231	150	220	43
231	150	221	48
231	150	222	50
231	150	223	61
231	150	224	56
231	150	225	37
231	150	226	26
231	150	227	23
231	150	228	28
231	150	229	41
231	150	230	62
231	150	231	79
231	150	232	74
231	150	233	71
231	150	234	77
231	151	220	29
231	151	221	35
231	151	222	38
231	151	223	49
231	151	224	49
231	151	225	30
231	151	226	19
231	151	227	16
231	151	228	21
231	151	229	34
231	151	230	55
231	151	231	62
231	151	232	64
231	151	233	62
231	151	234	67
231	152	220	22
231	152	221	30
231	152	222	34
231	152	223	45
231	152	224	50
231	152	225	31
231	152	226	20
231	152	227	17
231	152	228	22
231	152	229	35
231	152	230	56
231	152	231	54
231	152	232	59
231	152	233	60
231	152	234	66
231	153	220	14
231	153	221	22
231	153	222	37
231	153	223	49
231	153	224	59
231	153	225	40
231	153	226	29
231	153	227	25
231	153	228	30
231	153	229	43
231	153	230	56
231	153	231	53
231	153	232	58
231	153	233	67
231	153	234	72
231	154	220	14
231	154	221	22
231	154	222	37
231	154	223	61
231	154	224	75
231	154	225	56
231	154	226	45
231	154	227	42
231	154	228	46
231	154	229	51
231	154	230	63
231	154	231	60
231	154	232	65
231	154	233	78
231	154	234	86
231	155	225	71
231	155	226	62
231	155	227	60
231	155	228	57
231	155	229	62
231	155	230	76
231	155	231	75
231	155	232	80
231	155	233	78
231	155	234	69
231	156	225	45
231	156	226	35
231	156	227	34
231	156	228	41
231	156	229	56
231	156	230	79
231	156	231	94
231	156	232	71
231	156	233	54
231	156	234	45
231	157	225	26
231	157	226	17
231	157	227	16
231	157	228	23
231	157	229	38
231	157	230	61
231	157	231	80
231	157	232	56
231	157	233	39
231	157	234	30
231	158	225	16
231	158	226	7
231	158	227	6
231	158	228	13
231	158	229	28
231	158	230	51
231	158	231	73
231	158	232	48
231	158	233	31
231	158	234	22
231	159	225	14
231	159	226	5
231	159	227	4
231	159	228	11
231	159	229	26
231	159	230	49
231	159	231	73
231	159	232	48
231	159	233	31
231	159	234	22
232	130	220	123
232	130	221	114
232	130	222	112
232	130	223	118
232	130	224	132
232	131	220	89
232	131	221	79
232	131	222	78
232	131	223	84
232	131	224	98
232	132	220	63
232	132	221	53
232	132	222	51
232	132	223	57
232	132	224	72
232	133	220	44
232	133	221	35
232	133	222	33
232	133	223	39
232	133	224	53
232	134	220	34
232	134	221	24
232	134	222	23
232	134	223	29
232	134	224	43
232	145	215	59
232	145	216	40
232	145	217	28
232	145	218	25
232	145	219	29
232	145	225	5
232	145	226	7
232	145	227	17
232	145	228	26
232	145	229	17
232	146	215	52
232	146	216	32
232	146	217	21
232	146	218	17
232	146	219	22
232	146	225	0
232	146	226	2
232	146	227	12
232	146	228	22
232	146	229	13
232	147	215	52
232	147	216	33
232	147	217	21
232	147	218	18
232	147	219	22
232	147	225	3
232	147	226	5
232	147	227	15
232	147	228	25
232	147	229	16
232	148	215	61
232	148	216	41
232	148	217	30
232	148	218	26
232	148	219	31
232	148	225	14
232	148	226	16
232	148	227	26
232	148	228	37
232	148	229	28
232	149	215	77
232	149	216	58
232	149	217	46
232	149	218	43
232	149	219	47
232	149	225	33
232	149	226	35
232	149	227	45
232	149	228	56
232	149	229	47
232	150	220	34
232	150	221	29
232	150	222	32
232	150	223	43
232	150	224	61
232	150	225	57
232	150	226	46
232	150	227	43
232	150	228	48
232	150	229	61
232	150	230	74
232	150	231	58
232	150	232	47
232	150	233	44
232	150	234	50
232	151	220	22
232	151	221	17
232	151	222	20
232	151	223	30
232	151	224	49
232	151	225	43
232	151	226	34
232	151	227	32
232	151	228	39
232	151	229	45
232	151	230	58
232	151	231	48
232	151	232	37
232	151	233	35
232	151	234	40
232	152	220	18
232	152	221	13
232	152	222	16
232	152	223	26
232	152	224	45
232	152	225	34
232	152	226	25
232	152	227	24
232	152	228	26
232	152	229	31
232	152	230	45
232	152	231	46
232	152	232	36
232	152	233	33
232	152	234	39
232	153	220	22
232	153	221	17
232	153	222	20
232	153	223	30
232	153	224	49
232	153	225	33
232	153	226	24
232	153	227	23
232	153	228	21
232	153	229	26
232	153	230	40
232	153	231	53
232	153	232	42
232	153	233	40
232	153	234	45
232	154	220	33
232	154	221	29
232	154	222	32
232	154	223	42
232	154	224	57
232	154	225	40
232	154	226	31
232	154	227	26
232	154	228	24
232	154	229	29
232	154	230	42
232	154	231	64
232	154	232	57
232	154	233	54
232	154	234	59
232	155	225	56
232	155	226	46
232	155	227	37
232	155	228	34
232	155	229	40
232	155	230	53
232	155	231	74
232	155	232	79
232	155	233	64
232	155	234	56
232	156	225	56
232	156	226	47
232	156	227	46
232	156	228	53
232	156	229	59
232	156	230	72
232	156	231	82
232	156	232	58
232	156	233	41
232	156	234	32
232	157	225	38
232	157	226	29
232	157	227	28
232	157	228	35
232	157	229	50
232	157	230	72
232	157	231	67
232	157	232	42
232	157	233	25
232	157	234	16
232	158	225	28
232	158	226	19
232	158	227	18
232	158	228	24
232	158	229	39
232	158	230	62
232	158	231	59
232	158	232	34
232	158	233	17
232	158	234	8
232	159	225	26
232	159	226	17
232	159	227	15
232	159	228	22
232	159	229	37
232	159	230	60
232	159	231	59
232	159	232	34
232	159	233	17
232	159	234	8
233	130	220	109
233	130	221	100
233	130	222	98
233	130	223	104
233	130	224	118
233	131	220	75
233	131	221	65
233	131	222	64
233	131	223	70
233	131	224	84
233	132	220	49
233	132	221	39
233	132	222	37
233	132	223	43
233	132	224	58
233	133	220	30
233	133	221	21
233	133	222	19
233	133	223	25
233	133	224	39
233	134	220	20
233	134	221	10
233	134	222	9
233	134	223	15
233	134	224	29
233	145	215	47
233	145	216	27
233	145	217	16
233	145	218	12
233	145	219	17
233	145	225	7
233	145	226	8
233	145	227	18
233	145	228	16
233	145	229	8
233	146	215	39
233	146	216	20
233	146	217	8
233	146	218	5
233	146	219	9
233	146	225	2
233	146	226	3
233	146	227	13
233	146	228	12
233	146	229	0
233	147	215	40
233	147	216	20
233	147	217	9
233	147	218	5
233	147	219	10
233	147	225	5
233	147	226	6
233	147	227	16
233	147	228	15
233	147	229	7
233	148	215	48
233	148	216	29
233	148	217	17
233	148	218	14
233	148	219	18
233	148	225	16
233	148	226	17
233	148	227	27
233	148	228	27
233	148	229	18
233	149	215	65
233	149	216	45
233	149	217	34
233	149	218	30
233	149	219	35
233	149	225	35
233	149	226	36
233	149	227	46
233	149	228	46
233	149	229	38
233	150	220	24
233	150	221	18
233	150	222	21
233	150	223	32
233	150	224	51
233	150	225	45
233	150	226	35
233	150	227	34
233	150	228	40
233	150	229	44
233	150	230	57
233	150	231	39
233	150	232	28
233	150	233	25
233	150	234	31
233	151	220	12
233	151	221	6
233	151	222	9
233	151	223	20
233	151	224	39
233	151	225	28
233	151	226	19
233	151	227	18
233	151	228	23
233	151	229	28
233	151	230	40
233	151	231	29
233	151	232	18
233	151	233	16
233	151	234	21
233	152	220	7
233	152	221	0
233	152	222	5
233	152	223	16
233	152	224	35
233	152	225	19
233	152	226	10
233	152	227	9
233	152	228	12
233	152	229	17
233	152	230	30
233	152	231	27
233	152	232	17
233	152	233	14
233	152	234	20
233	153	220	11
233	153	221	6
233	153	222	9
233	153	223	20
233	153	224	35
233	153	225	18
233	153	226	9
233	153	227	8
233	153	228	6
233	153	229	12
233	153	230	25
233	153	231	34
233	153	232	23
233	153	233	21
233	153	234	26
233	154	220	23
233	154	221	18
233	154	222	21
233	154	223	32
233	154	224	43
233	154	225	26
233	154	226	16
233	154	227	12
233	154	228	9
233	154	229	15
233	154	230	28
233	154	231	48
233	154	232	38
233	154	233	35
233	154	234	37
233	155	225	41
233	155	226	32
233	155	227	23
233	155	228	20
233	155	229	25
233	155	230	39
233	155	231	60
233	155	232	60
233	155	233	57
233	155	234	50
233	156	225	64
233	156	226	52
233	156	227	42
233	156	228	39
233	156	229	44
233	156	230	58
233	156	231	77
233	156	232	52
233	156	233	35
233	156	234	26
233	157	225	58
233	157	226	48
233	157	227	47
233	157	228	54
233	157	229	69
233	157	230	84
233	157	231	61
233	157	232	36
233	157	233	19
233	157	234	10
233	158	225	47
233	158	226	38
233	158	227	37
233	158	228	44
233	158	229	59
233	158	230	82
233	158	231	53
233	158	232	28
233	158	233	11
233	158	234	0
233	159	225	45
233	159	226	36
233	159	227	35
233	159	228	42
233	159	229	57
233	159	230	80
233	159	231	53
233	159	232	28
233	159	233	11
233	159	234	2
234	130	220	103
234	130	221	94
234	130	222	92
234	130	223	98
234	130	224	104
234	131	220	69
234	131	221	59
234	131	222	58
234	131	223	64
234	131	224	78
234	132	220	43
234	132	221	33
234	132	222	31
234	132	223	38
234	132	224	52
234	133	220	24
234	133	221	15
234	133	222	13
234	133	223	19
234	133	224	33
234	134	220	14
234	134	221	0
234	134	222	3
234	134	223	9
234	134	224	23
234	145	215	42
234	145	216	23
234	145	217	11
234	145	218	8
234	145	219	12
234	145	225	16
234	145	226	18
234	145	227	27
234	145	228	15
234	145	229	6
234	146	215	35
234	146	216	15
234	146	217	0
234	146	218	0
234	146	219	5
234	146	225	11
234	146	226	13
234	146	227	22
234	146	228	10
234	146	229	1
234	147	215	35
234	147	216	16
234	147	217	4
234	147	218	1
234	147	219	5
234	147	225	14
234	147	226	16
234	147	227	25
234	147	228	14
234	147	229	5
234	148	215	44
234	148	216	24
234	148	217	13
234	148	218	9
234	148	219	14
234	148	225	25
234	148	226	27
234	148	227	36
234	148	228	25
234	148	229	16
234	149	215	60
234	149	216	41
234	149	217	29
234	149	218	26
234	149	219	30
234	149	225	44
234	149	226	46
234	149	227	52
234	149	228	45
234	149	229	36
234	150	220	21
234	150	221	16
234	150	222	19
234	150	223	29
234	150	224	48
234	150	225	38
234	150	226	29
234	150	227	27
234	150	228	29
234	150	229	33
234	150	230	46
234	150	231	28
234	150	232	17
234	150	233	14
234	150	234	20
234	151	220	9
234	151	221	4
234	151	222	7
234	151	223	17
234	151	224	36
234	151	225	21
234	151	226	12
234	151	227	11
234	151	228	12
234	151	229	17
234	151	230	29
234	151	231	18
234	151	232	0
234	151	233	5
234	151	234	10
234	152	220	5
234	152	221	0
234	152	222	3
234	152	223	13
234	152	224	29
234	152	225	12
234	152	226	0
234	152	227	0
234	152	228	4
234	152	229	8
234	152	230	21
234	152	231	16
234	152	232	6
234	152	233	3
234	152	234	8
234	153	220	9
234	153	221	4
234	153	222	6
234	153	223	17
234	153	224	29
234	153	225	11
234	153	226	2
234	153	227	0
234	153	228	0
234	153	229	5
234	153	230	19
234	153	231	23
234	153	232	12
234	153	233	9
234	153	234	13
234	154	220	21
234	154	221	16
234	154	222	18
234	154	223	29
234	154	224	36
234	154	225	19
234	154	226	10
234	154	227	6
234	154	228	3
234	154	229	8
234	154	230	22
234	154	231	37
234	154	232	26
234	154	233	24
234	154	234	19
234	155	225	34
234	155	226	25
234	155	227	16
234	155	228	14
234	155	229	19
234	155	230	32
234	155	231	54
234	155	232	49
234	155	233	41
234	155	234	33
234	156	225	57
234	156	226	46
234	156	227	35
234	156	228	32
234	156	229	38
234	156	230	51
234	156	231	72
234	156	232	54
234	156	233	37
234	156	234	28
234	157	225	85
234	157	226	73
234	157	227	62
234	157	228	59
234	157	229	65
234	157	230	78
234	157	231	63
234	157	232	38
234	157	233	21
234	157	234	12
234	158	225	75
234	158	226	66
234	158	227	65
234	158	228	72
234	158	229	87
234	158	230	88
234	158	231	55
234	158	232	30
234	158	233	13
234	158	234	4
234	159	225	73
234	159	226	64
234	159	227	63
234	159	228	69
234	159	229	84
234	159	230	88
234	159	231	55
234	159	232	30
234	159	233	13
234	159	234	5
235	130	225	63
235	130	226	59
235	130	227	64
235	130	228	76
235	130	229	96
235	131	225	49
235	131	226	46
235	131	227	50
235	131	228	62
235	131	229	83
235	132	225	44
235	132	226	40
235	132	227	45
235	132	228	57
235	132	229	77
235	133	225	46
235	133	226	43
235	133	227	47
235	133	228	59
235	133	229	80
235	134	225	47
235	134	226	53
235	134	227	57
235	134	228	70
235	134	229	90
235	135	225	45
235	135	226	49
235	135	227	52
235	135	228	64
235	135	229	83
235	136	225	51
235	136	226	49
235	136	227	52
235	136	228	63
235	136	229	83
235	137	225	61
235	137	226	56
235	137	227	60
235	137	228	71
235	137	229	90
235	138	225	76
235	138	226	72
235	138	227	75
235	138	228	84
235	138	229	89
235	139	225	85
235	139	226	67
235	139	227	56
235	139	228	53
235	139	229	58
235	140	200	166
235	140	201	131
235	140	202	105
235	140	203	87
235	140	204	77
235	140	220	68
235	140	221	52
235	140	222	44
235	140	223	44
235	140	224	52
235	140	225	63
235	140	226	44
235	140	227	33
235	140	228	30
235	140	229	35
235	141	200	140
235	141	201	106
235	141	202	79
235	141	203	61
235	141	204	51
235	141	220	51
235	141	221	36
235	141	222	29
235	141	223	30
235	141	224	40
235	141	225	48
235	141	226	29
235	141	227	18
235	141	228	15
235	141	229	20
235	142	200	122
235	142	201	88
235	142	202	61
235	142	203	43
235	142	204	33
235	142	220	39
235	142	221	24
235	142	222	17
235	142	223	18
235	142	224	27
235	142	225	41
235	142	226	22
235	142	227	11
235	142	228	8
235	142	229	14
235	143	200	112
235	143	201	78
235	143	202	52
235	143	203	33
235	143	204	23
235	143	220	34
235	143	221	20
235	143	222	13
235	143	223	14
235	143	224	23
235	143	225	40
235	143	226	23
235	143	227	12
235	143	228	10
235	143	229	15
235	144	200	110
235	144	201	76
235	144	202	50
235	144	203	31
235	144	204	21
235	144	220	38
235	144	221	23
235	144	222	16
235	144	223	18
235	144	224	27
235	144	225	44
235	144	226	32
235	144	227	21
235	144	228	19
235	144	229	24
235	145	220	28
235	145	221	35
235	145	222	28
235	145	223	29
235	145	224	38
235	146	220	21
235	146	221	18
235	146	222	22
235	146	223	34
235	146	224	34
235	147	220	15
235	147	221	10
235	147	222	14
235	147	223	26
235	147	224	37
235	148	220	15
235	148	221	10
235	148	222	14
235	148	223	26
235	148	224	45
235	149	220	22
235	149	221	18
235	149	222	22
235	149	223	34
235	149	224	53
235	150	230	43
235	150	231	24
235	150	232	14
235	150	233	11
235	150	234	17
235	151	230	26
235	151	231	15
235	151	232	4
235	151	233	2
235	151	234	7
235	152	230	18
235	152	231	13
235	152	232	3
235	152	233	0
235	152	234	0
235	153	230	18
235	153	231	20
235	153	232	9
235	153	233	6
235	153	234	3
235	154	230	23
235	154	231	34
235	154	232	23
235	154	233	17
235	154	234	9
235	165	220	0
235	165	221	2
235	165	222	10
235	165	223	26
235	165	224	50
235	166	220	1
235	166	221	1
235	166	222	9
235	166	223	25
235	166	224	49
235	167	220	8
235	167	221	8
235	167	222	16
235	167	223	32
235	167	224	56
235	168	220	23
235	168	221	23
235	168	222	31
235	168	223	47
235	168	224	71
235	169	220	47
235	169	221	47
235	169	222	55
235	169	223	71
235	169	224	94
236	130	225	41
236	130	226	38
236	130	227	42
236	130	228	55
236	130	229	75
236	131	225	28
236	131	226	24
236	131	227	29
236	131	228	41
236	131	229	61
236	132	225	22
236	132	226	19
236	132	227	23
236	132	228	35
236	132	229	56
236	133	225	25
236	133	226	21
236	133	227	25
236	133	228	38
236	133	229	58
236	134	225	35
236	134	226	32
236	134	227	36
236	134	228	48
236	134	229	68
236	135	225	30
236	135	226	25
236	135	227	29
236	135	228	40
236	135	229	60
236	136	225	29
236	136	226	25
236	136	227	28
236	136	228	40
236	136	229	59
236	137	225	37
236	137	226	32
236	137	227	36
236	137	228	47
236	137	229	67
236	138	225	52
236	138	226	48
236	138	227	51
236	138	228	63
236	138	229	82
236	139	225	67
236	139	226	60
236	139	227	49
236	139	228	46
236	139	229	51
236	140	200	152
236	140	201	118
236	140	202	92
236	140	203	74
236	140	204	63
236	140	220	50
236	140	221	34
236	140	222	26
236	140	223	25
236	140	224	33
236	140	225	49
236	140	226	37
236	140	227	26
236	140	228	23
236	140	229	28
236	141	200	127
236	141	201	92
236	141	202	66
236	141	203	48
236	141	204	37
236	141	220	40
236	141	221	24
236	141	222	16
236	141	223	15
236	141	224	23
236	141	225	39
236	141	226	22
236	141	227	11
236	141	228	8
236	141	229	13
236	142	200	109
236	142	201	74
236	142	202	48
236	142	203	30
236	142	204	19
236	142	220	28
236	142	221	14
236	142	222	7
236	142	223	8
236	142	224	17
236	142	225	34
236	142	226	15
236	142	227	0
236	142	228	1
236	142	229	6
236	143	200	99
236	143	201	65
236	143	202	38
236	143	203	20
236	143	204	10
236	143	220	24
236	143	221	9
236	143	222	0
236	143	223	4
236	143	224	13
236	143	225	30
236	143	226	16
236	143	227	5
236	143	228	2
236	143	229	7
236	144	200	97
236	144	201	63
236	144	202	36
236	144	203	18
236	144	204	8
236	144	220	28
236	144	221	13
236	144	222	6
236	144	223	7
236	144	224	16
236	144	225	34
236	144	226	25
236	144	227	14
236	144	228	11
236	144	229	16
236	145	220	30
236	145	221	25
236	145	222	18
236	145	223	19
236	145	224	25
236	146	220	14
236	146	221	10
236	146	222	14
236	146	223	25
236	146	224	17
236	147	220	6
236	147	221	0
236	147	222	6
236	147	223	17
236	147	224	18
236	148	220	6
236	148	221	2
236	148	222	5
236	148	223	17
236	148	224	26
236	149	220	14
236	149	221	10
236	149	222	13
236	149	223	25
236	149	224	43
236	150	230	47
236	150	231	29
236	150	232	19
236	150	233	16
236	150	234	22
236	151	230	31
236	151	231	20
236	151	232	9
236	151	233	7
236	151	234	12
236	152	230	23
236	152	231	18
236	152	232	8
236	152	233	5
236	152	234	3
236	153	230	22
236	153	231	25
236	153	232	14
236	153	233	9
236	153	234	1
236	154	230	30
236	154	231	39
236	154	232	28
236	154	233	15
236	154	234	7
236	165	220	6
236	165	221	6
236	165	222	14
236	165	223	30
236	165	224	53
236	166	220	5
236	166	221	5
236	166	222	13
236	166	223	29
236	166	224	53
236	167	220	12
236	167	221	12
236	167	222	20
236	167	223	36
236	167	224	60
236	168	220	27
236	168	221	27
236	168	222	35
236	168	223	51
236	168	224	75
236	169	220	50
236	169	221	50
236	169	222	58
236	169	223	74
236	169	224	98
237	130	225	28
237	130	226	24
237	130	227	29
237	130	228	41
237	130	229	61
237	131	225	14
237	131	226	11
237	131	227	15
237	131	228	28
237	131	229	48
237	132	225	9
237	132	226	5
237	132	227	10
237	132	228	22
237	132	229	42
237	133	225	11
237	133	226	8
237	133	227	12
237	133	228	24
237	133	229	45
237	134	225	22
237	134	226	18
237	134	227	21
237	134	228	33
237	134	229	52
237	135	225	14
237	135	226	9
237	135	227	13
237	135	228	24
237	135	229	44
237	136	225	14
237	136	226	9
237	136	227	12
237	136	228	24
237	136	229	43
237	137	225	21
237	137	226	17
237	137	227	20
237	137	228	31
237	137	229	51
237	138	225	37
237	138	226	32
237	138	227	35
237	138	228	47
237	138	229	66
237	139	225	57
237	139	226	56
237	139	227	49
237	139	228	46
237	139	229	51
237	140	200	147
237	140	201	113
237	140	202	87
237	140	203	68
237	140	204	58
237	140	220	39
237	140	221	23
237	140	222	15
237	140	223	15
237	140	224	23
237	140	225	39
237	140	226	37
237	140	227	26
237	140	228	23
237	140	229	28
237	141	200	121
237	141	201	87
237	141	202	61
237	141	203	42
237	141	204	32
237	141	220	30
237	141	221	13
237	141	222	0
237	141	223	5
237	141	224	13
237	141	225	29
237	141	226	22
237	141	227	11
237	141	228	8
237	141	229	13
237	142	200	103
237	142	201	69
237	142	202	43
237	142	203	24
237	142	204	14
237	142	220	26
237	142	221	11
237	142	222	3
237	142	223	3
237	142	224	11
237	142	225	27
237	142	226	15
237	142	227	4
237	142	228	1
237	142	229	6
237	143	200	94
237	143	201	59
237	143	202	33
237	143	203	15
237	143	204	0
237	143	220	22
237	143	221	7
237	143	222	0
237	143	223	1
237	143	224	10
237	143	225	26
237	143	226	16
237	143	227	5
237	143	228	2
237	143	229	7
237	144	200	92
237	144	201	57
237	144	202	31
237	144	203	13
237	144	204	2
237	144	220	26
237	144	221	11
237	144	222	4
237	144	223	5
237	144	224	14
237	144	225	26
237	144	226	25
237	144	227	14
237	144	228	11
237	144	229	16
237	145	220	30
237	145	221	22
237	145	222	16
237	145	223	17
237	145	224	14
237	146	220	14
237	146	221	9
237	146	222	13
237	146	223	18
237	146	224	0
237	147	220	6
237	147	221	1
237	147	222	5
237	147	223	17
237	147	224	7
237	148	220	5
237	148	221	1
237	148	222	5
237	148	223	17
237	148	224	16
237	149	220	13
237	149	221	9
237	149	222	13
237	149	223	25
237	149	224	32
237	150	230	60
237	150	231	42
237	150	232	32
237	150	233	29
237	150	234	35
237	151	230	44
237	151	231	33
237	151	232	22
237	151	233	20
237	151	234	19
237	152	230	36
237	152	231	31
237	152	232	21
237	152	233	17
237	152	234	9
237	153	230	35
237	153	231	38
237	153	232	27
237	153	233	15
237	153	234	7
237	154	230	43
237	154	231	52
237	154	232	37
237	154	233	21
237	154	234	13
237	165	220	17
237	165	221	17
237	165	222	25
237	165	223	41
237	165	224	65
237	166	220	16
237	166	221	16
237	166	222	24
237	166	223	40
237	166	224	64
237	167	220	24
237	167	221	23
237	167	222	31
237	167	223	47
237	167	224	71
237	168	220	39
237	168	221	39
237	168	222	47
237	168	223	63
237	168	224	87
237	169	220	62
237	169	221	62
237	169	222	70
237	169	223	86
237	169	224	110
238	130	225	23
238	130	226	19
238	130	227	23
238	130	228	36
238	130	229	56
238	131	225	9
238	131	226	5
238	131	227	10
238	131	228	22
238	131	229	42
238	132	225	0
238	132	226	0
238	132	227	4
238	132	228	17
238	132	229	37
238	133	225	6
238	133	226	2
238	133	227	7
238	133	228	19
238	133	229	39
238	134	225	15
238	134	226	10
238	134	227	14
238	134	228	25
238	134	229	44
238	135	225	6
238	135	226	0
238	135	227	5
238	135	228	16
238	135	229	36
238	136	225	6
238	136	226	1
238	136	227	5
238	136	228	16
238	136	229	35
238	137	225	13
238	137	226	9
238	137	227	12
238	137	228	24
238	137	229	43
238	138	225	29
238	138	226	24
238	138	227	28
238	138	228	39
238	138	229	58
238	139	225	52
238	139	226	48
238	139	227	51
238	139	228	55
238	139	229	60
238	140	200	150
238	140	201	116
238	140	202	89
238	140	203	71
238	140	204	61
238	140	220	37
238	140	221	21
238	140	222	13
238	140	223	13
238	140	224	20
238	140	225	36
238	140	226	46
238	140	227	35
238	140	228	32
238	140	229	37
238	141	200	124
238	141	201	90
238	141	202	63
238	141	203	45
238	141	204	35
238	141	220	27
238	141	221	11
238	141	222	3
238	141	223	3
238	141	224	11
238	141	225	26
238	141	226	31
238	141	227	20
238	141	228	17
238	141	229	21
238	142	200	106
238	142	201	72
238	142	202	45
238	142	203	27
238	142	204	17
238	142	220	25
238	142	221	9
238	142	222	1
238	142	223	1
238	142	224	9
238	142	225	25
238	142	226	24
238	142	227	13
238	142	228	10
238	142	229	10
238	143	200	96
238	143	201	62
238	143	202	36
238	143	203	17
238	143	204	7
238	143	220	26
238	143	221	10
238	143	222	1
238	143	223	0
238	143	224	8
238	143	225	23
238	143	226	25
238	143	227	14
238	143	228	11
238	143	229	7
238	144	200	94
238	144	201	60
238	144	202	34
238	144	203	15
238	144	204	5
238	144	220	30
238	144	221	13
238	144	222	4
238	144	223	4
238	144	224	11
238	144	225	23
238	144	226	28
238	144	227	23
238	144	228	18
238	144	229	12
238	145	220	37
238	145	221	25
238	145	222	16
238	145	223	15
238	145	224	11
238	146	220	21
238	146	221	17
238	146	222	21
238	146	223	15
238	146	224	4
238	147	220	13
238	147	221	9
238	147	222	13
238	147	223	16
238	147	224	4
238	148	220	13
238	148	221	9
238	148	222	12
238	148	223	24
238	148	224	13
238	149	220	21
238	149	221	17
238	149	222	20
238	149	223	32
238	149	224	29
238	150	230	81
238	150	231	63
238	150	232	53
238	150	233	50
238	150	234	51
238	151	230	65
238	151	231	54
238	151	232	43
238	151	233	40
238	151	234	33
238	152	230	57
238	152	231	52
238	152	232	41
238	152	233	31
238	152	234	23
238	153	230	56
238	153	231	59
238	153	232	45
238	153	233	29
238	153	234	21
238	154	230	64
238	154	231	73
238	154	232	51
238	154	233	35
238	154	234	27
238	165	220	37
238	165	221	37
238	165	222	45
238	165	223	61
238	165	224	85
238	166	220	36
238	166	221	36
238	166	222	44
238	166	223	60
238	166	224	84
238	167	220	43
238	167	221	43
238	167	222	51
238	167	223	67
238	167	224	91
238	168	220	58
238	168	221	58
238	168	222	66
238	168	223	82
238	168	224	106
238	169	220	81
238	169	221	81
238	169	222	89
238	169	223	105
238	169	224	129
239	130	225	25
239	130	226	21
239	130	227	26
239	130	228	38
239	130	229	59
239	131	225	12
239	131	226	8
239	131	227	12
239	131	228	25
239	131	229	45
239	132	225	6
239	132	226	2
239	132	227	7
239	132	228	19
239	132	229	39
239	133	225	8
239	133	226	5
239	133	227	9
239	133	228	21
239	133	229	42
239	134	225	15
239	134	226	10
239	134	227	14
239	134	228	25
239	134	229	45
239	135	225	6
239	135	226	2
239	135	227	5
239	135	228	17
239	135	229	36
239	136	225	6
239	136	226	1
239	136	227	5
239	136	228	16
239	136	229	36
239	137	225	13
239	137	226	9
239	137	227	12
239	137	228	24
239	137	229	43
239	138	225	29
239	138	226	24
239	138	227	28
239	138	228	39
239	138	229	59
239	139	225	53
239	139	226	48
239	139	227	51
239	139	228	63
239	139	229	60
239	140	200	161
239	140	201	126
239	140	202	100
239	140	203	82
239	140	204	71
239	140	220	43
239	140	221	27
239	140	222	18
239	140	223	18
239	140	224	26
239	140	225	42
239	140	226	62
239	140	227	51
239	140	228	38
239	140	229	33
239	141	200	135
239	141	201	100
239	141	202	74
239	141	203	56
239	141	204	45
239	141	220	33
239	141	221	17
239	141	222	9
239	141	223	8
239	141	224	16
239	141	225	32
239	141	226	47
239	141	227	33
239	141	228	19
239	141	229	14
239	142	200	117
239	142	201	83
239	142	202	56
239	142	203	38
239	142	204	28
239	142	220	31
239	142	221	15
239	142	222	7
239	142	223	6
239	142	224	14
239	142	225	30
239	142	226	40
239	142	227	22
239	142	228	9
239	142	229	0
239	143	200	107
239	143	201	73
239	143	202	46
239	143	203	28
239	143	204	18
239	143	220	32
239	143	221	15
239	143	222	6
239	143	223	6
239	143	224	13
239	143	225	28
239	143	226	41
239	143	227	19
239	143	228	6
239	143	229	0
239	144	200	105
239	144	201	71
239	144	202	44
239	144	203	26
239	144	204	16
239	144	220	35
239	144	221	18
239	144	222	10
239	144	223	9
239	144	224	16
239	144	225	28
239	144	226	33
239	144	227	24
239	144	228	11
239	144	229	5
239	145	220	47
239	145	221	30
239	145	222	21
239	145	223	21
239	145	224	16
239	146	220	37
239	146	221	32
239	146	222	36
239	146	223	20
239	146	224	9
239	147	220	29
239	147	221	24
239	147	222	28
239	147	223	21
239	147	224	9
239	148	220	28
239	148	221	24
239	148	222	28
239	148	223	29
239	148	224	18
239	149	220	36
239	149	221	32
239	149	222	36
239	149	223	46
239	149	224	35
239	150	230	110
239	150	231	92
239	150	232	82
239	150	233	79
239	150	234	73
239	151	230	94
239	151	231	83
239	151	232	72
239	151	233	63
239	151	234	55
239	152	230	85
239	152	231	81
239	152	232	69
239	152	233	53
239	152	234	45
239	153	230	85
239	153	231	87
239	153	232	67
239	153	233	51
239	153	234	43
239	154	230	93
239	154	231	97
239	154	232	73
239	154	233	57
239	154	234	49
239	165	220	64
239	165	221	64
239	165	222	72
239	165	223	88
239	165	224	112
239	166	220	64
239	166	221	64
239	166	222	72
239	166	223	87
239	166	224	111
239	167	220	71
239	167	221	71
239	167	222	79
239	167	223	95
239	167	224	119
239	168	220	86
239	168	221	86
239	168	222	94
239	168	223	110
239	168	224	134
239	169	220	109
239	169	221	109
239	169	222	117
239	169	223	133
239	169	224	157
