#reforence point coordinates
102	5	99
#the number of meter size cube
23
#sacle
5
#cubeLen
50
#cubeWidth	cubeHeight	cubeDepth
100	5	100	
#XYX dis
0	150	10	148
0	150	11	152
0	150	12	165
0	150	13	185
0	150	14	214
0	151	10	130
0	151	11	133
0	151	12	145
0	151	13	164
0	151	14	191
0	152	10	104
0	152	11	107
0	152	12	119
0	152	13	138
0	152	14	165
0	153	10	86
0	153	11	90
0	153	12	101
0	153	13	120
0	153	14	147
0	154	10	77
0	154	11	80
0	154	12	91
0	154	13	110
0	154	14	137
0	160	10	19
0	160	11	9
0	160	12	7
0	160	13	13
0	160	14	27
0	161	10	14
0	161	11	0
0	161	12	2
0	161	13	8
0	161	14	22
0	162	10	17
0	162	11	7
0	162	12	5
0	162	13	11
0	162	14	25
0	163	10	28
0	163	11	18
0	163	12	16
0	163	13	22
0	163	14	36
0	164	10	47
0	164	11	37
0	164	12	35
0	164	13	41
0	164	14	55
1	150	10	103
1	150	11	108
1	150	12	121
1	150	13	141
1	150	14	170
1	151	10	100
1	151	11	103
1	151	12	114
1	151	13	133
1	151	14	160
1	152	10	74
1	152	11	77
1	152	12	88
1	152	13	107
1	152	14	134
1	153	10	56
1	153	11	59
1	153	12	70
1	153	13	89
1	153	14	117
1	154	10	46
1	154	11	49
1	154	12	60
1	154	13	80
1	154	14	107
1	160	10	17
1	160	11	7
1	160	12	5
1	160	13	11
1	160	14	25
1	161	10	12
1	161	11	2
1	161	12	0
1	161	13	6
1	161	14	20
1	162	10	15
1	162	11	5
1	162	12	3
1	162	13	9
1	162	14	23
1	163	10	26
1	163	11	16
1	163	12	14
1	163	13	20
1	163	14	34
1	164	10	45
1	164	11	35
1	164	12	33
1	164	13	39
1	164	14	53
2	150	10	67
2	150	11	72
2	150	12	84
2	150	13	105
2	150	14	133
2	151	10	77
2	151	11	80
2	151	12	91
2	151	13	110
2	151	14	138
2	152	10	51
2	152	11	54
2	152	12	65
2	152	13	85
2	152	14	112
2	153	10	33
2	153	11	36
2	153	12	48
2	153	13	67
2	153	14	94
2	154	10	23
2	154	11	27
2	154	12	38
2	154	13	57
2	154	14	84
2	160	10	23
2	160	11	13
2	160	12	11
2	160	13	17
2	160	14	31
2	161	10	18
2	161	11	8
2	161	12	6
2	161	13	12
2	161	14	26
2	162	10	21
2	162	11	11
2	162	12	9
2	162	13	15
2	162	14	29
2	163	10	31
2	163	11	21
2	163	12	19
2	163	13	25
2	163	14	39
2	164	10	50
2	164	11	40
2	164	12	38
2	164	13	44
2	164	14	58
3	150	10	39
3	150	11	44
3	150	12	56
3	150	13	77
3	150	14	105
3	151	10	50
3	151	11	54
3	151	12	67
3	151	13	87
3	151	14	116
3	152	10	36
3	152	11	40
3	152	12	51
3	152	13	70
3	152	14	97
3	153	10	19
3	153	11	22
3	153	12	33
3	153	13	52
3	153	14	79
3	154	10	9
3	154	11	12
3	154	12	23
3	154	13	42
3	154	14	70
3	160	10	37
3	160	11	27
3	160	12	25
3	160	13	31
3	160	14	45
3	161	10	31
3	161	11	21
3	161	12	19
3	161	13	25
3	161	14	39
3	162	10	34
3	162	11	24
3	162	12	22
3	162	13	28
3	162	14	42
3	163	10	45
3	163	11	35
3	163	12	33
3	163	13	39
3	163	14	53
3	164	10	64
3	164	11	54
3	164	12	52
3	164	13	58
3	164	14	72
4	150	10	19
4	150	11	23
4	150	12	36
4	150	13	56
4	150	14	85
4	151	10	29
4	151	11	34
4	151	12	46
4	151	13	67
4	151	14	95
4	152	10	30
4	152	11	33
4	152	12	44
4	152	13	63
4	152	14	91
4	153	10	12
4	153	11	15
4	153	12	26
4	153	13	46
4	153	14	73
4	154	10	0
4	154	11	5
4	154	12	16
4	154	13	36
4	154	14	63
4	160	10	58
4	160	11	48
4	160	12	46
4	160	13	52
4	160	14	66
4	161	10	53
4	161	11	43
4	161	12	41
4	161	13	47
4	161	14	61
4	162	10	56
4	162	11	46
4	162	12	44
4	162	13	50
4	162	14	64
4	163	10	67
4	163	11	57
4	163	12	55
4	163	13	61
4	163	14	75
4	164	10	86
4	164	11	76
4	164	12	74
4	164	13	80
4	164	14	94
5	145	0	151
5	145	1	125
5	145	2	107
5	145	3	97
5	145	4	95
5	145	5	102
5	145	6	116
5	145	7	108
5	145	8	89
5	145	9	77
5	146	0	131
5	146	1	105
5	146	2	87
5	146	3	77
5	146	4	75
5	146	5	81
5	146	6	96
5	146	7	79
5	146	8	59
5	146	9	48
5	147	0	119
5	147	1	93
5	147	2	75
5	147	3	65
5	147	4	63
5	147	5	69
5	147	6	83
5	147	7	57
5	147	8	38
5	147	9	26
5	148	0	114
5	148	1	89
5	148	2	71
5	148	3	61
5	148	4	59
5	148	5	65
5	148	6	71
5	148	7	44
5	148	8	24
5	148	9	13
5	149	0	118
5	149	1	92
5	149	2	75
5	149	3	65
5	149	4	63
5	149	5	69
5	149	6	66
5	149	7	38
5	149	8	19
5	149	9	7
5	160	10	88
5	160	11	78
5	160	12	76
5	160	13	82
5	160	14	95
5	161	10	83
5	161	11	73
5	161	12	71
5	161	13	77
5	161	14	91
5	162	10	86
5	162	11	76
5	162	12	74
5	162	13	80
5	162	14	94
5	163	10	97
5	163	11	87
5	163	12	85
5	163	13	91
5	163	14	105
5	164	10	115
5	164	11	105
5	164	12	103
5	164	13	109
5	164	14	120
6	145	0	124
6	145	1	98
6	145	2	80
6	145	3	70
6	145	4	69
6	145	5	75
6	145	6	89
6	145	7	104
6	145	8	84
6	145	9	73
6	146	0	104
6	146	1	78
6	146	2	60
6	146	3	50
6	146	4	48
6	146	5	55
6	146	6	69
6	146	7	74
6	146	8	55
6	146	9	43
6	147	0	92
6	147	1	66
6	147	2	48
6	147	3	38
6	147	4	36
6	147	5	43
6	147	6	57
6	147	7	53
6	147	8	33
6	147	9	22
6	148	0	88
6	148	1	62
6	148	2	44
6	148	3	34
6	148	4	32
6	148	5	38
6	148	6	53
6	148	7	39
6	148	8	20
6	148	9	9
6	149	0	91
6	149	1	66
6	149	2	48
6	149	3	38
6	149	4	36
6	149	5	42
6	149	6	56
6	149	7	34
6	149	8	15
6	149	9	0
6	160	10	105
6	160	11	82
6	160	12	67
6	160	13	60
6	160	14	61
6	161	10	103
6	161	11	80
6	161	12	65
6	161	13	58
6	161	14	59
6	162	10	110
6	162	11	87
6	162	12	72
6	162	13	65
6	162	14	66
6	163	10	124
6	163	11	101
6	163	12	86
6	163	13	79
6	163	14	80
6	164	10	147
6	164	11	124
6	164	12	109
6	164	13	99
6	164	14	82
7	145	0	105
7	145	1	79
7	145	2	62
7	145	3	52
7	145	4	50
7	145	5	56
7	145	6	70
7	145	7	92
7	145	8	88
7	145	9	77
7	146	0	85
7	146	1	59
7	146	2	41
7	146	3	32
7	146	4	30
7	146	5	36
7	146	6	50
7	146	7	72
7	146	8	59
7	146	9	47
7	147	0	73
7	147	1	47
7	147	2	29
7	147	3	19
7	147	4	18
7	147	5	24
7	147	6	38
7	147	7	57
7	147	8	37
7	147	9	26
7	148	0	69
7	148	1	43
7	148	2	25
7	148	3	15
7	148	4	13
7	148	5	20
7	148	6	34
7	148	7	43
7	148	8	24
7	148	9	12
7	149	0	73
7	149	1	47
7	149	2	29
7	149	3	19
7	149	4	17
7	149	5	23
7	149	6	38
7	149	7	38
7	149	8	18
7	149	9	7
7	160	10	79
7	160	11	56
7	160	12	41
7	160	13	34
7	160	14	35
7	161	10	77
7	161	11	54
7	161	12	39
7	161	13	32
7	161	14	33
7	162	10	83
7	162	11	60
7	162	12	45
7	162	13	38
7	162	14	39
7	163	10	98
7	163	11	75
7	163	12	60
7	163	13	53
7	163	14	54
7	164	10	120
7	164	11	97
7	164	12	82
7	164	13	69
7	164	14	52
8	145	0	94
8	145	1	69
8	145	2	51
8	145	3	41
8	145	4	39
8	145	5	45
8	145	6	59
8	145	7	82
8	145	8	100
8	145	9	88
8	146	0	74
8	146	1	48
8	146	2	31
8	146	3	21
8	146	4	19
8	146	5	25
8	146	6	39
8	146	7	61
8	146	8	70
8	146	9	59
8	147	0	62
8	147	1	36
8	147	2	18
8	147	3	9
8	147	4	7
8	147	5	13
8	147	6	27
8	147	7	49
8	147	8	49
8	147	9	38
8	148	0	58
8	148	1	32
8	148	2	14
8	148	3	0
8	148	4	3
8	148	5	9
8	148	6	23
8	148	7	45
8	148	8	35
8	148	9	24
8	149	0	62
8	149	1	36
8	149	2	18
8	149	3	8
8	149	4	7
8	149	5	13
8	149	6	27
8	149	7	49
8	149	8	30
8	149	9	19
8	160	10	60
8	160	11	37
8	160	12	22
8	160	13	15
8	160	14	16
8	161	10	59
8	161	11	36
8	161	12	21
8	161	13	14
8	161	14	14
8	162	10	65
8	162	11	42
8	162	12	27
8	162	13	20
8	162	14	21
8	163	10	79
8	163	11	56
8	163	12	41
8	163	13	34
8	163	14	35
8	164	10	102
8	164	11	79
8	164	12	64
8	164	13	47
8	164	14	30
9	145	0	92
9	145	1	66
9	145	2	48
9	145	3	38
9	145	4	36
9	145	5	42
9	145	6	57
9	145	7	79
9	145	8	109
9	145	9	108
9	146	0	72
9	146	1	46
9	146	2	28
9	146	3	18
9	146	4	16
9	146	5	22
9	146	6	36
9	146	7	59
9	146	8	89
9	146	9	79
9	147	0	59
9	147	1	34
9	147	2	16
9	147	3	6
9	147	4	4
9	147	5	10
9	147	6	24
9	147	7	46
9	147	8	69
9	147	9	57
9	148	0	55
9	148	1	29
9	148	2	12
9	148	3	2
9	148	4	0
9	148	5	6
9	148	6	20
9	148	7	42
9	148	8	55
9	148	9	44
9	149	0	59
9	149	1	33
9	149	2	15
9	149	3	6
9	149	4	4
9	149	5	10
9	149	6	24
9	149	7	46
9	149	8	50
9	149	9	38
9	160	10	50
9	160	11	27
9	160	12	12
9	160	13	0
9	160	14	6
9	161	10	48
9	161	11	25
9	161	12	10
9	161	13	3
9	161	14	4
9	162	10	54
9	162	11	31
9	162	12	16
9	162	13	9
9	162	14	10
9	163	10	69
9	163	11	46
9	163	12	31
9	163	13	24
9	163	14	21
9	164	10	91
9	164	11	68
9	164	12	53
9	164	13	33
9	164	14	16
10	130	5	88
10	130	6	80
10	130	7	80
10	130	8	89
10	130	9	105
10	131	5	88
10	131	6	80
10	131	7	81
10	131	8	89
10	131	9	105
10	132	5	96
10	132	6	88
10	132	7	89
10	132	8	97
10	132	9	113
10	133	5	112
10	133	6	105
10	133	7	105
10	133	8	113
10	133	9	130
10	134	5	117
10	134	6	107
10	134	7	106
10	134	8	112
10	134	9	127
10	135	5	106
10	135	6	97
10	135	7	95
10	135	8	101
10	135	9	116
10	136	5	104
10	136	6	94
10	136	7	92
10	136	8	99
10	136	9	105
10	137	5	109
10	137	6	99
10	137	7	98
10	137	8	96
10	137	9	101
10	138	5	117
10	138	6	104
10	138	7	97
10	138	8	98
10	138	9	105
10	139	5	127
10	139	6	112
10	139	7	105
10	139	8	106
10	139	9	115
10	140	10	94
10	140	11	94
10	140	12	101
10	140	13	116
10	140	14	140
10	141	10	74
10	141	11	73
10	141	12	81
10	141	13	96
10	141	14	119
10	142	10	62
10	142	11	61
10	142	12	69
10	142	13	84
10	142	14	107
10	143	10	58
10	143	11	57
10	143	12	65
10	143	13	80
10	143	14	103
10	144	10	62
10	144	11	61
10	144	12	68
10	144	13	84
10	144	14	107
10	145	10	74
10	145	11	73
10	145	12	80
10	145	13	96
10	145	14	107
10	146	10	59
10	146	11	61
10	146	12	71
10	146	13	77
10	146	14	76
10	147	10	44
10	147	11	46
10	147	12	52
10	147	13	53
10	147	14	52
10	148	10	37
10	148	11	39
10	148	12	37
10	148	13	37
10	148	14	37
10	149	10	38
10	149	11	36
10	149	12	29
10	149	13	30
10	149	14	29
10	155	10	95
10	155	11	70
10	155	12	54
10	155	13	46
10	155	14	36
10	155	15	23
10	155	16	19
10	155	17	22
10	155	18	34
10	155	19	53
10	156	10	95
10	156	11	70
10	156	12	54
10	156	13	46
10	156	14	36
10	156	15	24
10	156	16	19
10	156	17	22
10	156	18	34
10	156	19	53
10	157	10	100
10	157	11	77
10	157	12	62
10	157	13	54
10	157	14	44
10	157	15	32
10	157	16	27
10	157	17	31
10	157	18	42
10	157	19	61
10	158	10	74
10	158	11	51
10	158	12	36
10	158	13	29
10	158	14	30
10	158	15	39
10	158	16	44
10	158	17	47
10	158	18	58
10	158	19	78
10	159	10	57
10	159	11	34
10	159	12	19
10	159	13	12
10	159	14	13
10	159	15	22
10	159	16	39
10	159	17	64
10	159	18	83
10	159	19	102
10	160	15	12
10	160	16	29
10	160	17	54
10	160	18	87
10	160	19	111
10	161	15	11
10	161	16	28
10	161	17	44
10	161	18	60
10	161	19	83
10	162	15	17
10	162	16	17
10	162	17	24
10	162	18	39
10	162	19	62
10	163	15	6
10	163	16	5
10	163	17	12
10	163	18	27
10	163	19	50
10	164	15	0
10	164	16	0
10	164	17	7
10	164	18	23
10	164	19	46
11	130	5	56
11	130	6	49
11	130	7	49
11	130	8	57
11	130	9	73
11	131	5	56
11	131	6	49
11	131	7	49
11	131	8	57
11	131	9	74
11	132	5	65
11	132	6	57
11	132	7	57
11	132	8	66
11	132	9	82
11	133	5	81
11	133	6	73
11	133	7	73
11	133	8	82
11	133	9	98
11	134	5	83
11	134	6	73
11	134	7	71
11	134	8	78
11	134	9	92
11	135	5	72
11	135	6	62
11	135	7	61
11	135	8	67
11	135	9	81
11	136	5	69
11	136	6	59
11	136	7	58
11	136	8	64
11	136	9	70
11	137	5	74
11	137	6	65
11	137	7	62
11	137	8	61
11	137	9	66
11	138	5	82
11	138	6	69
11	138	7	62
11	138	8	63
11	138	9	70
11	139	5	92
11	139	6	77
11	139	7	70
11	139	8	70
11	139	9	79
11	140	10	68
11	140	11	67
11	140	12	75
11	140	13	90
11	140	14	113
11	141	10	48
11	141	11	47
11	141	12	55
11	141	13	70
11	141	14	93
11	142	10	36
11	142	11	35
11	142	12	42
11	142	13	58
11	142	14	81
11	143	10	32
11	143	11	31
11	143	12	38
11	143	13	54
11	143	14	77
11	144	10	36
11	144	11	35
11	144	12	42
11	144	13	58
11	144	14	81
11	145	10	47
11	145	11	47
11	145	12	54
11	145	13	69
11	145	14	88
11	146	10	39
11	146	11	41
11	146	12	49
11	146	13	52
11	146	14	59
11	147	10	24
11	147	11	26
11	147	12	33
11	147	13	36
11	147	14	35
11	148	10	17
11	148	11	19
11	148	12	20
11	148	13	20
11	148	14	19
11	149	10	18
11	149	11	19
11	149	12	12
11	149	13	13
11	149	14	12
11	155	10	72
11	155	11	48
11	155	12	32
11	155	13	23
11	155	14	23
11	155	15	10
11	155	16	6
11	155	17	9
11	155	18	20
11	155	19	40
11	156	10	72
11	156	11	48
11	156	12	31
11	156	13	23
11	156	14	23
11	156	15	10
11	156	16	6
11	156	17	9
11	156	18	21
11	156	19	40
11	157	10	80
11	157	11	56
11	157	12	39
11	157	13	31
11	157	14	31
11	157	15	19
11	157	16	14
11	157	17	18
11	157	18	29
11	157	19	48
11	158	10	80
11	158	11	57
11	158	12	42
11	158	13	35
11	158	14	36
11	158	15	35
11	158	16	30
11	158	17	34
11	158	18	45
11	158	19	65
11	159	10	62
11	159	11	39
11	159	12	24
11	159	13	17
11	159	14	18
11	159	15	27
11	159	16	44
11	159	17	58
11	159	18	70
11	159	19	89
11	160	15	18
11	160	16	35
11	160	17	60
11	160	18	90
11	160	19	113
11	161	15	16
11	161	16	33
11	161	17	46
11	161	18	62
11	161	19	85
11	162	15	20
11	162	16	19
11	162	17	26
11	162	18	41
11	162	19	64
11	163	15	8
11	163	16	7
11	163	17	14
11	163	18	29
11	163	19	52
11	164	15	3
11	164	16	2
11	164	17	9
11	164	18	25
11	164	19	48
12	130	5	33
12	130	6	25
12	130	7	25
12	130	8	34
12	130	9	50
12	131	5	33
12	131	6	25
12	131	7	26
12	131	8	34
12	131	9	50
12	132	5	41
12	132	6	33
12	132	7	34
12	132	8	42
12	132	9	58
12	133	5	57
12	133	6	50
12	133	7	50
12	133	8	58
12	133	9	75
12	134	5	56
12	134	6	47
12	134	7	45
12	134	8	51
12	134	9	66
12	135	5	45
12	135	6	36
12	135	7	34
12	135	8	41
12	135	9	54
12	136	5	43
12	136	6	33
12	136	7	31
12	136	8	37
12	136	9	42
12	137	5	48
12	137	6	38
12	137	7	35
12	137	8	33
12	137	9	39
12	138	5	54
12	138	6	42
12	138	7	35
12	138	8	36
12	138	9	43
12	139	5	64
12	139	6	49
12	139	7	42
12	139	8	43
12	139	9	52
12	140	10	50
12	140	11	49
12	140	12	56
12	140	13	72
12	140	14	95
12	141	10	30
12	141	11	29
12	141	12	36
12	141	13	52
12	141	14	75
12	142	10	18
12	142	11	17
12	142	12	24
12	142	13	40
12	142	14	63
12	143	10	13
12	143	11	13
12	143	12	20
12	143	13	36
12	143	14	59
12	144	10	17
12	144	11	17
12	144	12	24
12	144	13	39
12	144	14	63
12	145	10	29
12	145	11	29
12	145	12	36
12	145	13	51
12	145	14	72
12	146	10	27
12	146	11	29
12	146	12	33
12	146	13	36
12	146	14	48
12	147	10	12
12	147	11	14
12	147	12	17
12	147	13	21
12	147	14	26
12	148	10	4
12	148	11	7
12	148	12	9
12	148	13	11
12	148	14	10
12	149	10	5
12	149	11	8
12	149	12	0
12	149	13	0
12	149	14	2
12	155	10	58
12	155	11	33
12	155	12	17
12	155	13	9
12	155	14	8
12	155	15	5
12	155	16	0
12	155	17	4
12	155	18	15
12	155	19	35
12	156	10	58
12	156	11	33
12	156	12	17
12	156	13	9
12	156	14	8
12	156	15	5
12	156	16	1
12	156	17	4
12	156	18	16
12	156	19	35
12	157	10	65
12	157	11	41
12	157	12	25
12	157	13	17
12	157	14	16
12	157	15	14
12	157	16	9
12	157	17	12
12	157	18	24
12	157	19	43
12	158	10	81
12	158	11	57
12	158	12	41
12	158	13	32
12	158	14	32
12	158	15	30
12	158	16	25
12	158	17	29
12	158	18	40
12	158	19	60
12	159	10	76
12	159	11	53
12	159	12	38
12	159	13	31
12	159	14	32
12	159	15	41
12	159	16	50
12	159	17	53
12	159	18	64
12	159	19	84
12	160	15	31
12	160	16	48
12	160	17	73
12	160	18	97
12	160	19	116
12	161	15	30
12	161	16	47
12	161	17	56
12	161	18	71
12	161	19	95
12	162	15	30
12	162	16	29
12	162	17	36
12	162	18	51
12	162	19	74
12	163	15	18
12	163	16	17
12	163	17	24
12	163	18	39
12	163	19	62
12	164	15	13
12	164	16	12
12	164	17	19
12	164	18	34
12	164	19	58
13	130	5	17
13	130	6	10
13	130	7	10
13	130	8	18
13	130	9	34
13	131	5	17
13	131	6	10
13	131	7	10
13	131	8	18
13	131	9	35
13	132	5	26
13	132	6	18
13	132	7	18
13	132	8	27
13	132	9	43
13	133	5	42
13	133	6	34
13	133	7	34
13	133	8	43
13	133	9	59
13	134	5	38
13	134	6	28
13	134	7	27
13	134	8	33
13	134	9	47
13	135	5	27
13	135	6	17
13	135	7	16
13	135	8	22
13	135	9	35
13	136	5	24
13	136	6	15
13	136	7	13
13	136	8	18
13	136	9	23
13	137	5	29
13	137	6	19
13	137	7	15
13	137	8	14
13	137	9	19
13	138	5	34
13	138	6	22
13	138	7	15
13	138	8	16
13	138	9	24
13	139	5	45
13	139	6	30
13	139	7	23
13	139	8	24
13	139	9	33
13	140	10	40
13	140	11	39
13	140	12	46
13	140	13	62
13	140	14	85
13	141	10	19
13	141	11	19
13	141	12	26
13	141	13	42
13	141	14	65
13	142	10	7
13	142	11	7
13	142	12	14
13	142	13	29
13	142	14	53
13	143	10	0
13	143	11	3
13	143	12	10
13	143	13	25
13	143	14	49
13	144	10	7
13	144	11	6
13	144	12	14
13	144	13	29
13	144	14	53
13	145	10	19
13	145	11	18
13	145	12	26
13	145	13	41
13	145	14	64
13	146	10	23
13	146	11	25
13	146	12	25
13	146	13	28
13	146	14	40
13	147	10	7
13	147	11	10
13	147	12	9
13	147	13	13
13	147	14	24
13	148	10	0
13	148	11	3
13	148	12	0
13	148	13	5
13	148	14	9
13	149	10	1
13	149	11	3
13	149	12	2
13	149	13	0
13	149	14	1
13	155	10	51
13	155	11	27
13	155	12	10
13	155	13	0
13	155	14	2
13	155	15	8
13	155	16	3
13	155	17	7
13	155	18	18
13	155	19	38
13	156	10	51
13	156	11	27
13	156	12	10
13	156	13	2
13	156	14	2
13	156	15	8
13	156	16	4
13	156	17	7
13	156	18	18
13	156	19	38
13	157	10	59
13	157	11	35
13	157	12	18
13	157	13	10
13	157	14	10
13	157	15	16
13	157	16	12
13	157	17	15
13	157	18	27
13	157	19	46
13	158	10	75
13	158	11	50
13	158	12	34
13	158	13	26
13	158	14	26
13	158	15	33
13	158	16	28
13	158	17	32
13	158	18	43
13	158	19	62
13	159	10	97
13	159	11	74
13	159	12	58
13	159	13	50
13	159	14	49
13	159	15	57
13	159	16	52
13	159	17	56
13	159	18	67
13	159	19	87
13	160	15	53
13	160	16	70
13	160	17	88
13	160	18	100
13	160	19	119
13	161	15	51
13	161	16	67
13	161	17	74
13	161	18	89
13	161	19	113
13	162	15	48
13	162	16	47
13	162	17	54
13	162	18	69
13	162	19	92
13	163	15	36
13	163	16	35
13	163	17	42
13	163	18	57
13	163	19	80
13	164	15	31
13	164	16	30
13	164	17	37
13	164	18	52
13	164	19	76
14	130	5	10
14	130	6	0
14	130	7	2
14	130	8	11
14	130	9	27
14	131	5	10
14	131	6	2
14	131	7	3
14	131	8	11
14	131	9	27
14	132	5	18
14	132	6	10
14	132	7	11
14	132	8	19
14	132	9	35
14	133	5	34
14	133	6	27
14	133	7	27
14	133	8	35
14	133	9	52
14	134	5	27
14	134	6	18
14	134	7	16
14	134	8	22
14	134	9	37
14	135	5	17
14	135	6	0
14	135	7	5
14	135	8	12
14	135	9	24
14	136	5	14
14	136	6	4
14	136	7	0
14	136	8	7
14	136	9	12
14	137	5	19
14	137	6	0
14	137	7	0
14	137	8	3
14	137	9	8
14	138	5	22
14	138	6	10
14	138	7	4
14	138	8	5
14	138	9	12
14	139	5	33
14	139	6	19
14	139	7	12
14	139	8	13
14	139	9	22
14	140	10	37
14	140	11	37
14	140	12	44
14	140	13	59
14	140	14	83
14	141	10	17
14	141	11	17
14	141	12	24
14	141	13	39
14	141	14	63
14	142	10	5
14	142	11	5
14	142	12	12
14	142	13	27
14	142	14	51
14	143	10	1
14	143	11	0
14	143	12	8
14	143	13	23
14	143	14	46
14	144	10	5
14	144	11	4
14	144	12	12
14	144	13	27
14	144	14	50
14	145	10	17
14	145	11	16
14	145	12	24
14	145	13	39
14	145	14	62
14	146	10	26
14	146	11	29
14	146	12	25
14	146	13	28
14	146	14	40
14	147	10	11
14	147	11	13
14	147	12	9
14	147	13	13
14	147	14	24
14	148	10	4
14	148	11	6
14	148	12	1
14	148	13	5
14	148	14	15
14	149	10	5
14	149	11	6
14	149	12	2
14	149	13	5
14	149	14	5
14	155	10	52
14	155	11	28
14	155	12	12
14	155	13	4
14	155	14	3
14	155	15	11
14	155	16	14
14	155	17	18
14	155	18	29
14	155	19	48
14	156	10	52
14	156	11	28
14	156	12	12
14	156	13	3
14	156	14	3
14	156	15	11
14	156	16	15
14	156	17	18
14	156	18	29
14	156	19	49
14	157	10	60
14	157	11	36
14	157	12	20
14	157	13	11
14	157	14	11
14	157	15	19
14	157	16	23
14	157	17	26
14	157	18	38
14	157	19	57
14	158	10	76
14	158	11	52
14	158	12	36
14	158	13	27
14	158	14	27
14	158	15	35
14	158	16	39
14	158	17	42
14	158	18	54
14	158	19	73
14	159	10	100
14	159	11	76
14	159	12	60
14	159	13	51
14	159	14	51
14	159	15	59
14	159	16	63
14	159	17	67
14	159	18	78
14	159	19	98
14	160	15	82
14	160	16	96
14	160	17	99
14	160	18	108
14	160	19	110
14	161	15	81
14	161	16	93
14	161	17	92
14	161	18	86
14	161	19	88
14	162	15	74
14	162	16	73
14	162	17	78
14	162	18	72
14	162	19	74
14	163	15	62
14	163	16	61
14	163	17	68
14	163	18	66
14	163	19	67
14	164	15	57
14	164	16	56
14	164	17	63
14	164	18	67
14	164	19	69
15	135	10	13
15	135	11	9
15	135	12	13
15	135	13	25
15	135	14	45
15	136	10	0
15	136	11	1
15	136	12	5
15	136	13	17
15	136	14	37
15	137	10	4
15	137	11	0
15	137	12	5
15	137	13	17
15	137	14	37
15	138	10	12
15	138	11	8
15	138	12	12
15	138	13	24
15	138	14	44
15	139	10	28
15	139	11	24
15	139	12	28
15	139	13	40
15	139	14	60
15	140	5	46
15	140	6	31
15	140	7	24
15	140	8	25
15	140	9	34
15	141	5	50
15	141	6	43
15	141	7	45
15	141	8	48
15	141	9	32
15	142	5	37
15	142	6	31
15	142	7	32
15	142	8	36
15	142	9	20
15	143	5	33
15	143	6	26
15	143	7	27
15	143	8	32
15	143	9	15
15	144	5	36
15	144	6	29
15	144	7	31
15	144	8	36
15	144	9	19
15	145	5	47
15	145	6	41
15	145	7	42
15	145	8	48
15	145	9	31
15	146	5	67
15	146	6	60
15	146	7	61
15	146	8	58
15	146	9	44
15	147	5	73
15	147	6	64
15	147	7	63
15	147	8	43
15	147	9	29
15	148	5	64
15	148	6	55
15	148	7	54
15	148	8	36
15	148	9	22
15	149	5	63
15	149	6	54
15	149	7	53
15	149	8	36
15	149	9	23
15	160	15	100
15	160	16	100
15	160	17	86
15	160	18	80
15	160	19	82
15	161	15	100
15	161	16	78
15	161	17	64
15	161	18	58
15	161	19	59
15	162	15	86
15	162	16	64
15	162	17	50
15	162	18	43
15	162	19	45
15	163	15	80
15	163	16	58
15	163	17	43
15	163	18	37
15	163	19	39
15	164	15	82
15	164	16	59
15	164	17	45
15	164	18	39
15	164	19	41
16	135	10	16
16	135	11	12
16	135	12	16
16	135	13	28
16	135	14	48
16	136	10	8
16	136	11	4
16	136	12	8
16	136	13	20
16	136	14	40
16	137	10	7
16	137	11	3
16	137	12	7
16	137	13	19
16	137	14	40
16	138	10	15
16	138	11	11
16	138	12	15
16	138	13	27
16	138	14	47
16	139	10	31
16	139	11	27
16	139	12	31
16	139	13	43
16	139	14	63
16	140	5	51
16	140	6	36
16	140	7	29
16	140	8	30
16	140	9	39
16	141	5	34
16	141	6	27
16	141	7	28
16	141	8	38
16	141	9	46
16	142	5	21
16	142	6	14
16	142	7	16
16	142	8	25
16	142	9	33
16	143	5	16
16	143	6	10
16	143	7	11
16	143	8	20
16	143	9	29
16	144	5	20
16	144	6	13
16	144	7	14
16	144	8	23
16	144	9	33
16	145	5	31
16	145	6	24
16	145	7	25
16	145	8	35
16	145	9	45
16	146	5	50
16	146	6	43
16	146	7	45
16	146	8	54
16	146	9	64
16	147	5	48
16	147	6	39
16	147	7	38
16	147	8	45
16	147	9	49
16	148	5	39
16	148	6	30
16	148	7	29
16	148	8	36
16	148	9	42
16	149	5	38
16	149	6	29
16	149	7	28
16	149	8	35
16	149	9	42
16	160	15	102
16	160	16	80
16	160	17	66
16	160	18	59
16	160	19	61
16	161	15	80
16	161	16	58
16	161	17	43
16	161	18	37
16	161	19	39
16	162	15	66
16	162	16	43
16	162	17	29
16	162	18	23
16	162	19	25
16	163	15	59
16	163	16	37
16	163	17	23
16	163	18	17
16	163	19	19
16	164	15	61
16	164	16	39
16	164	17	25
16	164	18	19
16	164	19	20
17	135	10	27
17	135	11	23
17	135	12	27
17	135	13	39
17	135	14	59
17	136	10	18
17	136	11	15
17	136	12	19
17	136	13	31
17	136	14	51
17	137	10	18
17	137	11	14
17	137	12	18
17	137	13	30
17	137	14	50
17	138	10	26
17	138	11	22
17	138	12	26
17	138	13	38
17	138	14	58
17	139	10	42
17	139	11	38
17	139	12	42
17	139	13	54
17	139	14	74
17	140	5	46
17	140	6	39
17	140	7	41
17	140	8	42
17	140	9	51
17	141	5	25
17	141	6	19
17	141	7	20
17	141	8	29
17	141	9	46
17	142	5	13
17	142	6	6
17	142	7	7
17	142	8	16
17	142	9	34
17	143	5	8
17	143	6	0
17	143	7	2
17	143	8	12
17	143	9	29
17	144	5	11
17	144	6	4
17	144	7	6
17	144	8	15
17	144	9	32
17	145	5	23
17	145	6	16
17	145	7	17
17	145	8	26
17	145	9	44
17	146	5	42
17	146	6	35
17	146	7	36
17	146	8	45
17	146	9	60
17	147	5	31
17	147	6	22
17	147	7	21
17	147	8	28
17	147	9	43
17	148	5	22
17	148	6	13
17	148	7	12
17	148	8	19
17	148	9	34
17	149	5	21
17	149	6	12
17	149	7	11
17	149	8	18
17	149	9	33
17	160	15	90
17	160	16	67
17	160	17	53
17	160	18	47
17	160	19	49
17	161	15	67
17	161	16	45
17	161	17	31
17	161	18	25
17	161	19	27
17	162	15	53
17	162	16	31
17	162	17	17
17	162	18	11
17	162	19	12
17	163	15	47
17	163	16	25
17	163	17	11
17	163	18	4
17	163	19	6
17	164	15	49
17	164	16	27
17	164	17	13
17	164	18	6
17	164	19	8
18	135	10	46
18	135	11	42
18	135	12	46
18	135	13	58
18	135	14	78
18	136	10	37
18	136	11	33
18	136	12	38
18	136	13	50
18	136	14	70
18	137	10	37
18	137	11	33
18	137	12	37
18	137	13	49
18	137	14	69
18	138	10	45
18	138	11	41
18	138	12	45
18	138	13	57
18	138	14	77
18	139	10	61
18	139	11	57
18	139	12	61
18	139	13	73
18	139	14	93
18	140	5	46
18	140	6	39
18	140	7	40
18	140	8	49
18	140	9	67
18	141	5	25
18	141	6	18
18	141	7	19
18	141	8	29
18	141	9	46
18	142	5	12
18	142	6	6
18	142	7	7
18	142	8	16
18	142	9	33
18	143	5	8
18	143	6	1
18	143	7	2
18	143	8	11
18	143	9	29
18	144	5	11
18	144	6	4
18	144	7	5
18	144	8	15
18	144	9	32
18	145	5	22
18	145	6	15
18	145	7	17
18	145	8	26
18	145	9	43
18	146	5	40
18	146	6	31
18	146	7	29
18	146	8	36
18	146	9	51
18	147	5	23
18	147	6	13
18	147	7	12
18	147	8	19
18	147	9	34
18	148	5	13
18	148	6	0
18	148	7	3
18	148	8	10
18	148	9	25
18	149	5	12
18	149	6	3
18	149	7	2
18	149	8	9
18	149	9	24
18	160	15	85
18	160	16	63
18	160	17	49
18	160	18	43
18	160	19	40
18	161	15	63
18	161	16	41
18	161	17	27
18	161	18	20
18	161	19	19
18	162	15	49
18	162	16	27
18	162	17	12
18	162	18	6
18	162	19	7
18	163	15	43
18	163	16	21
18	163	17	6
18	163	18	0
18	163	19	0
18	164	15	45
18	164	16	22
18	164	17	8
18	164	18	2
18	164	19	4
19	135	10	73
19	135	11	69
19	135	12	73
19	135	13	85
19	135	14	105
19	136	10	64
19	136	11	60
19	136	12	64
19	136	13	77
19	136	14	97
19	137	10	64
19	137	11	60
19	137	12	64
19	137	13	76
19	137	14	96
19	138	10	72
19	138	11	68
19	138	12	72
19	138	13	84
19	138	14	104
19	139	10	87
19	139	11	84
19	139	12	88
19	139	13	100
19	139	14	120
19	140	5	53
19	140	6	47
19	140	7	48
19	140	8	57
19	140	9	74
19	141	5	33
19	141	6	26
19	141	7	27
19	141	8	36
19	141	9	54
19	142	5	20
19	142	6	13
19	142	7	14
19	142	8	24
19	142	9	41
19	143	5	15
19	143	6	8
19	143	7	10
19	143	8	19
19	143	9	36
19	144	5	18
19	144	6	12
19	144	7	13
19	144	8	22
19	144	9	40
19	145	5	30
19	145	6	23
19	145	7	24
19	145	8	34
19	145	9	51
19	146	5	39
19	146	6	30
19	146	7	29
19	146	8	35
19	146	9	50
19	147	5	22
19	147	6	13
19	147	7	11
19	147	8	18
19	147	9	33
19	148	5	13
19	148	6	3
19	148	7	2
19	148	8	9
19	148	9	24
19	149	5	11
19	149	6	2
19	149	7	1
19	149	8	8
19	149	9	23
19	160	15	89
19	160	16	67
19	160	17	52
19	160	18	43
19	160	19	38
19	161	15	67
19	161	16	44
19	161	17	30
19	161	18	22
19	161	19	17
19	162	15	52
19	162	16	30
19	162	17	16
19	162	18	9
19	162	19	5
19	163	15	46
19	163	16	24
19	163	17	10
19	163	18	4
19	163	19	0
19	164	15	48
19	164	16	26
19	164	17	12
19	164	18	6
19	164	19	3
20	160	20	48
20	160	21	60
20	160	22	79
20	160	23	99
20	160	24	116
20	161	20	27
20	161	21	39
20	161	22	59
20	161	23	86
20	161	24	103
20	162	20	14
20	162	21	26
20	162	22	46
20	162	23	73
20	162	24	97
20	163	20	10
20	163	21	21
20	163	22	41
20	163	23	69
20	163	24	100
20	164	20	13
20	164	21	24
20	164	22	44
20	164	23	72
20	164	24	107
21	160	20	62
21	160	21	60
21	160	22	61
21	160	23	70
21	160	24	87
21	161	20	41
21	161	21	47
21	161	22	47
21	161	23	56
21	161	24	73
21	162	20	29
21	162	21	40
21	162	22	42
21	162	23	51
21	162	24	68
21	163	20	24
21	163	21	35
21	163	22	44
21	163	23	53
21	163	24	70
21	164	20	27
21	164	21	39
21	164	22	55
21	164	23	64
21	164	24	81
22	160	20	46
22	160	21	39
22	160	22	39
22	160	23	48
22	160	24	65
22	161	20	32
22	161	21	25
22	161	22	26
22	161	23	35
22	161	24	52
22	162	20	27
22	162	21	20
22	162	22	20
22	162	23	29
22	162	24	46
22	163	20	29
22	163	21	22
22	163	22	23
22	163	23	32
22	163	24	48
22	164	20	40
22	164	21	33
22	164	22	33
22	164	23	42
22	164	24	59
23	160	20	30
23	160	21	25
23	160	22	26
23	160	23	35
23	160	24	51
23	161	20	16
23	161	21	12
23	161	22	12
23	161	23	21
23	161	24	38
23	162	20	11
23	162	21	6
23	162	22	7
23	162	23	16
23	162	24	32
23	163	20	13
23	163	21	8
23	163	22	9
23	163	23	18
23	163	24	35
23	164	20	23
23	164	21	19
23	164	22	20
23	164	23	29
23	164	24	45
24	160	20	21
24	160	21	19
24	160	22	20
24	160	23	29
24	160	24	46
24	161	20	7
24	161	21	6
24	161	22	7
24	161	23	16
24	161	24	32
24	162	20	0
24	162	21	0
24	162	22	1
24	162	23	10
24	162	24	27
24	163	20	4
24	163	21	3
24	163	22	4
24	163	23	13
24	163	24	29
24	164	20	14
24	164	21	13
24	164	22	14
24	164	23	23
24	164	24	40
25	150	5	13
25	150	6	9
25	150	7	14
25	150	8	26
25	150	9	46
25	151	5	9
25	151	6	6
25	151	7	10
25	151	8	22
25	151	9	42
25	152	5	13
25	152	6	10
25	152	7	14
25	152	8	26
25	152	9	46
25	153	5	26
25	153	6	22
25	153	7	26
25	153	8	38
25	153	9	58
25	154	5	46
25	154	6	42
25	154	7	46
25	154	8	58
25	154	9	78
26	150	5	0
26	150	6	4
26	150	7	8
26	150	8	20
26	150	9	40
26	151	5	4
26	151	6	0
26	151	7	4
26	151	8	16
26	151	9	36
26	152	5	8
26	152	6	4
26	152	7	8
26	152	8	20
26	152	9	40
26	153	5	20
26	153	6	16
26	153	7	20
26	153	8	32
26	153	9	53
26	154	5	40
26	154	6	36
26	154	7	40
26	154	8	52
26	154	9	73
27	150	5	10
27	150	6	6
27	150	7	10
27	150	8	22
27	150	9	42
27	151	5	6
27	151	6	2
27	151	7	6
27	151	8	18
27	151	9	38
27	152	5	10
27	152	6	6
27	152	7	10
27	152	8	22
27	152	9	43
27	153	5	22
27	153	6	18
27	153	7	22
27	153	8	34
27	153	9	55
27	154	5	42
27	154	6	38
27	154	7	42
27	154	8	55
27	154	9	75
28	150	5	20
28	150	6	16
28	150	7	20
28	150	8	32
28	150	9	52
28	151	5	16
28	151	6	12
28	151	7	16
28	151	8	28
28	151	9	49
28	152	5	20
28	152	6	16
28	152	7	20
28	152	8	33
28	152	9	53
28	153	5	32
28	153	6	28
28	153	7	32
28	153	8	45
28	153	9	65
28	154	5	52
28	154	6	48
28	154	7	53
28	154	8	65
28	154	9	85
29	150	5	38
29	150	6	34
29	150	7	38
29	150	8	50
29	150	9	71
29	151	5	34
29	151	6	30
29	151	7	34
29	151	8	47
29	151	9	67
29	152	5	38
29	152	6	34
29	152	7	39
29	152	8	51
29	152	9	71
29	153	5	50
29	153	6	46
29	153	7	51
29	153	8	63
29	153	9	83
29	154	5	70
29	154	6	67
29	154	7	71
29	154	8	83
29	154	9	103
45	160	20	90
45	160	21	79
45	160	22	77
45	160	23	82
45	160	24	96
45	161	20	60
45	161	21	49
45	161	22	47
45	161	23	52
45	161	24	66
45	162	20	38
45	162	21	27
45	162	22	25
45	162	23	30
45	162	24	44
45	163	20	24
45	163	21	13
45	163	22	11
45	163	23	16
45	163	24	30
45	164	20	18
45	164	21	7
45	164	22	5
45	164	23	10
45	164	24	24
46	160	20	85
46	160	21	74
46	160	22	72
46	160	23	77
46	160	24	91
46	161	20	55
46	161	21	44
46	161	22	42
46	161	23	47
46	161	24	61
46	162	20	33
46	162	21	22
46	162	22	20
46	162	23	25
46	162	24	39
46	163	20	19
46	163	21	8
46	163	22	6
46	163	23	11
46	163	24	25
46	164	20	13
46	164	21	0
46	164	22	0
46	164	23	5
46	164	24	19
47	160	20	88
47	160	21	77
47	160	22	75
47	160	23	80
47	160	24	94
47	161	20	58
47	161	21	48
47	161	22	45
47	161	23	50
47	161	24	64
47	162	20	36
47	162	21	26
47	162	22	23
47	162	23	28
47	162	24	42
47	163	20	22
47	163	21	12
47	163	22	9
47	163	23	14
47	163	24	28
47	164	20	16
47	164	21	6
47	164	22	3
47	164	23	8
47	164	24	22
48	160	20	99
48	160	21	89
48	160	22	86
48	160	23	91
48	160	24	105
48	161	20	69
48	161	21	59
48	161	22	56
48	161	23	61
48	161	24	75
48	162	20	47
48	162	21	37
48	162	22	34
48	162	23	39
48	162	24	53
48	163	20	33
48	163	21	23
48	163	22	20
48	163	23	25
48	163	24	39
48	164	20	27
48	164	21	17
48	164	22	14
48	164	23	20
48	164	24	33
49	160	20	118
49	160	21	108
49	160	22	105
49	160	23	110
49	160	24	124
49	161	20	88
49	161	21	78
49	161	22	75
49	161	23	81
49	161	24	94
49	162	20	66
49	162	21	56
49	162	22	53
49	162	23	59
49	162	24	72
49	163	20	52
49	163	21	42
49	163	22	39
49	163	23	45
49	163	24	58
49	164	20	46
49	164	21	36
49	164	22	33
49	164	23	39
49	164	24	52
50	130	10	26
50	130	11	25
50	130	12	32
50	130	13	47
50	130	14	70
50	131	10	22
50	131	11	21
50	131	12	28
50	131	13	43
50	131	14	66
50	132	10	27
50	132	11	26
50	132	12	33
50	132	13	48
50	132	14	71
50	133	10	39
50	133	11	38
50	133	12	45
50	133	13	60
50	133	14	83
50	134	10	53
50	134	11	54
50	134	12	63
50	134	13	80
50	134	14	104
50	135	10	35
50	135	11	36
50	135	12	44
50	135	13	61
50	135	14	86
50	136	10	24
50	136	11	25
50	136	12	34
50	136	13	51
50	136	14	76
50	137	10	22
50	137	11	23
50	137	12	31
50	137	13	48
50	137	14	73
50	138	10	27
50	138	11	28
50	138	12	37
50	138	13	54
50	138	14	79
50	139	10	41
50	139	11	42
50	139	12	51
50	139	13	67
50	139	14	92
50	150	5	97
50	150	6	69
50	150	7	49
50	150	8	36
50	150	9	32
50	151	5	85
50	151	6	57
50	151	7	37
50	151	8	24
50	151	9	20
50	152	5	81
50	152	6	53
50	152	7	33
50	152	8	20
50	152	9	16
50	153	5	85
50	153	6	57
50	153	7	36
50	153	8	24
50	153	9	20
50	154	5	97
50	154	6	69
50	154	7	48
50	154	8	36
50	154	9	32
51	130	10	11
51	130	11	10
51	130	12	18
51	130	13	33
51	130	14	56
51	131	10	8
51	131	11	7
51	131	12	14
51	131	13	29
51	131	14	52
51	132	10	12
51	132	11	11
51	132	12	18
51	132	13	33
51	132	14	56
51	133	10	25
51	133	11	24
51	133	12	31
51	133	13	46
51	133	14	69
51	134	10	39
51	134	11	40
51	134	12	48
51	134	13	65
51	134	14	89
51	135	10	20
51	135	11	21
51	135	12	30
51	135	13	47
51	135	14	71
51	136	10	10
51	136	11	11
51	136	12	19
51	136	13	36
51	136	14	61
51	137	10	7
51	137	11	8
51	137	12	17
51	137	13	34
51	137	14	59
51	138	10	13
51	138	11	14
51	138	12	22
51	138	13	39
51	138	14	64
51	139	10	26
51	139	11	27
51	139	12	36
51	139	13	53
51	139	14	78
51	150	5	85
51	150	6	57
51	150	7	37
51	150	8	24
51	150	9	20
51	151	5	73
51	151	6	45
51	151	7	24
51	151	8	12
51	151	9	8
51	152	5	69
51	152	6	41
51	152	7	20
51	152	8	8
51	152	9	4
51	153	5	73
51	153	6	45
51	153	7	24
51	153	8	12
51	153	9	8
51	154	5	85
51	154	6	57
51	154	7	36
51	154	8	24
51	154	9	20
52	130	10	0
52	130	11	4
52	130	12	11
52	130	13	26
52	130	14	49
52	131	10	1
52	131	11	0
52	131	12	7
52	131	13	23
52	131	14	46
52	132	10	6
52	132	11	5
52	132	12	12
52	132	13	27
52	132	14	50
52	133	10	18
52	133	11	17
52	133	12	24
52	133	13	39
52	133	14	62
52	134	10	32
52	134	11	33
52	134	12	42
52	134	13	59
52	134	14	83
52	135	10	14
52	135	11	14
52	135	12	23
52	135	13	40
52	135	14	65
52	136	10	0
52	136	11	4
52	136	12	13
52	136	13	30
52	136	14	54
52	137	10	1
52	137	11	2
52	137	12	10
52	137	13	27
52	137	14	52
52	138	10	6
52	138	11	7
52	138	12	16
52	138	13	33
52	138	14	57
52	139	10	20
52	139	11	21
52	139	12	29
52	139	13	46
52	139	14	71
52	150	5	81
52	150	6	53
52	150	7	32
52	150	8	20
52	150	9	16
52	151	5	69
52	151	6	41
52	151	7	20
52	151	8	8
52	151	9	4
52	152	5	65
52	152	6	37
52	152	7	16
52	152	8	4
52	152	9	0
52	153	5	69
52	153	6	41
52	153	7	20
52	153	8	8
52	153	9	3
52	154	5	81
52	154	6	53
52	154	7	32
52	154	8	20
52	154	9	15
53	130	10	7
53	130	11	6
53	130	12	13
53	130	13	28
53	130	14	51
53	131	10	3
53	131	11	2
53	131	12	9
53	131	13	24
53	131	14	47
53	132	10	7
53	132	11	6
53	132	12	13
53	132	13	28
53	132	14	52
53	133	10	20
53	133	11	19
53	133	12	26
53	133	13	41
53	133	14	64
53	134	10	34
53	134	11	34
53	134	12	43
53	134	13	60
53	134	14	84
53	135	10	15
53	135	11	16
53	135	12	25
53	135	13	41
53	135	14	66
53	136	10	5
53	136	11	5
53	136	12	14
53	136	13	31
53	136	14	56
53	137	10	2
53	137	11	3
53	137	12	12
53	137	13	29
53	137	14	53
53	138	10	8
53	138	11	8
53	138	12	17
53	138	13	34
53	138	14	59
53	139	10	21
53	139	11	22
53	139	12	31
53	139	13	48
53	139	14	72
53	150	5	85
53	150	6	57
53	150	7	36
53	150	8	24
53	150	9	20
53	151	5	73
53	151	6	45
53	151	7	24
53	151	8	12
53	151	9	7
53	152	5	69
53	152	6	41
53	152	7	20
53	152	8	8
53	152	9	3
53	153	5	73
53	153	6	45
53	153	7	24
53	153	8	12
53	153	9	7
53	154	5	85
53	154	6	56
53	154	7	36
53	154	8	24
53	154	9	19
54	130	10	16
54	130	11	15
54	130	12	22
54	130	13	37
54	130	14	60
54	131	10	13
54	131	11	12
54	131	12	19
54	131	13	34
54	131	14	57
54	132	10	17
54	132	11	16
54	132	12	23
54	132	13	38
54	132	14	61
54	133	10	29
54	133	11	28
54	133	12	35
54	133	13	50
54	133	14	74
54	134	10	43
54	134	11	44
54	134	12	53
54	134	13	69
54	134	14	94
54	135	10	24
54	135	11	25
54	135	12	34
54	135	13	51
54	135	14	76
54	136	10	14
54	136	11	15
54	136	12	24
54	136	13	40
54	136	14	65
54	137	10	12
54	137	11	12
54	137	12	21
54	137	13	38
54	137	14	63
54	138	10	17
54	138	11	18
54	138	12	27
54	138	13	43
54	138	14	68
54	139	10	31
54	139	11	31
54	139	12	40
54	139	13	57
54	139	14	82
54	150	5	97
54	150	6	69
54	150	7	48
54	150	8	36
54	150	9	31
54	151	5	85
54	151	6	57
54	151	7	36
54	151	8	24
54	151	9	19
54	152	5	81
54	152	6	52
54	152	7	32
54	152	8	20
54	152	9	15
54	153	5	85
54	153	6	56
54	153	7	36
54	153	8	24
54	153	9	19
54	154	5	97
54	154	6	68
54	154	7	48
54	154	8	36
54	154	9	31
55	150	15	141
55	150	16	110
55	150	17	87
55	150	18	73
55	150	19	66
55	151	15	128
55	151	16	98
55	151	17	75
55	151	18	60
55	151	19	53
55	152	15	124
55	152	16	93
55	152	17	70
55	152	18	56
55	152	19	47
55	153	15	127
55	153	16	96
55	153	17	73
55	153	18	54
55	153	19	42
55	154	15	138
55	154	16	104
55	154	17	77
55	154	18	57
55	154	19	46
56	150	15	117
56	150	16	86
56	150	17	63
56	150	18	49
56	150	19	42
56	151	15	104
56	151	16	74
56	151	17	51
56	151	18	36
56	151	19	29
56	152	15	100
56	152	16	69
56	152	17	46
56	152	18	32
56	152	19	25
56	153	15	103
56	153	16	72
56	153	17	50
56	153	18	33
56	153	19	21
56	154	15	114
56	154	16	83
56	154	17	56
56	154	18	36
56	154	19	25
57	150	15	101
57	150	16	70
57	150	17	48
57	150	18	33
57	150	19	26
57	151	15	88
57	151	16	58
57	151	17	35
57	151	18	20
57	151	19	14
57	152	15	84
57	152	16	53
57	152	17	30
57	152	18	16
57	152	19	9
57	153	15	87
57	153	16	56
57	153	17	34
57	153	18	19
57	153	19	8
57	154	15	98
57	154	16	68
57	154	17	43
57	154	18	23
57	154	19	12
58	150	15	93
58	150	16	62
58	150	17	40
58	150	18	25
58	150	19	18
58	151	15	80
58	151	16	50
58	151	17	27
58	151	18	12
58	151	19	6
58	152	15	76
58	152	16	45
58	152	17	22
58	152	18	8
58	152	19	0
58	153	15	79
58	153	16	48
58	153	17	26
58	153	18	11
58	153	19	0
58	154	15	91
58	154	16	60
58	154	17	37
58	154	18	18
58	154	19	7
59	150	15	93
59	150	16	62
59	150	17	40
59	150	18	25
59	150	19	18
59	151	15	80
59	151	16	50
59	151	17	27
59	151	18	12
59	151	19	6
59	152	15	76
59	152	16	45
59	152	17	22
59	152	18	8
59	152	19	1
59	153	15	79
59	153	16	48
59	153	17	26
59	153	18	11
59	153	19	4
59	154	15	91
59	154	16	60
59	154	17	37
59	154	18	21
59	154	19	9
