#reforence point coordinates
96	5	99
#the number of meter size cube
52
#sacle
5
#cubeLen
50
#cubeWidth	cubeHeight	cubeDepth
100	5	100	
#XYX dis
170	185	195	140
170	185	196	109
170	185	197	86
170	185	198	71
170	185	199	64
170	186	195	133
170	186	196	102
170	186	197	79
170	186	198	64
170	186	199	57
170	187	195	127
170	187	196	96
170	187	197	72
170	187	198	56
170	187	199	49
170	188	195	126
170	188	196	95
170	188	197	71
170	188	198	55
170	188	199	48
170	189	195	133
170	189	196	102
170	189	197	78
170	189	198	62
170	189	199	55
171	185	195	114
171	185	196	83
171	185	197	60
171	185	198	45
171	185	199	38
171	186	195	107
171	186	196	76
171	186	197	53
171	186	198	38
171	186	199	31
171	187	195	104
171	187	196	72
171	187	197	49
171	187	198	33
171	187	199	25
171	188	195	103
171	188	196	71
171	188	197	48
171	188	198	32
171	188	199	24
171	189	195	110
171	189	196	78
171	189	197	55
171	189	198	39
171	189	199	31
172	185	195	95
172	185	196	65
172	185	197	42
172	185	198	27
172	185	199	20
172	186	195	88
172	186	196	58
172	186	197	35
172	186	198	20
172	186	199	13
172	187	195	89
172	187	196	57
172	187	197	33
172	187	198	18
172	187	199	10
172	188	195	88
172	188	196	56
172	188	197	32
172	188	198	17
172	188	199	9
172	189	195	95
172	189	196	63
172	189	197	39
172	189	198	24
172	189	199	16
173	185	195	85
173	185	196	54
173	185	197	32
173	185	198	17
173	185	199	10
173	186	195	78
173	186	196	47
173	186	197	25
173	186	198	10
173	186	199	0
173	187	195	79
173	187	196	48
173	187	197	26
173	187	198	10
173	187	199	0
173	188	195	80
173	188	196	49
173	188	197	25
173	188	198	9
173	188	199	2
173	189	195	87
173	189	196	56
173	189	197	32
173	189	198	16
173	189	199	9
174	185	195	83
174	185	196	52
174	185	197	29
174	185	198	15
174	185	199	8
174	186	195	76
174	186	196	45
174	186	197	22
174	186	198	8
174	186	199	1
174	187	195	77
174	187	196	46
174	187	197	23
174	187	198	9
174	187	199	2
174	188	195	81
174	188	196	49
174	188	197	26
174	188	198	10
174	188	199	2
174	189	195	88
174	189	196	56
174	189	197	33
174	189	198	17
174	189	199	9
180	185	200	0
180	185	201	7
180	185	202	19
180	185	203	39
180	185	204	66
180	186	200	0
180	186	201	3
180	186	202	15
180	186	203	35
180	186	204	63
180	187	200	4
180	187	201	7
180	187	202	19
180	187	203	39
180	187	204	67
180	188	200	16
180	188	201	19
180	188	202	31
180	188	203	51
180	188	204	79
180	189	200	36
180	189	201	39
180	189	202	51
180	189	203	71
180	189	204	99
181	185	200	6
181	185	201	10
181	185	202	22
181	185	203	41
181	185	204	69
181	186	200	2
181	186	201	6
181	186	202	18
181	186	203	37
181	186	204	65
181	187	200	6
181	187	201	10
181	187	202	22
181	187	203	42
181	187	204	69
181	188	200	18
181	188	201	22
181	188	202	34
181	188	203	54
181	188	204	81
181	189	200	38
181	189	201	42
181	189	202	54
181	189	203	74
181	189	204	101
182	185	200	17
182	185	201	21
182	185	202	32
182	185	203	52
182	185	204	80
182	186	200	13
182	186	201	17
182	186	202	28
182	186	203	48
182	186	204	76
182	187	200	17
182	187	201	21
182	187	202	32
182	187	203	52
182	187	204	80
182	188	200	29
182	188	201	33
182	188	202	45
182	188	203	64
182	188	204	92
182	189	200	49
182	189	201	53
182	189	202	65
182	189	203	84
182	189	204	112
183	185	200	36
183	185	201	36
183	185	202	43
183	185	203	58
183	185	204	81
183	186	200	32
183	186	201	34
183	186	202	41
183	186	203	57
183	186	204	80
183	187	200	36
183	187	201	39
183	187	202	48
183	187	203	63
183	187	204	86
183	188	200	48
183	188	201	51
183	188	202	62
183	188	203	77
183	188	204	100
183	189	200	68
183	189	201	72
183	189	202	83
183	189	203	99
183	189	204	122
184	185	200	18
184	185	201	17
184	185	202	24
184	185	203	39
184	185	204	62
184	186	200	16
184	186	201	15
184	186	202	22
184	186	203	37
184	186	204	60
184	187	200	22
184	187	201	21
184	187	202	28
184	187	203	43
184	187	204	66
184	188	200	36
184	188	201	36
184	188	202	43
184	188	203	58
184	188	204	81
184	189	200	59
184	189	201	58
184	189	202	65
184	189	203	80
184	189	204	103
185	180	200	88
185	180	201	91
185	180	202	101
185	180	203	120
185	180	204	146
185	181	200	56
185	181	201	59
185	181	202	69
185	181	203	88
185	181	204	114
185	182	200	33
185	182	201	35
185	182	202	46
185	182	203	64
185	182	204	91
185	183	200	17
185	183	201	20
185	183	202	30
185	183	203	48
185	183	204	75
185	184	200	9
185	184	201	12
185	184	202	22
185	184	203	37
185	184	204	60
185	185	200	0
185	185	201	6
185	185	202	13
185	185	203	28
185	185	204	51
185	186	200	5
185	186	201	4
185	186	202	11
185	186	203	26
185	186	204	49
185	187	200	11
185	187	201	10
185	187	202	17
185	187	203	32
185	187	204	55
185	188	200	25
185	188	201	24
185	188	202	31
185	188	203	46
185	188	204	69
185	189	200	47
185	189	201	46
185	189	202	53
185	189	203	69
185	189	204	92
186	180	200	80
186	180	201	83
186	180	202	93
186	180	203	112
186	180	204	138
186	181	200	49
186	181	201	51
186	181	202	62
186	181	203	80
186	181	204	107
186	182	200	25
186	182	201	27
186	182	202	38
186	182	203	56
186	182	204	83
186	183	200	9
186	183	201	12
186	183	202	22
186	183	203	41
186	183	204	67
186	184	200	0
186	184	201	4
186	184	202	14
186	184	203	33
186	184	204	57
186	185	200	2
186	185	201	2
186	185	202	9
186	185	203	24
186	185	204	47
186	186	200	1
186	186	201	0
186	186	202	7
186	186	203	23
186	186	204	46
186	187	200	8
186	187	201	7
186	187	202	14
186	187	203	29
186	187	204	52
186	188	200	22
186	188	201	21
186	188	202	28
186	188	203	43
186	188	204	66
186	189	200	44
186	189	201	43
186	189	202	50
186	189	203	65
186	189	204	88
187	180	200	81
187	180	201	83
187	180	202	93
187	180	203	112
187	180	204	138
187	181	200	49
187	181	201	51
187	181	202	62
187	181	203	80
187	181	204	107
187	182	200	25
187	182	201	28
187	182	202	38
187	182	203	57
187	182	204	83
187	183	200	9
187	183	201	12
187	183	202	22
187	183	203	41
187	183	204	67
187	184	200	2
187	184	201	4
187	184	202	15
187	184	203	33
187	184	204	60
187	185	200	2
187	185	201	4
187	185	202	14
187	185	203	29
187	185	204	52
187	186	200	6
187	186	201	5
187	186	202	12
187	186	203	27
187	186	204	50
187	187	200	12
187	187	201	11
187	187	202	18
187	187	203	33
187	187	204	56
187	188	200	26
187	188	201	26
187	188	202	33
187	188	203	48
187	188	204	71
187	189	200	49
187	189	201	48
187	189	202	55
187	189	203	70
187	189	204	93
188	180	200	89
188	180	201	91
188	180	202	102
188	180	203	120
188	180	204	147
188	181	200	57
188	181	201	59
188	181	202	70
188	181	203	88
188	181	204	115
188	182	200	33
188	182	201	36
188	182	202	46
188	182	203	65
188	182	204	91
188	183	200	17
188	183	201	20
188	183	202	30
188	183	203	49
188	183	204	75
188	184	200	10
188	184	201	12
188	184	202	23
188	184	203	41
188	184	204	68
188	185	200	10
188	185	201	12
188	185	202	23
188	185	203	41
188	185	204	65
188	186	200	18
188	186	201	18
188	186	202	25
188	186	203	40
188	186	204	63
188	187	200	25
188	187	201	24
188	187	202	31
188	187	203	46
188	187	204	69
188	188	200	39
188	188	201	38
188	188	202	45
188	188	203	60
188	188	204	83
188	189	200	61
188	189	201	60
188	189	202	67
188	189	203	83
188	189	204	106
189	180	200	105
189	180	201	107
189	180	202	118
189	180	203	136
189	180	204	163
189	181	200	73
189	181	201	76
189	181	202	86
189	181	203	105
189	181	204	131
189	182	200	49
189	182	201	52
189	182	202	62
189	182	203	81
189	182	204	107
189	183	200	34
189	183	201	36
189	183	202	47
189	183	203	65
189	183	204	92
189	184	200	26
189	184	201	28
189	184	202	39
189	184	203	57
189	184	204	84
189	185	200	26
189	185	201	29
189	185	202	39
189	185	203	58
189	185	204	84
189	186	200	34
189	186	201	37
189	186	202	45
189	186	203	61
189	186	204	84
189	187	200	46
189	187	201	45
189	187	202	52
189	187	203	67
189	187	204	90
189	188	200	60
189	188	201	59
189	188	202	66
189	188	203	81
189	188	204	104
189	189	200	82
189	189	201	81
189	189	202	88
189	189	203	103
189	189	204	126
190	160	200	19
190	160	201	15
190	160	202	19
190	160	203	31
190	160	204	52
190	161	200	21
190	161	201	17
190	161	202	21
190	161	203	33
190	161	204	54
190	162	200	31
190	162	201	27
190	162	202	31
190	162	203	44
190	162	204	64
190	163	200	49
190	163	201	45
190	163	202	50
190	163	203	62
190	163	204	82
190	164	200	75
190	164	201	71
190	164	202	76
190	164	203	88
190	164	204	108
190	210	180	106
190	210	181	104
190	210	182	102
190	210	183	108
190	210	184	122
190	211	180	97
190	211	181	96
190	211	182	94
190	211	183	100
190	211	184	114
190	212	180	95
190	212	181	96
190	212	182	95
190	212	183	101
190	212	184	115
190	213	180	102
190	213	181	103
190	213	182	103
190	213	183	109
190	213	184	123
190	214	180	117
190	214	181	118
190	214	182	119
190	214	183	125
190	214	184	139
191	160	200	0
191	160	201	3
191	160	202	8
191	160	203	20
191	160	204	40
191	161	200	9
191	161	201	5
191	161	202	10
191	161	203	22
191	161	204	42
191	162	200	19
191	162	201	16
191	162	202	20
191	162	203	32
191	162	204	52
191	163	200	38
191	163	201	34
191	163	202	38
191	163	203	50
191	163	204	70
191	164	200	64
191	164	201	60
191	164	202	64
191	164	203	76
191	164	204	96
191	210	180	71
191	210	181	69
191	210	182	67
191	210	183	73
191	210	184	87
191	211	180	62
191	211	181	62
191	211	182	60
191	211	183	65
191	211	184	79
191	212	180	60
191	212	181	61
191	212	182	60
191	212	183	66
191	212	184	80
191	213	180	67
191	213	181	68
191	213	182	68
191	213	183	74
191	213	184	88
191	214	180	82
191	214	181	83
191	214	182	85
191	214	183	91
191	214	184	104
192	160	200	4
192	160	201	0
192	160	202	4
192	160	203	16
192	160	204	36
192	161	200	6
192	161	201	2
192	161	202	6
192	161	203	18
192	161	204	38
192	162	200	16
192	162	201	12
192	162	202	16
192	162	203	28
192	162	204	49
192	163	200	34
192	163	201	30
192	163	202	34
192	163	203	46
192	163	204	67
192	164	200	60
192	164	201	56
192	164	202	60
192	164	203	73
192	164	204	93
192	210	180	44
192	210	181	43
192	210	182	40
192	210	183	46
192	210	184	60
192	211	180	35
192	211	181	35
192	211	182	33
192	211	183	39
192	211	184	53
192	212	180	33
192	212	181	34
192	212	182	33
192	212	183	39
192	212	184	53
192	213	180	40
192	213	181	41
192	213	182	42
192	213	183	47
192	213	184	61
192	214	180	55
192	214	181	56
192	214	182	58
192	214	183	64
192	214	184	78
193	160	200	8
193	160	201	4
193	160	202	8
193	160	203	20
193	160	204	41
193	161	200	10
193	161	201	6
193	161	202	10
193	161	203	23
193	161	204	43
193	162	200	20
193	162	201	16
193	162	202	21
193	162	203	33
193	162	204	53
193	163	200	38
193	163	201	34
193	163	202	39
193	163	203	51
193	163	204	71
193	164	200	64
193	164	201	61
193	164	202	65
193	164	203	77
193	164	204	97
193	210	180	25
193	210	181	24
193	210	182	22
193	210	183	28
193	210	184	42
193	211	180	16
193	211	181	16
193	211	182	14
193	211	183	20
193	211	184	34
193	212	180	14
193	212	181	15
193	212	182	14
193	212	183	20
193	212	184	34
193	213	180	21
193	213	181	22
193	213	182	23
193	213	183	29
193	213	184	43
193	214	180	36
193	214	181	37
193	214	182	39
193	214	183	45
193	214	184	59
194	160	200	20
194	160	201	16
194	160	202	21
194	160	203	33
194	160	204	53
194	161	200	22
194	161	201	19
194	161	202	23
194	161	203	35
194	161	204	55
194	162	200	33
194	162	201	29
194	162	202	33
194	162	203	45
194	162	204	65
194	163	200	51
194	163	201	47
194	163	202	51
194	163	203	63
194	163	204	83
194	164	200	77
194	164	201	73
194	164	202	77
194	164	203	89
194	164	204	110
194	210	180	14
194	210	181	13
194	210	182	11
194	210	183	17
194	210	184	31
194	211	180	0
194	211	181	0
194	211	182	3
194	211	183	9
194	211	184	23
194	212	180	3
194	212	181	5
194	212	182	4
194	212	183	10
194	212	184	24
194	213	180	10
194	213	181	11
194	213	182	12
194	213	183	18
194	213	184	32
194	214	180	25
194	214	181	26
194	214	182	28
194	214	183	34
194	214	184	48
200	140	240	60
200	140	241	50
200	140	242	47
200	140	243	53
200	140	244	66
200	141	240	59
200	141	241	49
200	141	242	46
200	141	243	52
200	141	244	66
200	142	240	66
200	142	241	56
200	142	242	53
200	142	243	59
200	142	244	73
200	143	240	81
200	143	241	71
200	143	242	69
200	143	243	74
200	143	244	88
200	144	240	104
200	144	241	94
200	144	242	92
200	144	243	97
200	144	244	111
200	145	185	138
200	145	186	115
200	145	187	100
200	145	188	92
200	145	189	93
200	146	185	112
200	146	186	88
200	146	187	73
200	146	188	66
200	146	189	66
200	147	185	93
200	147	186	70
200	147	187	54
200	147	188	47
200	147	189	48
200	148	185	83
200	148	186	59
200	148	187	44
200	148	188	37
200	148	189	37
200	149	185	80
200	149	186	57
200	149	187	41
200	149	188	34
200	149	189	35
200	150	175	174
200	150	176	142
200	150	177	117
200	150	178	101
200	150	179	92
200	150	180	92
200	150	181	83
200	150	182	81
200	150	183	80
200	150	184	75
200	150	185	68
200	150	186	62
200	150	187	47
200	150	188	39
200	150	189	40
200	151	175	151
200	151	176	119
200	151	177	94
200	151	178	78
200	151	179	69
200	151	180	69
200	151	181	61
200	151	182	59
200	151	183	59
200	151	184	55
200	151	185	48
200	151	186	49
200	151	187	58
200	151	188	53
200	151	189	53
200	152	175	136
200	152	176	104
200	152	177	79
200	152	178	63
200	152	179	54
200	152	180	54
200	152	181	47
200	152	182	45
200	152	183	46
200	152	184	43
200	152	185	36
200	152	186	37
200	152	187	46
200	152	188	64
200	152	189	75
200	153	175	129
200	153	176	97
200	153	177	72
200	153	178	56
200	153	179	47
200	153	180	47
200	153	181	41
200	153	182	39
200	153	183	41
200	153	184	39
200	153	185	32
200	153	186	33
200	153	187	42
200	153	188	60
200	153	189	85
200	154	175	130
200	154	176	98
200	154	177	73
200	154	178	57
200	154	179	48
200	154	180	48
200	154	181	43
200	154	182	41
200	154	183	44
200	154	184	43
200	154	185	36
200	154	186	37
200	154	187	46
200	154	188	64
200	154	189	89
200	155	165	153
200	155	166	150
200	155	167	156
200	155	168	169
200	155	169	191
200	155	200	110
200	155	201	104
200	155	202	107
200	155	203	117
200	155	204	135
200	156	165	121
200	156	166	119
200	156	167	125
200	156	168	138
200	156	169	160
200	156	200	79
200	156	201	74
200	156	202	76
200	156	203	86
200	156	204	104
200	157	165	98
200	157	166	96
200	157	167	101
200	157	168	115
200	157	169	136
200	157	200	57
200	157	201	51
200	157	202	53
200	157	203	63
200	157	204	81
200	158	165	83
200	158	166	80
200	158	167	86
200	158	168	100
200	158	169	121
200	158	200	42
200	158	201	36
200	158	202	38
200	158	203	48
200	158	204	66
200	159	165	75
200	159	166	73
200	159	167	79
200	159	168	92
200	159	169	110
200	159	200	35
200	159	201	29
200	159	202	31
200	159	203	41
200	159	204	59
200	160	170	82
200	160	171	81
200	160	172	88
200	160	173	88
200	160	174	68
200	160	175	57
200	160	176	53
200	160	177	58
200	160	178	70
200	160	179	60
200	160	180	51
200	160	181	43
200	160	182	42
200	160	183	45
200	160	184	42
200	160	185	33
200	160	186	32
200	160	187	37
200	160	188	29
200	160	189	30
200	160	190	26
200	160	191	27
200	160	192	21
200	160	193	23
200	160	194	20
200	160	195	23
200	160	196	27
200	160	197	29
200	160	198	37
200	160	199	38
200	161	170	71
200	161	171	70
200	161	172	77
200	161	173	79
200	161	174	60
200	161	175	48
200	161	176	45
200	161	177	49
200	161	178	61
200	161	179	51
200	161	180	46
200	161	181	37
200	161	182	37
200	161	183	37
200	161	184	37
200	161	185	29
200	161	186	28
200	161	187	35
200	161	188	27
200	161	189	28
200	161	190	23
200	161	191	26
200	161	192	23
200	161	193	25
200	161	194	21
200	161	195	25
200	161	196	29
200	161	197	32
200	161	198	41
200	161	199	43
200	162	170	67
200	162	171	66
200	162	172	74
200	162	173	79
200	162	174	59
200	162	175	48
200	162	176	44
200	162	177	49
200	162	178	60
200	162	179	50
200	162	180	47
200	162	181	40
200	162	182	39
200	162	183	36
200	162	184	38
200	162	185	29
200	162	186	29
200	162	187	36
200	162	188	34
200	162	189	32
200	162	190	27
200	162	191	29
200	162	192	33
200	162	193	34
200	162	194	31
200	162	195	34
200	162	196	40
200	162	197	42
200	162	198	53
200	162	199	56
200	163	170	72
200	163	171	71
200	163	172	78
200	163	173	86
200	163	174	67
200	163	175	55
200	163	176	52
200	163	177	56
200	163	178	67
200	163	179	57
200	163	180	54
200	163	181	51
200	163	182	48
200	163	183	43
200	163	184	46
200	163	185	38
200	163	186	37
200	163	187	45
200	163	188	48
200	163	189	41
200	163	190	34
200	163	191	35
200	163	192	32
200	163	193	37
200	163	194	49
200	163	195	52
200	163	196	59
200	163	197	61
200	163	198	71
200	163	199	77
200	164	170	85
200	164	171	84
200	164	172	91
200	164	173	101
200	164	174	82
200	164	175	70
200	164	176	67
200	164	177	65
200	164	178	59
200	164	179	61
200	164	180	69
200	164	181	55
200	164	182	42
200	164	183	36
200	164	184	39
200	164	185	42
200	164	186	36
200	164	187	37
200	164	188	36
200	164	189	29
200	164	190	22
200	164	191	23
200	164	192	22
200	164	193	26
200	164	194	39
200	164	195	59
200	164	196	85
200	164	197	87
200	164	198	98
200	164	199	105
200	165	175	88
200	165	176	66
200	165	177	52
200	165	178	47
200	165	179	49
200	165	180	59
200	165	181	46
200	165	182	33
200	165	183	27
200	165	184	30
200	165	185	35
200	165	186	29
200	165	187	31
200	165	188	30
200	165	189	25
200	165	190	18
200	165	191	19
200	165	192	19
200	165	193	23
200	165	194	36
200	166	175	84
200	166	176	62
200	166	177	48
200	166	178	43
200	166	179	45
200	166	180	55
200	166	181	45
200	166	182	32
200	166	183	26
200	166	184	29
200	166	185	36
200	166	186	30
200	166	187	32
200	166	188	33
200	166	189	29
200	166	190	22
200	166	191	23
200	166	192	24
200	166	193	28
200	166	194	41
200	167	175	87
200	167	176	66
200	167	177	52
200	167	178	46
200	167	179	49
200	167	180	59
200	167	181	52
200	167	182	39
200	167	183	33
200	167	184	36
200	167	185	46
200	167	186	40
200	167	187	41
200	167	188	43
200	167	189	41
200	167	190	34
200	167	191	35
200	167	192	37
200	167	193	41
200	167	194	54
200	168	175	99
200	168	176	78
200	168	177	64
200	168	178	58
200	168	179	61
200	168	180	71
200	168	181	67
200	168	182	54
200	168	183	49
200	168	184	51
200	168	185	62
200	168	186	57
200	168	187	59
200	168	188	62
200	168	189	60
200	168	190	54
200	168	191	55
200	168	192	58
200	168	193	62
200	168	194	75
200	169	175	119
200	169	176	97
200	169	177	84
200	169	178	78
200	169	179	80
200	169	180	91
200	169	181	90
200	169	182	77
200	169	183	72
200	169	184	74
200	169	185	85
200	169	186	82
200	169	187	84
200	169	188	88
200	169	189	88
200	169	190	81
200	169	191	82
200	169	192	87
200	169	193	91
200	169	194	86
200	170	195	50
200	170	196	43
200	170	197	44
200	170	198	53
200	170	199	43
200	170	200	29
200	170	201	22
200	170	202	24
200	170	203	33
200	170	204	50
200	171	195	36
200	171	196	29
200	171	197	30
200	171	198	39
200	171	199	33
200	171	200	27
200	171	201	21
200	171	202	22
200	171	203	31
200	171	204	49
200	172	195	31
200	172	196	24
200	172	197	25
200	172	198	34
200	172	199	30
200	172	200	25
200	172	201	27
200	172	202	28
200	172	203	38
200	172	204	55
200	173	195	33
200	173	196	26
200	173	197	28
200	173	198	37
200	173	199	36
200	173	200	30
200	173	201	33
200	173	202	43
200	173	203	52
200	173	204	70
200	174	195	44
200	174	196	37
200	174	197	38
200	174	198	47
200	174	199	50
200	174	200	44
200	174	201	46
200	174	202	56
200	174	203	75
200	174	204	92
200	180	185	135
200	180	186	129
200	180	187	120
200	180	188	119
200	180	189	112
200	180	190	106
200	180	191	101
200	180	192	102
200	180	193	90
200	180	194	86
200	180	195	90
200	180	196	95
200	180	197	91
200	180	198	87
200	180	199	80
200	180	200	77
200	180	201	72
200	180	202	74
200	180	203	85
200	180	204	103
200	181	185	99
200	181	186	94
200	181	187	85
200	181	188	84
200	181	189	79
200	181	190	75
200	181	191	69
200	181	192	72
200	181	193	60
200	181	194	56
200	181	195	60
200	181	196	69
200	181	197	65
200	181	198	64
200	181	199	56
200	181	200	55
200	181	201	50
200	181	202	52
200	181	203	62
200	181	204	81
200	182	185	71
200	182	186	66
200	182	187	58
200	182	188	57
200	182	189	55
200	182	190	51
200	182	191	45
200	182	192	48
200	182	193	39
200	182	194	35
200	182	195	39
200	182	196	51
200	182	197	48
200	182	198	48
200	182	199	40
200	182	200	41
200	182	201	35
200	182	202	38
200	182	203	48
200	182	204	67
200	183	185	51
200	183	186	46
200	183	187	39
200	183	188	38
200	183	189	38
200	183	190	34
200	183	191	30
200	183	192	32
200	183	193	25
200	183	194	21
200	183	195	25
200	183	196	37
200	183	197	38
200	183	198	40
200	183	199	33
200	183	200	33
200	183	201	29
200	183	202	31
200	183	203	42
200	183	204	60
200	184	185	39
200	184	186	34
200	184	187	29
200	184	188	28
200	184	189	29
200	184	190	26
200	184	191	22
200	184	192	24
200	184	193	20
200	184	194	16
200	184	195	20
200	184	196	31
200	184	197	36
200	184	198	40
200	184	199	33
200	184	200	33
200	184	201	30
200	184	202	33
200	184	203	43
200	184	204	62
200	185	170	73
200	185	171	76
200	185	172	87
200	185	173	106
200	185	174	123
200	185	175	93
200	185	176	71
200	185	177	57
200	185	178	51
200	185	179	53
200	185	180	43
200	185	181	42
200	185	182	48
200	185	183	62
200	185	184	48
200	186	170	64
200	186	171	67
200	186	172	78
200	186	173	96
200	186	174	120
200	186	175	90
200	186	176	68
200	186	177	54
200	186	178	48
200	186	179	50
200	186	180	43
200	186	181	41
200	186	182	48
200	186	183	62
200	186	184	52
200	187	170	63
200	187	171	66
200	187	172	76
200	187	173	95
200	187	174	122
200	187	175	96
200	187	176	74
200	187	177	60
200	187	178	54
200	187	179	56
200	187	180	51
200	187	181	49
200	187	182	55
200	187	183	70
200	187	184	64
200	188	170	70
200	188	171	72
200	188	172	83
200	188	173	102
200	188	174	129
200	188	175	109
200	188	176	87
200	188	177	73
200	188	178	67
200	188	179	69
200	188	180	66
200	188	181	65
200	188	182	71
200	188	183	85
200	188	184	84
200	189	170	84
200	189	171	87
200	189	172	98
200	189	173	117
200	189	174	143
200	189	175	131
200	189	176	109
200	189	177	95
200	189	178	89
200	189	179	91
200	189	180	90
200	189	181	88
200	189	182	95
200	189	183	109
200	189	184	112
200	190	190	142
200	190	191	143
200	190	192	138
200	190	193	132
200	190	194	126
200	190	195	117
200	190	196	103
200	190	197	98
200	190	198	96
200	190	199	86
200	191	190	117
200	191	191	110
200	191	192	106
200	191	193	100
200	191	194	96
200	191	195	87
200	191	196	75
200	191	197	69
200	191	198	69
200	191	199	60
200	192	190	91
200	192	191	84
200	192	192	83
200	192	193	77
200	192	194	75
200	192	195	66
200	192	196	54
200	192	197	48
200	192	198	51
200	192	199	41
200	193	190	74
200	193	191	67
200	193	192	67
200	193	193	61
200	193	194	61
200	193	195	52
200	193	196	41
200	193	197	36
200	193	198	38
200	193	199	31
200	194	190	65
200	194	191	58
200	194	192	59
200	194	193	54
200	194	194	56
200	194	195	47
200	194	196	37
200	194	197	31
200	194	198	34
200	194	199	29
201	140	240	37
201	140	241	26
201	140	242	24
201	140	243	30
201	140	244	43
201	141	240	36
201	141	241	26
201	141	242	23
201	141	243	29
201	141	244	42
201	142	240	43
201	142	241	33
201	142	242	30
201	142	243	36
201	142	244	49
201	143	240	58
201	143	241	48
201	143	242	45
201	143	243	51
201	143	244	65
201	144	240	81
201	144	241	71
201	144	242	68
201	144	243	74
201	144	244	88
201	145	185	119
201	145	186	96
201	145	187	81
201	145	188	73
201	145	189	74
201	146	185	93
201	146	186	69
201	146	187	54
201	146	188	47
201	146	189	47
201	147	185	74
201	147	186	51
201	147	187	35
201	147	188	28
201	147	189	29
201	148	185	63
201	148	186	40
201	148	187	25
201	148	188	17
201	148	189	18
201	149	185	61
201	149	186	37
201	149	187	22
201	149	188	15
201	149	189	15
201	150	175	151
201	150	176	119
201	150	177	94
201	150	178	78
201	150	179	69
201	150	180	69
201	150	181	62
201	150	182	60
201	150	183	59
201	150	184	57
201	150	185	50
201	150	186	43
201	150	187	27
201	150	188	20
201	150	189	21
201	151	175	128
201	151	176	96
201	151	177	71
201	151	178	55
201	151	179	46
201	151	180	46
201	151	181	40
201	151	182	38
201	151	183	38
201	151	184	37
201	151	185	30
201	151	186	31
201	151	187	40
201	151	188	33
201	151	189	34
201	152	175	113
201	152	176	81
201	152	177	56
201	152	178	40
201	152	179	31
201	152	180	31
201	152	181	26
201	152	182	24
201	152	183	25
201	152	184	25
201	152	185	18
201	152	186	19
201	152	187	28
201	152	188	45
201	152	189	55
201	153	175	106
201	153	176	74
201	153	177	49
201	153	178	33
201	153	179	24
201	153	180	24
201	153	181	20
201	153	182	18
201	153	183	20
201	153	184	21
201	153	185	14
201	153	186	15
201	153	187	24
201	153	188	41
201	153	189	66
201	154	175	107
201	154	176	75
201	154	177	50
201	154	178	34
201	154	179	25
201	154	180	25
201	154	181	22
201	154	182	20
201	154	183	23
201	154	184	24
201	154	185	18
201	154	186	19
201	154	187	28
201	154	188	45
201	154	189	70
201	155	165	122
201	155	166	120
201	155	167	126
201	155	168	139
201	155	169	161
201	155	200	93
201	155	201	87
201	155	202	89
201	155	203	99
201	155	204	117
201	156	165	91
201	156	166	89
201	156	167	94
201	156	168	108
201	156	169	130
201	156	200	62
201	156	201	56
201	156	202	58
201	156	203	68
201	156	204	86
201	157	165	68
201	157	166	66
201	157	167	71
201	157	168	85
201	157	169	106
201	157	200	39
201	157	201	33
201	157	202	35
201	157	203	45
201	157	204	63
201	158	165	53
201	158	166	50
201	158	167	56
201	158	168	69
201	158	169	91
201	158	200	24
201	158	201	18
201	158	202	20
201	158	203	30
201	158	204	48
201	159	165	45
201	159	166	43
201	159	167	49
201	159	168	62
201	159	169	82
201	159	200	16
201	159	201	11
201	159	202	13
201	159	203	23
201	159	204	41
201	160	170	53
201	160	171	53
201	160	172	60
201	160	173	65
201	160	174	46
201	160	175	34
201	160	176	31
201	160	177	35
201	160	178	47
201	160	179	36
201	160	180	31
201	160	181	23
201	160	182	22
201	160	183	25
201	160	184	25
201	160	185	15
201	160	186	14
201	160	187	20
201	160	188	12
201	160	189	13
201	160	190	10
201	160	191	11
201	160	192	7
201	160	193	9
201	160	194	6
201	160	195	9
201	160	196	10
201	160	197	12
201	160	198	17
201	160	199	19
201	161	170	42
201	161	171	41
201	161	172	48
201	161	173	57
201	161	174	37
201	161	175	26
201	161	176	22
201	161	177	27
201	161	178	38
201	161	179	27
201	161	180	25
201	161	181	17
201	161	182	17
201	161	183	17
201	161	184	20
201	161	185	12
201	161	186	11
201	161	187	18
201	161	188	11
201	161	189	11
201	161	190	8
201	161	191	10
201	161	192	9
201	161	193	10
201	161	194	8
201	161	195	11
201	161	196	13
201	161	197	15
201	161	198	21
201	161	199	24
201	162	170	39
201	162	171	38
201	162	172	45
201	162	173	56
201	162	174	37
201	162	175	25
201	162	176	22
201	162	177	26
201	162	178	37
201	162	179	26
201	162	180	24
201	162	181	20
201	162	182	19
201	162	183	16
201	162	184	20
201	162	185	12
201	162	186	12
201	162	187	19
201	162	188	17
201	162	189	16
201	162	190	11
201	162	191	14
201	162	192	18
201	162	193	20
201	162	194	17
201	162	195	20
201	162	196	23
201	162	197	25
201	162	198	33
201	162	199	36
201	163	170	43
201	163	171	43
201	163	172	50
201	163	173	64
201	163	174	44
201	163	175	33
201	163	176	29
201	163	177	34
201	163	178	44
201	163	179	33
201	163	180	31
201	163	181	30
201	163	182	28
201	163	183	23
201	163	184	27
201	163	185	21
201	163	186	21
201	163	187	28
201	163	188	31
201	163	189	28
201	163	190	21
201	163	191	22
201	163	192	19
201	163	193	24
201	163	194	35
201	163	195	38
201	163	196	42
201	163	197	44
201	163	198	53
201	163	199	56
201	164	170	56
201	164	171	55
201	164	172	62
201	164	173	77
201	164	174	59
201	164	175	48
201	164	176	44
201	164	177	42
201	164	178	37
201	164	179	39
201	164	180	46
201	164	181	39
201	164	182	25
201	164	183	20
201	164	184	22
201	164	185	24
201	164	186	18
201	164	187	20
201	164	188	18
201	164	189	16
201	164	190	9
201	164	191	10
201	164	192	8
201	164	193	13
201	164	194	25
201	164	195	46
201	164	196	68
201	164	197	71
201	164	198	81
201	164	199	84
201	165	175	65
201	165	176	44
201	165	177	30
201	165	178	25
201	165	179	27
201	165	180	37
201	165	181	30
201	165	182	16
201	165	183	11
201	165	184	13
201	165	185	18
201	165	186	11
201	165	187	13
201	165	188	12
201	165	189	12
201	165	190	5
201	165	191	6
201	165	192	5
201	165	193	10
201	165	194	22
201	166	175	61
201	166	176	40
201	166	177	26
201	166	178	20
201	166	179	23
201	166	180	33
201	166	181	29
201	166	182	15
201	166	183	10
201	166	184	12
201	166	185	19
201	166	186	13
201	166	187	15
201	166	188	15
201	166	189	16
201	166	190	9
201	166	191	10
201	166	192	10
201	166	193	15
201	166	194	27
201	167	175	65
201	167	176	44
201	167	177	30
201	167	178	24
201	167	179	27
201	167	180	37
201	167	181	36
201	167	182	22
201	167	183	17
201	167	184	20
201	167	185	28
201	167	186	22
201	167	187	24
201	167	188	25
201	167	189	28
201	167	190	21
201	167	191	22
201	167	192	23
201	167	193	28
201	167	194	40
201	168	175	77
201	168	176	55
201	168	177	42
201	168	178	36
201	168	179	38
201	168	180	49
201	168	181	51
201	168	182	37
201	168	183	32
201	168	184	35
201	168	185	45
201	168	186	39
201	168	187	41
201	168	188	44
201	168	189	48
201	168	190	41
201	168	191	42
201	168	192	44
201	168	193	49
201	168	194	61
201	169	175	97
201	169	176	75
201	169	177	62
201	169	178	56
201	169	179	58
201	169	180	69
201	169	181	74
201	169	182	61
201	169	183	55
201	169	184	58
201	169	185	68
201	169	186	65
201	169	187	67
201	169	188	70
201	169	189	76
201	169	190	69
201	169	191	70
201	169	192	73
201	169	193	78
201	169	194	70
201	170	195	34
201	170	196	27
201	170	197	28
201	170	198	36
201	170	199	27
201	170	200	15
201	170	201	8
201	170	202	10
201	170	203	19
201	170	204	36
201	171	195	21
201	171	196	14
201	171	197	15
201	171	198	24
201	171	199	17
201	171	200	11
201	171	201	7
201	171	202	8
201	171	203	17
201	171	204	35
201	172	195	15
201	172	196	8
201	172	197	9
201	172	198	19
201	172	199	15
201	172	200	9
201	172	201	11
201	172	202	14
201	172	203	24
201	172	204	41
201	173	195	18
201	173	196	11
201	173	197	12
201	173	198	21
201	173	199	20
201	173	200	14
201	173	201	17
201	173	202	27
201	173	203	38
201	173	204	56
201	174	195	28
201	174	196	22
201	174	197	23
201	174	198	32
201	174	199	34
201	174	200	28
201	174	201	30
201	174	202	40
201	174	203	59
201	174	204	78
201	180	185	116
201	180	186	112
201	180	187	104
201	180	188	103
201	180	189	96
201	180	190	92
201	180	191	86
201	180	192	89
201	180	193	78
201	180	194	74
201	180	195	78
201	180	196	74
201	180	197	71
201	180	198	69
201	180	199	61
201	180	200	60
201	180	201	54
201	180	202	57
201	180	203	67
201	180	204	86
201	181	185	81
201	181	186	76
201	181	187	69
201	181	188	68
201	181	189	63
201	181	190	60
201	181	191	55
201	181	192	57
201	181	193	48
201	181	194	44
201	181	195	48
201	181	196	49
201	181	197	45
201	181	198	45
201	181	199	38
201	181	200	38
201	181	201	32
201	181	202	34
201	181	203	45
201	181	204	63
201	182	185	53
201	182	186	48
201	182	187	42
201	182	188	41
201	182	189	39
201	182	190	35
201	182	191	31
201	182	192	33
201	182	193	27
201	182	194	23
201	182	195	27
201	182	196	31
201	182	197	28
201	182	198	29
201	182	199	22
201	182	200	22
201	182	201	18
201	182	202	20
201	182	203	31
201	182	204	49
201	183	185	33
201	183	186	28
201	183	187	23
201	183	188	22
201	183	189	22
201	183	190	18
201	183	191	15
201	183	192	18
201	183	193	13
201	183	194	9
201	183	195	13
201	183	196	21
201	183	197	18
201	183	198	22
201	183	199	14
201	183	200	15
201	183	201	11
201	183	202	14
201	183	203	24
201	183	204	43
201	184	185	21
201	184	186	16
201	184	187	13
201	184	188	12
201	184	189	13
201	184	190	10
201	184	191	7
201	184	192	10
201	184	193	8
201	184	194	4
201	184	195	8
201	184	196	19
201	184	197	16
201	184	198	21
201	184	199	14
201	184	200	15
201	184	201	13
201	184	202	15
201	184	203	26
201	184	204	44
201	185	170	46
201	185	171	48
201	185	172	59
201	185	173	78
201	185	174	99
201	185	175	69
201	185	176	47
201	185	177	33
201	185	178	27
201	185	179	29
201	185	180	22
201	185	181	20
201	185	182	27
201	185	183	41
201	185	184	30
201	186	170	36
201	186	171	39
201	186	172	50
201	186	173	69
201	186	174	95
201	186	175	67
201	186	176	45
201	186	177	30
201	186	178	24
201	186	179	26
201	186	180	21
201	186	181	20
201	186	182	26
201	186	183	41
201	186	184	34
201	187	170	35
201	187	171	38
201	187	172	49
201	187	173	67
201	187	174	94
201	187	175	72
201	187	176	50
201	187	177	36
201	187	178	30
201	187	179	32
201	187	180	29
201	187	181	28
201	187	182	34
201	187	183	48
201	187	184	46
201	188	170	42
201	188	171	45
201	188	172	55
201	188	173	74
201	188	174	101
201	188	175	86
201	188	176	64
201	188	177	49
201	188	178	43
201	188	179	45
201	188	180	45
201	188	181	43
201	188	182	50
201	188	183	64
201	188	184	66
201	189	170	57
201	189	171	60
201	189	172	70
201	189	173	89
201	189	174	116
201	189	175	107
201	189	176	85
201	189	177	71
201	189	178	65
201	189	179	67
201	189	180	68
201	189	181	67
201	189	182	73
201	189	183	88
201	189	184	94
201	190	190	124
201	190	191	117
201	190	192	113
201	190	193	107
201	190	194	102
201	190	195	94
201	190	196	85
201	190	197	79
201	190	198	79
201	190	199	69
201	191	190	91
201	191	191	84
201	191	192	81
201	191	193	75
201	191	194	73
201	191	195	64
201	191	196	56
201	191	197	51
201	191	198	52
201	191	199	43
201	192	190	65
201	192	191	59
201	192	192	58
201	192	193	52
201	192	194	52
201	192	195	43
201	192	196	36
201	192	197	30
201	192	198	32
201	192	199	25
201	193	190	48
201	193	191	41
201	193	192	42
201	193	193	36
201	193	194	38
201	193	195	29
201	193	196	23
201	193	197	17
201	193	198	20
201	193	199	14
201	194	190	39
201	194	191	32
201	194	192	33
201	194	193	29
201	194	194	31
201	194	195	24
201	194	196	18
201	194	197	13
201	194	198	15
201	194	199	12
202	140	240	22
202	140	241	11
202	140	242	9
202	140	243	15
202	140	244	28
202	141	240	21
202	141	241	10
202	141	242	8
202	141	243	14
202	141	244	27
202	142	240	28
202	142	241	18
202	142	242	15
202	142	243	21
202	142	244	34
202	143	240	43
202	143	241	33
202	143	242	30
202	143	243	36
202	143	244	49
202	144	240	66
202	144	241	56
202	144	242	53
202	144	243	59
202	144	244	73
202	145	185	108
202	145	186	85
202	145	187	69
202	145	188	62
202	145	189	63
202	146	185	81
202	146	186	58
202	146	187	43
202	146	188	35
202	146	189	36
202	147	185	63
202	147	186	39
202	147	187	24
202	147	188	17
202	147	189	17
202	148	185	52
202	148	186	29
202	148	187	13
202	148	188	0
202	148	189	7
202	149	185	50
202	149	186	26
202	149	187	11
202	149	188	4
202	149	189	4
202	150	175	136
202	150	176	103
202	150	177	79
202	150	178	62
202	150	179	54
202	150	180	54
202	150	181	49
202	150	182	47
202	150	183	45
202	150	184	46
202	150	185	39
202	150	186	32
202	150	187	16
202	150	188	9
202	150	189	10
202	151	175	113
202	151	176	80
202	151	177	56
202	151	178	39
202	151	179	31
202	151	180	31
202	151	181	27
202	151	182	25
202	151	183	24
202	151	184	25
202	151	185	19
202	151	186	20
202	151	187	29
202	151	188	22
202	151	189	23
202	152	175	98
202	152	176	65
202	152	177	41
202	152	178	24
202	152	179	16
202	152	180	16
202	152	181	13
202	152	182	11
202	152	183	11
202	152	184	12
202	152	185	7
202	152	186	8
202	152	187	17
202	152	188	34
202	152	189	44
202	153	175	91
202	153	176	58
202	153	177	34
202	153	178	17
202	153	179	9
202	153	180	9
202	153	181	7
202	153	182	5
202	153	183	6
202	153	184	7
202	153	185	0
202	153	186	4
202	153	187	13
202	153	188	30
202	153	189	55
202	154	175	92
202	154	176	59
202	154	177	35
202	154	178	18
202	154	179	10
202	154	180	10
202	154	181	9
202	154	182	7
202	154	183	9
202	154	184	10
202	154	185	7
202	154	186	8
202	154	187	17
202	154	188	34
202	154	189	59
202	155	165	100
202	155	166	98
202	155	167	104
202	155	168	117
202	155	169	139
202	155	200	84
202	155	201	78
202	155	202	80
202	155	203	90
202	155	204	108
202	156	165	69
202	156	166	67
202	156	167	72
202	156	168	86
202	156	169	108
202	156	200	53
202	156	201	47
202	156	202	49
202	156	203	59
202	156	204	77
202	157	165	46
202	157	166	43
202	157	167	49
202	157	168	63
202	157	169	84
202	157	200	30
202	157	201	24
202	157	202	26
202	157	203	36
202	157	204	54
202	158	165	31
202	158	166	28
202	158	167	34
202	158	168	47
202	158	169	69
202	158	200	15
202	158	201	9
202	158	202	11
202	158	203	21
202	158	204	39
202	159	165	23
202	159	166	21
202	159	167	26
202	159	168	40
202	159	169	61
202	159	200	0
202	159	201	0
202	159	202	4
202	159	203	14
202	159	204	32
202	160	170	33
202	160	171	32
202	160	172	39
202	160	173	51
202	160	174	31
202	160	175	20
202	160	176	16
202	160	177	21
202	160	178	31
202	160	179	21
202	160	180	18
202	160	181	11
202	160	182	10
202	160	183	13
202	160	184	15
202	160	185	0
202	160	186	5
202	160	187	11
202	160	188	0
202	160	189	4
202	160	190	0
202	160	191	3
202	160	192	0
202	160	193	2
202	160	194	0
202	160	195	3
202	160	196	0
202	160	197	4
202	160	198	4
202	160	199	7
202	161	170	22
202	161	171	21
202	161	172	28
202	161	173	42
202	161	174	23
202	161	175	11
202	161	176	8
202	161	177	12
202	161	178	22
202	161	179	12
202	161	180	9
202	161	181	5
202	161	182	5
202	161	183	0
202	161	184	8
202	161	185	0
202	161	186	2
202	161	187	9
202	161	188	2
202	161	189	3
202	161	190	0
202	161	191	3
202	161	192	2
202	161	193	4
202	161	194	2
202	161	195	5
202	161	196	4
202	161	197	6
202	161	198	8
202	161	199	11
202	162	170	18
202	162	171	17
202	162	172	24
202	162	173	39
202	162	174	22
202	162	175	11
202	162	176	7
202	162	177	12
202	162	178	21
202	162	179	11
202	162	180	8
202	162	181	8
202	162	182	7
202	162	183	4
202	162	184	8
202	162	185	4
202	162	186	3
202	162	187	11
202	162	188	8
202	162	189	9
202	162	190	4
202	162	191	7
202	162	192	12
202	162	193	14
202	162	194	11
202	162	195	14
202	162	196	14
202	162	197	17
202	162	198	20
202	162	199	23
202	163	170	23
202	163	171	22
202	163	172	29
202	163	173	44
202	163	174	30
202	163	175	18
202	163	176	15
202	163	177	19
202	163	178	28
202	163	179	18
202	163	180	15
202	163	181	18
202	163	182	16
202	163	183	12
202	163	184	15
202	163	185	12
202	163	186	12
202	163	187	19
202	163	188	21
202	163	189	20
202	163	190	15
202	163	191	17
202	163	192	14
202	163	193	18
202	163	194	29
202	163	195	32
202	163	196	33
202	163	197	35
202	163	198	40
202	163	199	43
202	164	170	36
202	164	171	35
202	164	172	42
202	164	173	57
202	164	174	45
202	164	175	33
202	164	176	30
202	164	177	28
202	164	178	22
202	164	179	25
202	164	180	30
202	164	181	30
202	164	182	17
202	164	183	11
202	164	184	14
202	164	185	15
202	164	186	9
202	164	187	10
202	164	188	8
202	164	189	11
202	164	190	4
202	164	191	0
202	164	192	3
202	164	193	7
202	164	194	20
202	164	195	40
202	164	196	59
202	164	197	62
202	164	198	68
202	164	199	71
202	165	175	51
202	165	176	30
202	165	177	16
202	165	178	10
202	165	179	13
202	165	180	23
202	165	181	21
202	165	182	8
202	165	183	0
202	165	184	5
202	165	185	8
202	165	186	0
202	165	187	0
202	165	188	2
202	165	189	7
202	165	190	0
202	165	191	1
202	165	192	0
202	165	193	4
202	165	194	17
202	166	175	47
202	166	176	25
202	166	177	12
202	166	178	6
202	166	179	9
202	166	180	19
202	166	181	20
202	166	182	7
202	166	183	1
202	166	184	4
202	166	185	10
202	166	186	3
202	166	187	5
202	166	188	5
202	166	189	10
202	166	190	4
202	166	191	5
202	166	192	5
202	166	193	9
202	166	194	22
202	167	175	51
202	167	176	29
202	167	177	16
202	167	178	10
202	167	179	12
202	167	180	23
202	167	181	27
202	167	182	14
202	167	183	9
202	167	184	11
202	167	185	19
202	167	186	13
202	167	187	14
202	167	188	15
202	167	189	21
202	167	190	16
202	167	191	17
202	167	192	18
202	167	193	22
202	167	194	35
202	168	175	63
202	168	176	41
202	168	177	28
202	168	178	22
202	168	179	24
202	168	180	35
202	168	181	42
202	168	182	29
202	168	183	24
202	168	184	26
202	168	185	36
202	168	186	30
202	168	187	32
202	168	188	34
202	168	189	39
202	168	190	36
202	168	191	37
202	168	192	39
202	168	193	43
202	168	194	56
202	169	175	83
202	169	176	61
202	169	177	47
202	169	178	42
202	169	179	44
202	169	180	54
202	169	181	65
202	169	182	52
202	169	183	47
202	169	184	49
202	169	185	60
202	169	186	55
202	169	187	57
202	169	188	60
202	169	189	66
202	169	190	64
202	169	191	65
202	169	192	68
202	169	193	73
202	169	194	63
202	170	195	27
202	170	196	20
202	170	197	21
202	170	198	24
202	170	199	17
202	170	200	9
202	170	201	0
202	170	202	4
202	170	203	13
202	170	204	30
202	171	195	13
202	171	196	6
202	171	197	7
202	171	198	13
202	171	199	7
202	171	200	0
202	171	201	1
202	171	202	2
202	171	203	11
202	171	204	29
202	172	195	8
202	172	196	0
202	172	197	2
202	172	198	11
202	172	199	4
202	172	200	1
202	172	201	3
202	172	202	8
202	172	203	18
202	172	204	35
202	173	195	10
202	173	196	3
202	173	197	5
202	173	198	14
202	173	199	9
202	173	200	6
202	173	201	9
202	173	202	19
202	173	203	32
202	173	204	50
202	174	195	21
202	174	196	14
202	174	197	15
202	174	198	24
202	174	199	23
202	174	200	20
202	174	201	22
202	174	202	32
202	174	203	51
202	174	204	72
202	180	185	106
202	180	186	101
202	180	187	96
202	180	188	95
202	180	189	88
202	180	190	85
202	180	191	80
202	180	192	82
202	180	193	74
202	180	194	70
202	180	195	74
202	180	196	62
202	180	197	59
202	180	198	59
202	180	199	51
202	180	200	50
202	180	201	45
202	180	202	47
202	180	203	58
202	180	204	76
202	181	185	70
202	181	186	65
202	181	187	61
202	181	188	60
202	181	189	55
202	181	190	52
202	181	191	48
202	181	192	51
202	181	193	44
202	181	194	40
202	181	195	44
202	181	196	37
202	181	197	33
202	181	198	35
202	181	199	27
202	181	200	28
202	181	201	23
202	181	202	25
202	181	203	35
202	181	204	54
202	182	185	42
202	182	186	38
202	182	187	34
202	182	188	33
202	182	189	31
202	182	190	27
202	182	191	24
202	182	192	27
202	182	193	23
202	182	194	19
202	182	195	23
202	182	196	19
202	182	197	15
202	182	198	19
202	182	199	12
202	182	200	12
202	182	201	8
202	182	202	11
202	182	203	21
202	182	204	40
202	183	185	23
202	183	186	18
202	183	187	16
202	183	188	15
202	183	189	14
202	183	190	11
202	183	191	9
202	183	192	11
202	183	193	9
202	183	194	5
202	183	195	9
202	183	196	9
202	183	197	6
202	183	198	10
202	183	199	0
202	183	200	4
202	183	201	0
202	183	202	4
202	183	203	15
202	183	204	33
202	184	185	11
202	184	186	0
202	184	187	0
202	184	188	4
202	184	189	0
202	184	190	2
202	184	191	0
202	184	192	3
202	184	193	4
202	184	194	0
202	184	195	4
202	184	196	7
202	184	197	4
202	184	198	9
202	184	199	4
202	184	200	4
202	184	201	4
202	184	202	6
202	184	203	16
202	184	204	35
202	185	170	26
202	185	171	29
202	185	172	39
202	185	173	58
202	185	174	83
202	185	175	53
202	185	176	31
202	185	177	17
202	185	178	11
202	185	179	13
202	185	180	8
202	185	181	7
202	185	182	13
202	185	183	27
202	185	184	20
202	186	170	17
202	186	171	19
202	186	172	30
202	186	173	49
202	186	174	76
202	186	175	51
202	186	176	29
202	186	177	15
202	186	178	9
202	186	179	11
202	186	180	8
202	186	181	6
202	186	182	13
202	186	183	27
202	186	184	24
202	187	170	15
202	187	171	18
202	187	172	29
202	187	173	48
202	187	174	75
202	187	175	56
202	187	176	34
202	187	177	20
202	187	178	14
202	187	179	16
202	187	180	16
202	187	181	14
202	187	182	20
202	187	183	35
202	187	184	36
202	188	170	22
202	188	171	25
202	188	172	36
202	188	173	55
202	188	174	81
202	188	175	70
202	188	176	48
202	188	177	34
202	188	178	28
202	188	179	30
202	188	180	31
202	188	181	30
202	188	182	36
202	188	183	50
202	188	184	56
202	189	170	37
202	189	171	40
202	189	172	51
202	189	173	69
202	189	174	96
202	189	175	91
202	189	176	69
202	189	177	55
202	189	178	49
202	189	179	51
202	189	180	55
202	189	181	53
202	189	182	60
202	189	183	74
202	189	184	84
202	190	190	106
202	190	191	99
202	190	192	95
202	190	193	89
202	190	194	87
202	190	195	79
202	190	196	74
202	190	197	69
202	190	198	70
202	190	199	60
202	191	190	73
202	191	191	66
202	191	192	64
202	191	193	58
202	191	194	58
202	191	195	49
202	191	196	46
202	191	197	40
202	191	198	43
202	191	199	34
202	192	190	48
202	192	191	41
202	192	192	40
202	192	193	34
202	192	194	36
202	192	195	28
202	192	196	25
202	192	197	19
202	192	198	22
202	192	199	16
202	193	190	30
202	193	191	23
202	193	192	24
202	193	193	19
202	193	194	21
202	193	195	14
202	193	196	12
202	193	197	7
202	193	198	9
202	193	199	0
202	194	190	21
202	194	191	14
202	194	192	15
202	194	193	11
202	194	194	13
202	194	195	9
202	194	196	8
202	194	197	0
202	194	198	5
202	194	199	3
203	140	240	15
203	140	241	0
203	140	242	2
203	140	243	7
203	140	244	21
203	141	240	14
203	141	241	3
203	141	242	1
203	141	243	6
203	141	244	20
203	142	240	21
203	142	241	10
203	142	242	8
203	142	243	14
203	142	244	27
203	143	240	36
203	143	241	25
203	143	242	23
203	143	243	29
203	143	244	42
203	144	240	59
203	144	241	49
203	144	242	46
203	144	243	52
203	144	244	65
203	145	185	105
203	145	186	82
203	145	187	66
203	145	188	59
203	145	189	60
203	146	185	78
203	146	186	55
203	146	187	40
203	146	188	32
203	146	189	33
203	147	185	60
203	147	186	36
203	147	187	21
203	147	188	14
203	147	189	14
203	148	185	49
203	148	186	26
203	148	187	10
203	148	188	3
203	148	189	4
203	149	185	46
203	149	186	23
203	149	187	8
203	149	188	0
203	149	189	1
203	150	175	129
203	150	176	96
203	150	177	72
203	150	178	55
203	150	179	47
203	150	180	46
203	150	181	44
203	150	182	42
203	150	183	39
203	150	184	40
203	150	185	36
203	150	186	28
203	150	187	13
203	150	188	6
203	150	189	6
203	151	175	106
203	151	176	73
203	151	177	49
203	151	178	32
203	151	179	24
203	151	180	23
203	151	181	22
203	151	182	20
203	151	183	18
203	151	184	19
203	151	185	16
203	151	186	17
203	151	187	26
203	151	188	19
203	151	189	20
203	152	175	91
203	152	176	58
203	152	177	34
203	152	178	17
203	152	179	9
203	152	180	8
203	152	181	8
203	152	182	6
203	152	183	5
203	152	184	7
203	152	185	4
203	152	186	5
203	152	187	14
203	152	188	31
203	152	189	41
203	153	175	84
203	153	176	51
203	153	177	27
203	153	178	10
203	153	179	0
203	153	180	1
203	153	181	0
203	153	182	0
203	153	183	0
203	153	184	2
203	153	185	0
203	153	186	1
203	153	187	10
203	153	188	27
203	153	189	52
203	154	175	85
203	154	176	52
203	154	177	28
203	154	178	11
203	154	179	3
203	154	180	2
203	154	181	4
203	154	182	2
203	154	183	3
203	154	184	5
203	154	185	4
203	154	186	5
203	154	187	14
203	154	188	31
203	154	189	56
203	155	165	86
203	155	166	84
203	155	167	89
203	155	168	103
203	155	169	125
203	155	200	83
203	155	201	77
203	155	202	79
203	155	203	89
203	155	204	107
203	156	165	55
203	156	166	53
203	156	167	58
203	156	168	72
203	156	169	93
203	156	200	52
203	156	201	46
203	156	202	48
203	156	203	58
203	156	204	76
203	157	165	32
203	157	166	29
203	157	167	35
203	157	168	49
203	157	169	70
203	157	200	29
203	157	201	23
203	157	202	25
203	157	203	35
203	157	204	53
203	158	165	16
203	158	166	14
203	158	167	20
203	158	168	33
203	158	169	55
203	158	200	14
203	158	201	8
203	158	202	10
203	158	203	20
203	158	204	38
203	159	165	9
203	159	166	7
203	159	167	12
203	159	168	26
203	159	169	48
203	159	200	3
203	159	201	1
203	159	202	3
203	159	203	13
203	159	204	31
203	160	170	20
203	160	171	19
203	160	172	26
203	160	173	42
203	160	174	25
203	160	175	13
203	160	176	10
203	160	177	14
203	160	178	24
203	160	179	13
203	160	180	11
203	160	181	6
203	160	182	6
203	160	183	10
203	160	184	13
203	160	185	5
203	160	186	4
203	160	187	10
203	160	188	3
203	160	189	3
203	160	190	3
203	160	191	3
203	160	192	2
203	160	193	4
203	160	194	2
203	160	195	5
203	160	196	0
203	160	197	3
203	160	198	0
203	160	199	3
203	161	170	9
203	161	171	8
203	161	172	15
203	161	173	30
203	161	174	16
203	161	175	0
203	161	176	1
203	161	177	6
203	161	178	15
203	161	179	0
203	161	180	2
203	161	181	0
203	161	182	0
203	161	183	1
203	161	184	4
203	161	185	2
203	161	186	1
203	161	187	7
203	161	188	1
203	161	189	2
203	161	190	1
203	161	191	3
203	161	192	4
203	161	193	6
203	161	194	4
203	161	195	7
203	161	196	3
203	161	197	5
203	161	198	4
203	161	199	7
203	162	170	6
203	162	171	5
203	162	172	12
203	162	173	27
203	162	174	16
203	162	175	4
203	162	176	1
203	162	177	5
203	162	178	14
203	162	179	3
203	162	180	1
203	162	181	4
203	162	182	3
203	162	183	0
203	162	184	4
203	162	185	3
203	162	186	2
203	162	187	10
203	162	188	8
203	162	189	8
203	162	190	4
203	162	191	7
203	162	192	14
203	162	193	15
203	162	194	14
203	162	195	17
203	162	196	14
203	162	197	16
203	162	198	16
203	162	199	19
203	163	170	10
203	163	171	9
203	163	172	16
203	163	173	32
203	163	174	23
203	163	175	12
203	163	176	8
203	163	177	13
203	163	178	21
203	163	179	10
203	163	180	8
203	163	181	13
203	163	182	12
203	163	183	8
203	163	184	11
203	163	185	11
203	163	186	11
203	163	187	18
203	163	188	19
203	163	189	21
203	163	190	16
203	163	191	19
203	163	192	16
203	163	193	21
203	163	194	31
203	163	195	34
203	163	196	32
203	163	197	34
203	163	198	36
203	163	199	39
203	164	170	23
203	164	171	22
203	164	172	29
203	164	173	44
203	164	174	38
203	164	175	27
203	164	176	23
203	164	177	22
203	164	178	16
203	164	179	19
203	164	180	23
203	164	181	28
203	164	182	16
203	164	183	11
203	164	184	13
203	164	185	14
203	164	186	7
203	164	187	8
203	164	188	6
203	164	189	11
203	164	190	7
203	164	191	8
203	164	192	5
203	164	193	10
203	164	194	22
203	164	195	43
203	164	196	59
203	164	197	61
203	164	198	64
203	164	199	67
203	165	175	45
203	165	176	23
203	165	177	10
203	165	178	4
203	165	179	6
203	165	180	17
203	165	181	21
203	165	182	7
203	165	183	2
203	165	184	4
203	165	185	7
203	165	186	1
203	165	187	2
203	165	188	0
203	165	189	6
203	165	190	3
203	165	191	4
203	165	192	2
203	165	193	7
203	165	194	19
203	166	175	41
203	166	176	19
203	166	177	6
203	166	178	0
203	166	179	2
203	166	180	13
203	166	181	20
203	166	182	6
203	166	183	1
203	166	184	4
203	166	185	8
203	166	186	2
203	166	187	4
203	166	188	2
203	166	189	8
203	166	190	7
203	166	191	8
203	166	192	7
203	166	193	12
203	166	194	24
203	167	175	45
203	167	176	23
203	167	177	9
203	167	178	4
203	167	179	6
203	167	180	17
203	167	181	27
203	167	182	13
203	167	183	8
203	167	184	11
203	167	185	18
203	167	186	11
203	167	187	13
203	167	188	13
203	167	189	18
203	167	190	19
203	167	191	20
203	167	192	20
203	167	193	25
203	167	194	37
203	168	175	57
203	168	176	35
203	168	177	21
203	168	178	16
203	168	179	18
203	168	180	28
203	168	181	42
203	168	182	29
203	168	183	23
203	168	184	26
203	168	185	35
203	168	186	29
203	168	187	30
203	168	188	31
203	168	189	37
203	168	190	39
203	168	191	40
203	168	192	41
203	168	193	46
203	168	194	58
203	169	175	76
203	169	176	55
203	169	177	41
203	169	178	36
203	169	179	38
203	169	180	48
203	169	181	65
203	169	182	52
203	169	183	46
203	169	184	49
203	169	185	59
203	169	186	54
203	169	187	56
203	169	188	58
203	169	189	63
203	169	190	67
203	169	191	68
203	169	192	71
203	169	193	75
203	169	194	63
203	170	195	27
203	170	196	20
203	170	197	21
203	170	198	20
203	170	199	13
203	170	200	11
203	170	201	4
203	170	202	6
203	170	203	15
203	170	204	32
203	171	195	14
203	171	196	7
203	171	197	8
203	171	198	9
203	171	199	0
203	171	200	3
203	171	201	3
203	171	202	4
203	171	203	13
203	171	204	31
203	172	195	8
203	172	196	1
203	172	197	3
203	172	198	7
203	172	199	0
203	172	200	1
203	172	201	3
203	172	202	10
203	172	203	20
203	172	204	37
203	173	195	11
203	173	196	4
203	173	197	5
203	173	198	12
203	173	199	5
203	173	200	6
203	173	201	9
203	173	202	19
203	173	203	34
203	173	204	52
203	174	195	22
203	174	196	15
203	174	197	16
203	174	198	25
203	174	199	19
203	174	200	20
203	174	201	22
203	174	202	32
203	174	203	51
203	174	204	74
203	180	185	104
203	180	186	99
203	180	187	96
203	180	188	95
203	180	189	88
203	180	190	85
203	180	191	81
203	180	192	84
203	180	193	78
203	180	194	74
203	180	195	70
203	180	196	58
203	180	197	55
203	180	198	56
203	180	199	49
203	180	200	49
203	180	201	43
203	180	202	46
203	180	203	56
203	180	204	75
203	181	185	68
203	181	186	63
203	181	187	61
203	181	188	60
203	181	189	55
203	181	190	52
203	181	191	50
203	181	192	52
203	181	193	48
203	181	194	44
203	181	195	44
203	181	196	33
203	181	197	29
203	181	198	32
203	181	199	25
203	181	200	25
203	181	201	21
203	181	202	24
203	181	203	34
203	181	204	52
203	182	185	40
203	182	186	35
203	182	187	35
203	182	188	34
203	182	189	31
203	182	190	27
203	182	191	26
203	182	192	28
203	182	193	27
203	182	194	23
203	182	195	26
203	182	196	15
203	182	197	11
203	182	198	16
203	182	199	9
203	182	200	10
203	182	201	7
203	182	202	9
203	182	203	20
203	182	204	38
203	183	185	20
203	183	186	16
203	183	187	16
203	183	188	15
203	183	189	14
203	183	190	11
203	183	191	10
203	183	192	13
203	183	193	13
203	183	194	9
203	183	195	13
203	183	196	0
203	183	197	2
203	183	198	6
203	183	199	1
203	183	200	2
203	183	201	0
203	183	202	3
203	183	203	13
203	183	204	32
203	184	185	9
203	184	186	4
203	184	187	5
203	184	188	4
203	184	189	5
203	184	190	2
203	184	191	2
203	184	192	5
203	184	193	8
203	184	194	4
203	184	195	8
203	184	196	3
203	184	197	0
203	184	198	4
203	184	199	2
203	184	200	2
203	184	201	2
203	184	202	4
203	184	203	15
203	184	204	33
203	185	170	14
203	185	171	17
203	185	172	28
203	185	173	46
203	185	174	73
203	185	175	45
203	185	176	23
203	185	177	9
203	185	178	0
203	185	179	5
203	185	180	0
203	185	181	1
203	185	182	8
203	185	183	22
203	185	184	17
203	186	170	0
203	186	171	8
203	186	172	19
203	186	173	37
203	186	174	64
203	186	175	43
203	186	176	21
203	186	177	7
203	186	178	1
203	186	179	3
203	186	180	2
203	186	181	1
203	186	182	7
203	186	183	22
203	186	184	22
203	187	170	4
203	187	171	7
203	187	172	17
203	187	173	36
203	187	174	63
203	187	175	49
203	187	176	26
203	187	177	12
203	187	178	6
203	187	179	8
203	187	180	10
203	187	181	8
203	187	182	15
203	187	183	29
203	187	184	34
203	188	170	11
203	188	171	13
203	188	172	24
203	188	173	43
203	188	174	70
203	188	175	62
203	188	176	40
203	188	177	26
203	188	178	20
203	188	179	22
203	188	180	26
203	188	181	24
203	188	182	30
203	188	183	45
203	188	184	54
203	189	170	25
203	189	171	28
203	189	172	39
203	189	173	58
203	189	174	84
203	189	175	84
203	189	176	61
203	189	177	47
203	189	178	41
203	189	179	43
203	189	180	49
203	189	181	48
203	189	182	54
203	189	183	68
203	189	184	82
203	190	190	96
203	190	191	89
203	190	192	86
203	190	193	80
203	190	194	80
203	190	195	71
203	190	196	71
203	190	197	66
203	190	198	69
203	190	199	60
203	191	190	63
203	191	191	56
203	191	192	55
203	191	193	49
203	191	194	51
203	191	195	42
203	191	196	41
203	191	197	38
203	191	198	40
203	191	199	33
203	192	190	38
203	192	191	31
203	192	192	31
203	192	193	25
203	192	194	27
203	192	195	21
203	192	196	20
203	192	197	17
203	192	198	19
203	192	199	15
203	193	190	20
203	193	191	13
203	193	192	14
203	193	193	10
203	193	194	12
203	193	195	7
203	193	196	6
203	193	197	4
203	193	198	7
203	193	199	5
203	194	190	11
203	194	191	0
203	194	192	5
203	194	193	0
203	194	194	4
203	194	195	0
203	194	196	1
203	194	197	0
203	194	198	2
203	194	199	2
204	140	240	15
204	140	241	5
204	140	242	3
204	140	243	8
204	140	244	22
204	141	240	15
204	141	241	4
204	141	242	2
204	141	243	7
204	141	244	21
204	142	240	22
204	142	241	11
204	142	242	9
204	142	243	14
204	142	244	28
204	143	240	37
204	143	241	26
204	143	242	24
204	143	243	30
204	143	244	43
204	144	240	60
204	144	241	49
204	144	242	47
204	144	243	53
204	144	244	66
204	145	185	110
204	145	186	86
204	145	187	71
204	145	188	64
204	145	189	64
204	146	185	83
204	146	186	60
204	146	187	44
204	146	188	37
204	146	189	38
204	147	185	64
204	147	186	41
204	147	187	26
204	147	188	18
204	147	189	19
204	148	185	54
204	148	186	30
204	148	187	15
204	148	188	8
204	148	189	8
204	149	185	51
204	149	186	28
204	149	187	13
204	149	188	5
204	149	189	6
204	150	175	130
204	150	176	97
204	150	177	73
204	150	178	56
204	150	179	48
204	150	180	47
204	150	181	47
204	150	182	45
204	150	183	41
204	150	184	43
204	150	185	41
204	150	186	33
204	150	187	18
204	150	188	11
204	150	189	11
204	151	175	107
204	151	176	74
204	151	177	50
204	151	178	33
204	151	179	25
204	151	180	24
204	151	181	25
204	151	182	23
204	151	183	20
204	151	184	22
204	151	185	21
204	151	186	22
204	151	187	31
204	151	188	24
204	151	189	25
204	152	175	92
204	152	176	59
204	152	177	35
204	152	178	18
204	152	179	10
204	152	180	9
204	152	181	11
204	152	182	9
204	152	183	7
204	152	184	9
204	152	185	9
204	152	186	10
204	152	187	19
204	152	188	36
204	152	189	46
204	153	175	85
204	153	176	52
204	153	177	28
204	153	178	11
204	153	179	3
204	153	180	2
204	153	181	5
204	153	182	3
204	153	183	2
204	153	184	4
204	153	185	5
204	153	186	6
204	153	187	15
204	153	188	32
204	153	189	58
204	154	175	86
204	154	176	53
204	154	177	29
204	154	178	12
204	154	179	4
204	154	180	3
204	154	181	7
204	154	182	5
204	154	183	5
204	154	184	7
204	154	185	9
204	154	186	10
204	154	187	19
204	154	188	36
204	154	189	62
204	155	165	80
204	155	166	78
204	155	167	83
204	155	168	97
204	155	169	119
204	155	200	89
204	155	201	83
204	155	202	85
204	155	203	95
204	155	204	114
204	156	165	49
204	156	166	46
204	156	167	52
204	156	168	66
204	156	169	87
204	156	200	58
204	156	201	52
204	156	202	55
204	156	203	65
204	156	204	83
204	157	165	26
204	157	166	23
204	157	167	29
204	157	168	42
204	157	169	64
204	157	200	35
204	157	201	30
204	157	202	32
204	157	203	42
204	157	204	60
204	158	165	10
204	158	166	8
204	158	167	14
204	158	168	27
204	158	169	49
204	158	200	19
204	158	201	15
204	158	202	17
204	158	203	27
204	158	204	45
204	159	165	0
204	159	166	1
204	159	167	6
204	159	168	20
204	159	169	41
204	159	200	8
204	159	201	8
204	159	202	10
204	159	203	20
204	159	204	38
204	160	170	16
204	160	171	15
204	160	172	22
204	160	173	37
204	160	174	26
204	160	175	15
204	160	176	11
204	160	177	16
204	160	178	25
204	160	179	14
204	160	180	12
204	160	181	10
204	160	182	10
204	160	183	14
204	160	184	17
204	160	185	12
204	160	186	10
204	160	187	17
204	160	188	10
204	160	189	11
204	160	190	11
204	160	191	11
204	160	192	12
204	160	193	13
204	160	194	12
204	160	195	13
204	160	196	8
204	160	197	8
204	160	198	3
204	160	199	6
204	161	170	0
204	161	171	3
204	161	172	11
204	161	173	26
204	161	174	18
204	161	175	6
204	161	176	3
204	161	177	7
204	161	178	16
204	161	179	5
204	161	180	3
204	161	181	5
204	161	182	4
204	161	183	5
204	161	184	8
204	161	185	8
204	161	186	7
204	161	187	14
204	161	188	9
204	161	189	9
204	161	190	10
204	161	191	11
204	161	192	14
204	161	193	15
204	161	194	14
204	161	195	16
204	161	196	10
204	161	197	12
204	161	198	7
204	161	199	10
204	162	170	1
204	162	171	0
204	162	172	7
204	162	173	22
204	162	174	17
204	162	175	6
204	162	176	2
204	162	177	7
204	162	178	14
204	162	179	4
204	162	180	2
204	162	181	7
204	162	182	7
204	162	183	4
204	162	184	8
204	162	185	10
204	162	186	9
204	162	187	17
204	162	188	15
204	162	189	15
204	162	190	13
204	162	191	16
204	162	192	23
204	162	193	25
204	162	194	24
204	162	195	26
204	162	196	21
204	162	197	23
204	162	198	19
204	162	199	22
204	163	170	6
204	163	171	5
204	163	172	12
204	163	173	27
204	163	174	25
204	163	175	13
204	163	176	10
204	163	177	14
204	163	178	21
204	163	179	11
204	163	180	8
204	163	181	14
204	163	182	16
204	163	183	12
204	163	184	15
204	163	185	19
204	163	186	18
204	163	187	26
204	163	188	25
204	163	189	29
204	163	190	24
204	163	191	27
204	163	192	27
204	163	193	31
204	163	194	41
204	163	195	44
204	163	196	39
204	163	197	42
204	163	198	39
204	163	199	42
204	164	170	18
204	164	171	17
204	164	172	25
204	164	173	40
204	164	174	40
204	164	175	28
204	164	176	25
204	164	177	24
204	164	178	18
204	164	179	20
204	164	180	23
204	164	181	29
204	164	182	24
204	164	183	18
204	164	184	21
204	164	185	20
204	164	186	14
204	164	187	14
204	164	188	11
204	164	189	17
204	164	190	18
204	164	191	19
204	164	192	16
204	164	193	20
204	164	194	33
204	164	195	53
204	164	196	66
204	164	197	68
204	164	198	67
204	164	199	70
204	165	175	47
204	165	176	25
204	165	177	12
204	165	178	6
204	165	179	8
204	165	180	19
204	165	181	28
204	165	182	15
204	165	183	9
204	165	184	12
204	165	185	14
204	165	186	7
204	165	187	8
204	165	188	6
204	165	189	11
204	165	190	14
204	165	191	15
204	165	192	13
204	165	193	17
204	165	194	30
204	166	175	43
204	166	176	21
204	166	177	7
204	166	178	2
204	166	179	4
204	166	180	14
204	166	181	27
204	166	182	14
204	166	183	9
204	166	184	11
204	166	185	15
204	166	186	9
204	166	187	10
204	166	188	8
204	166	189	14
204	166	190	18
204	166	191	19
204	166	192	18
204	166	193	22
204	166	194	35
204	167	175	47
204	167	176	25
204	167	177	11
204	167	178	6
204	167	179	8
204	167	180	18
204	167	181	34
204	167	182	21
204	167	183	16
204	167	184	18
204	167	185	24
204	167	186	18
204	167	187	20
204	167	188	19
204	167	189	24
204	167	190	30
204	167	191	31
204	167	192	31
204	167	193	35
204	167	194	48
204	168	175	58
204	168	176	37
204	168	177	23
204	168	178	17
204	168	179	20
204	168	180	30
204	168	181	49
204	168	182	36
204	168	183	31
204	168	184	33
204	168	185	42
204	168	186	35
204	168	187	37
204	168	188	37
204	168	189	43
204	168	190	50
204	168	191	51
204	168	192	52
204	168	193	57
204	168	194	69
204	169	175	78
204	169	176	57
204	169	177	43
204	169	178	37
204	169	179	40
204	169	180	50
204	169	181	68
204	169	182	59
204	169	183	54
204	169	184	56
204	169	185	67
204	169	186	61
204	169	187	62
204	169	188	64
204	169	189	69
204	169	190	78
204	169	191	79
204	169	192	81
204	169	193	86
204	169	194	72
204	170	195	36
204	170	196	29
204	170	197	30
204	170	198	24
204	170	199	17
204	170	200	19
204	170	201	14
204	170	202	16
204	170	203	25
204	170	204	42
204	171	195	22
204	171	196	15
204	171	197	16
204	171	198	13
204	171	199	7
204	171	200	8
204	171	201	13
204	171	202	14
204	171	203	23
204	171	204	41
204	172	195	17
204	172	196	10
204	172	197	11
204	172	198	11
204	172	199	4
204	172	200	5
204	172	201	11
204	172	202	20
204	172	203	30
204	172	204	47
204	173	195	19
204	173	196	13
204	173	197	14
204	173	198	16
204	173	199	9
204	173	200	11
204	173	201	17
204	173	202	27
204	173	203	44
204	173	204	62
204	174	195	30
204	174	196	23
204	174	197	24
204	174	198	29
204	174	199	23
204	174	200	24
204	174	201	30
204	174	202	41
204	174	203	59
204	174	204	84
204	180	185	110
204	180	186	105
204	180	187	104
204	180	188	103
204	180	189	96
204	180	190	93
204	180	191	91
204	180	192	93
204	180	193	90
204	180	194	86
204	180	195	74
204	180	196	62
204	180	197	59
204	180	198	62
204	180	199	54
204	180	200	55
204	180	201	50
204	180	202	52
204	180	203	63
204	180	204	81
204	181	185	74
204	181	186	69
204	181	187	69
204	181	188	68
204	181	189	64
204	181	190	60
204	181	191	59
204	181	192	62
204	181	193	60
204	181	194	56
204	181	195	48
204	181	196	36
204	181	197	33
204	181	198	38
204	181	199	30
204	181	200	31
204	181	201	28
204	181	202	30
204	181	203	40
204	181	204	59
204	182	185	46
204	182	186	41
204	182	187	43
204	182	188	42
204	182	189	39
204	182	190	35
204	182	191	35
204	182	192	38
204	182	193	39
204	182	194	35
204	182	195	30
204	182	196	19
204	182	197	15
204	182	198	20
204	182	199	15
204	182	200	15
204	182	201	13
204	182	202	16
204	182	203	26
204	182	204	45
204	183	185	26
204	183	186	21
204	183	187	24
204	183	188	23
204	183	189	22
204	183	190	19
204	183	191	20
204	183	192	22
204	183	193	25
204	183	194	21
204	183	195	20
204	183	196	9
204	183	197	6
204	183	198	10
204	183	199	7
204	183	200	7
204	183	201	7
204	183	202	9
204	183	203	20
204	183	204	38
204	184	185	14
204	184	186	9
204	184	187	13
204	184	188	12
204	184	189	14
204	184	190	10
204	184	191	12
204	184	192	14
204	184	193	20
204	184	194	16
204	184	195	18
204	184	196	7
204	184	197	4
204	184	198	8
204	184	199	7
204	184	200	8
204	184	201	9
204	184	202	11
204	184	203	21
204	184	204	40
204	185	170	10
204	185	171	13
204	185	172	24
204	185	173	43
204	185	174	70
204	185	175	46
204	185	176	24
204	185	177	10
204	185	178	3
204	185	179	5
204	185	180	5
204	185	181	4
204	185	182	10
204	185	183	24
204	185	184	23
204	186	170	1
204	186	171	4
204	186	172	15
204	186	173	34
204	186	174	60
204	186	175	43
204	186	176	21
204	186	177	7
204	186	178	1
204	186	179	3
204	186	180	5
204	186	181	3
204	186	182	10
204	186	183	24
204	186	184	27
204	187	170	0
204	187	171	3
204	187	172	14
204	187	173	32
204	187	174	59
204	187	175	49
204	187	176	27
204	187	177	13
204	187	178	7
204	187	179	8
204	187	180	13
204	187	181	11
204	187	182	17
204	187	183	32
204	187	184	40
204	188	170	7
204	188	171	10
204	188	172	20
204	188	173	39
204	188	174	66
204	188	175	62
204	188	176	40
204	188	177	26
204	188	178	20
204	188	179	22
204	188	180	28
204	188	181	27
204	188	182	33
204	188	183	47
204	188	184	60
204	189	170	22
204	189	171	24
204	189	172	35
204	189	173	54
204	189	174	81
204	189	175	84
204	189	176	62
204	189	177	48
204	189	178	42
204	189	179	44
204	189	180	52
204	189	181	50
204	189	182	57
204	189	183	71
204	189	184	88
204	190	190	94
204	190	191	87
204	190	192	85
204	190	193	79
204	190	194	81
204	190	195	72
204	190	196	72
204	190	197	72
204	190	198	74
204	190	199	67
204	191	190	61
204	191	191	54
204	191	192	54
204	191	193	47
204	191	194	49
204	191	195	43
204	191	196	42
204	191	197	43
204	191	198	46
204	191	199	40
204	192	190	36
204	192	191	29
204	192	192	30
204	192	193	24
204	192	194	26
204	192	195	21
204	192	196	21
204	192	197	23
204	192	198	25
204	192	199	22
204	193	190	18
204	193	191	11
204	193	192	12
204	193	193	8
204	193	194	10
204	193	195	8
204	193	196	7
204	193	197	10
204	193	198	12
204	193	199	12
204	194	190	9
204	194	191	2
204	194	192	3
204	194	193	1
204	194	194	3
204	194	195	3
204	194	196	2
204	194	197	5
204	194	198	8
204	194	199	9
205	190	165	44
205	190	166	33
205	190	167	30
205	190	168	26
205	190	169	24
205	191	165	27
205	191	166	15
205	191	167	12
205	191	168	10
205	191	169	9
205	192	165	17
205	192	166	0
205	192	167	2
205	192	168	0
205	192	169	0
205	193	165	15
205	193	166	4
205	193	167	1
205	193	168	1
205	193	169	3
205	194	165	22
205	194	166	10
205	194	167	7
205	194	168	8
205	194	169	10
206	190	165	45
206	190	166	33
206	190	167	30
206	190	168	29
206	190	169	28
206	191	165	27
206	191	166	16
206	191	167	12
206	191	168	12
206	191	169	13
206	192	165	18
206	192	166	6
206	192	167	3
206	192	168	4
206	192	169	6
206	193	165	16
206	193	166	4
206	193	167	1
206	193	168	3
206	193	169	5
206	194	165	22
206	194	166	11
206	194	167	7
206	194	168	11
206	194	169	13
207	190	165	53
207	190	166	42
207	190	167	38
207	190	168	39
207	190	169	40
207	191	165	36
207	191	166	24
207	191	167	21
207	191	168	23
207	191	169	25
207	192	165	26
207	192	166	15
207	192	167	11
207	192	168	14
207	192	169	16
207	193	165	24
207	193	166	13
207	193	167	9
207	193	168	14
207	193	169	16
207	194	165	31
207	194	166	19
207	194	167	16
207	194	168	20
207	194	169	23
208	190	165	70
208	190	166	58
208	190	167	55
208	190	168	58
208	190	169	60
208	191	165	52
208	191	166	41
208	191	167	37
208	191	168	41
208	191	169	43
208	192	165	42
208	192	166	31
208	192	167	28
208	192	168	32
208	192	169	35
208	193	165	41
208	193	166	29
208	193	167	26
208	193	168	31
208	193	169	34
208	194	165	47
208	194	166	36
208	194	167	32
208	194	168	37
208	194	169	42
209	190	165	94
209	190	166	83
209	190	167	79
209	190	168	84
209	190	169	86
209	191	165	76
209	191	166	65
209	191	167	62
209	191	168	66
209	191	169	70
209	192	165	67
209	192	166	55
209	192	167	52
209	192	168	57
209	192	169	61
209	193	165	65
209	193	166	54
209	193	167	50
209	193	168	55
209	193	169	61
209	194	165	71
209	194	166	60
209	194	167	57
209	194	168	61
209	194	169	68
210	120	215	130
210	120	216	126
210	120	217	131
210	120	218	114
210	120	219	102
210	120	220	98
210	120	221	102
210	120	222	109
210	120	223	98
210	120	224	96
210	121	215	94
210	121	216	91
210	121	217	95
210	121	218	79
210	121	219	67
210	121	220	63
210	121	221	67
210	121	222	74
210	121	223	64
210	121	224	62
210	122	215	66
210	122	216	63
210	122	217	67
210	122	218	52
210	122	219	40
210	122	220	36
210	122	221	40
210	122	222	48
210	122	223	37
210	122	224	35
210	123	215	47
210	123	216	43
210	123	217	47
210	123	218	33
210	123	219	21
210	123	220	17
210	123	221	21
210	123	222	29
210	123	223	19
210	123	224	16
210	124	215	35
210	124	216	31
210	124	217	36
210	124	218	22
210	124	219	0
210	124	220	6
210	124	221	10
210	124	222	18
210	124	223	0
210	124	224	6
210	125	225	9
210	125	226	23
210	125	227	21
210	125	228	7
210	125	229	0
210	126	225	14
210	126	226	28
210	126	227	20
210	126	228	6
210	126	229	1
210	127	225	28
210	127	226	42
210	127	227	27
210	127	228	14
210	127	229	8
210	128	225	49
210	128	226	63
210	128	227	42
210	128	228	29
210	128	229	24
210	129	225	79
210	129	226	87
210	129	227	65
210	129	228	52
210	129	229	47
210	140	235	172
210	140	236	142
210	140	237	120
210	140	238	106
210	140	239	100
210	141	235	143
210	141	236	113
210	141	237	91
210	141	238	77
210	141	239	71
210	142	235	122
210	142	236	92
210	142	237	70
210	142	238	56
210	142	239	50
210	143	235	109
210	143	236	79
210	143	237	57
210	143	238	43
210	143	239	37
210	144	235	104
210	144	236	74
210	144	237	50
210	144	238	33
210	144	239	24
210	145	235	97
210	145	236	64
210	145	237	39
210	145	238	22
210	145	239	13
210	146	235	95
210	146	236	62
210	146	237	37
210	146	238	20
210	146	239	11
210	147	235	100
210	147	236	67
210	147	237	42
210	147	238	25
210	147	239	16
210	148	235	113
210	148	236	80
210	148	237	55
210	148	238	38
210	148	239	29
210	149	235	134
210	149	236	101
210	149	237	76
210	149	238	59
210	149	239	50
211	120	215	113
211	120	216	109
211	120	217	113
211	120	218	110
211	120	219	99
211	120	220	95
211	120	221	99
211	120	222	105
211	120	223	95
211	120	224	93
211	121	215	77
211	121	216	73
211	121	217	78
211	121	218	75
211	121	219	64
211	121	220	60
211	121	221	64
211	121	222	71
211	121	223	60
211	121	224	58
211	122	215	49
211	122	216	46
211	122	217	50
211	122	218	48
211	122	219	36
211	122	220	33
211	122	221	37
211	122	222	44
211	122	223	34
211	122	224	32
211	123	215	30
211	123	216	26
211	123	217	30
211	123	218	29
211	123	219	17
211	123	220	14
211	123	221	18
211	123	222	26
211	123	223	15
211	123	224	13
211	124	215	18
211	124	216	14
211	124	217	18
211	124	218	18
211	124	219	6
211	124	220	3
211	124	221	7
211	124	222	15
211	124	223	5
211	124	224	2
211	125	225	6
211	125	226	19
211	125	227	21
211	125	228	8
211	125	229	2
211	126	225	11
211	126	226	25
211	126	227	20
211	126	228	7
211	126	229	1
211	127	225	24
211	127	226	38
211	127	227	27
211	127	228	14
211	127	229	9
211	128	225	46
211	128	226	59
211	128	227	43
211	128	228	29
211	128	229	24
211	129	225	75
211	129	226	87
211	129	227	66
211	129	228	52
211	129	229	47
211	140	235	153
211	140	236	123
211	140	237	101
211	140	238	87
211	140	239	81
211	141	235	124
211	141	236	94
211	141	237	72
211	141	238	58
211	141	239	52
211	142	235	103
211	142	236	73
211	142	237	51
211	142	238	37
211	142	239	31
211	143	235	90
211	143	236	60
211	143	237	38
211	143	238	24
211	143	239	18
211	144	235	85
211	144	236	55
211	144	237	33
211	144	238	19
211	144	239	13
211	145	235	88
211	145	236	56
211	145	237	31
211	145	238	14
211	145	239	0
211	146	235	86
211	146	236	53
211	146	237	28
211	146	238	11
211	146	239	2
211	147	235	92
211	147	236	59
211	147	237	34
211	147	238	17
211	147	239	8
211	148	235	105
211	148	236	72
211	148	237	47
211	148	238	30
211	148	239	21
211	149	235	126
211	149	236	93
211	149	237	68
211	149	238	51
211	149	239	42
212	120	215	104
212	120	216	100
212	120	217	104
212	120	218	115
212	120	219	103
212	120	220	99
212	120	221	104
212	120	222	110
212	120	223	100
212	120	224	97
212	121	215	68
212	121	216	64
212	121	217	68
212	121	218	80
212	121	219	68
212	121	220	64
212	121	221	69
212	121	222	75
212	121	223	65
212	121	224	63
212	122	215	40
212	122	216	36
212	122	217	41
212	122	218	53
212	122	219	41
212	122	220	37
212	122	221	42
212	122	222	49
212	122	223	38
212	122	224	36
212	123	215	20
212	123	216	17
212	123	217	21
212	123	218	33
212	123	219	22
212	123	220	18
212	123	221	22
212	123	222	30
212	123	223	20
212	123	224	18
212	124	215	0
212	124	216	5
212	124	217	9
212	124	218	22
212	124	219	11
212	124	220	7
212	124	221	11
212	124	222	20
212	124	223	9
212	124	224	7
212	125	225	10
212	125	226	24
212	125	227	29
212	125	228	16
212	125	229	11
212	126	225	15
212	126	226	29
212	126	227	28
212	126	228	15
212	126	229	10
212	127	225	29
212	127	226	43
212	127	227	36
212	127	228	22
212	127	229	17
212	128	225	50
212	128	226	64
212	128	227	51
212	128	228	38
212	128	229	32
212	129	225	80
212	129	226	93
212	129	227	74
212	129	228	61
212	129	229	55
212	140	235	143
212	140	236	113
212	140	237	91
212	140	238	77
212	140	239	71
212	141	235	114
212	141	236	84
212	141	237	62
212	141	238	48
212	141	239	42
212	142	235	93
212	142	236	63
212	142	237	41
212	142	238	27
212	142	239	21
212	143	235	80
212	143	236	50
212	143	237	28
212	143	238	14
212	143	239	8
212	144	235	75
212	144	236	45
212	144	237	23
212	144	238	9
212	144	239	0
212	145	235	78
212	145	236	48
212	145	237	25
212	145	238	11
212	145	239	5
212	146	235	86
212	146	236	53
212	146	237	28
212	146	238	11
212	146	239	2
212	147	235	91
212	147	236	58
212	147	237	33
212	147	238	16
212	147	239	7
212	148	235	105
212	148	236	72
212	148	237	47
212	148	238	30
212	148	239	21
212	149	235	126
212	149	236	93
212	149	237	68
212	149	238	51
212	149	239	42
213	120	215	102
213	120	216	99
213	120	217	103
213	120	218	115
213	120	219	116
213	120	220	112
213	120	221	116
213	120	222	122
213	120	223	112
213	120	224	110
213	121	215	67
213	121	216	63
213	121	217	67
213	121	218	79
213	121	219	81
213	121	220	77
213	121	221	81
213	121	222	88
213	121	223	78
213	121	224	75
213	122	215	39
213	122	216	35
213	122	217	39
213	122	218	52
213	122	219	54
213	122	220	50
213	122	221	54
213	122	222	61
213	122	223	51
213	122	224	49
213	123	215	19
213	123	216	15
213	123	217	20
213	123	218	32
213	123	219	35
213	123	220	31
213	123	221	35
213	123	222	43
213	123	223	32
213	123	224	30
213	124	215	7
213	124	216	4
213	124	217	8
213	124	218	20
213	124	219	24
213	124	220	20
213	124	221	24
213	124	222	32
213	124	223	22
213	124	224	19
213	125	225	23
213	125	226	36
213	125	227	46
213	125	228	32
213	125	229	27
213	126	225	28
213	126	226	42
213	126	227	45
213	126	228	31
213	126	229	26
213	127	225	41
213	127	226	55
213	127	227	52
213	127	228	39
213	127	229	33
213	128	225	63
213	128	226	77
213	128	227	67
213	128	228	54
213	128	229	48
213	129	225	92
213	129	226	106
213	129	227	90
213	129	228	77
213	129	229	72
213	140	235	140
213	140	236	110
213	140	237	88
213	140	238	74
213	140	239	68
213	141	235	111
213	141	236	81
213	141	237	59
213	141	238	45
213	141	239	39
213	142	235	90
213	142	236	60
213	142	237	38
213	142	238	24
213	142	239	18
213	143	235	77
213	143	236	47
213	143	237	25
213	143	238	11
213	143	239	5
213	144	235	72
213	144	236	42
213	144	237	20
213	144	238	6
213	144	239	0
213	145	235	75
213	145	236	45
213	145	237	23
213	145	238	9
213	145	239	3
213	146	235	79
213	146	236	56
213	146	237	34
213	146	238	19
213	146	239	10
213	147	235	87
213	147	236	66
213	147	237	41
213	147	238	24
213	147	239	15
213	148	235	104
213	148	236	79
213	148	237	54
213	148	238	37
213	148	239	28
213	149	235	128
213	149	236	101
213	149	237	76
213	149	238	59
213	149	239	50
214	120	215	109
214	120	216	105
214	120	217	110
214	120	218	122
214	120	219	136
214	120	220	133
214	120	221	137
214	120	222	143
214	120	223	133
214	120	224	130
214	121	215	73
214	121	216	70
214	121	217	74
214	121	218	86
214	121	219	101
214	121	220	97
214	121	221	102
214	121	222	108
214	121	223	98
214	121	224	96
214	122	215	46
214	122	216	42
214	122	217	46
214	122	218	59
214	122	219	74
214	122	220	70
214	122	221	75
214	122	222	82
214	122	223	71
214	122	224	69
214	123	215	26
214	123	216	22
214	123	217	27
214	123	218	39
214	123	219	55
214	123	220	51
214	123	221	56
214	123	222	63
214	123	223	53
214	123	224	51
214	124	215	14
214	124	216	11
214	124	217	15
214	124	218	27
214	124	219	44
214	124	220	40
214	124	221	45
214	124	222	53
214	124	223	42
214	124	224	40
214	125	225	43
214	125	226	57
214	125	227	70
214	125	228	56
214	125	229	51
214	126	225	49
214	126	226	62
214	126	227	69
214	126	228	56
214	126	229	50
214	127	225	62
214	127	226	76
214	127	227	76
214	127	228	63
214	127	229	58
214	128	225	83
214	128	226	97
214	128	227	92
214	128	228	78
214	128	229	73
214	129	225	113
214	129	226	127
214	129	227	115
214	129	228	101
214	129	229	96
214	140	235	146
214	140	236	115
214	140	237	92
214	140	238	77
214	140	239	70
214	141	235	117
214	141	236	87
214	141	237	63
214	141	238	48
214	141	239	41
214	142	235	95
214	142	236	66
214	142	237	43
214	142	238	27
214	142	239	20
214	143	235	71
214	143	236	53
214	143	237	30
214	143	238	15
214	143	239	8
214	144	235	55
214	144	236	48
214	144	237	25
214	144	238	10
214	144	239	0
214	145	235	48
214	145	236	44
214	145	237	28
214	145	238	13
214	145	239	6
214	146	235	48
214	146	236	45
214	146	237	39
214	146	238	25
214	146	239	17
214	147	235	57
214	147	236	53
214	147	237	57
214	147	238	40
214	147	239	31
214	148	235	73
214	148	236	70
214	148	237	70
214	148	238	53
214	148	239	44
214	149	235	98
214	149	236	94
214	149	237	91
214	149	238	74
214	149	239	65
215	145	230	40
215	145	231	33
215	145	232	33
215	145	233	42
215	145	234	37
215	145	235	25
215	145	236	22
215	145	237	26
215	145	238	11
215	145	239	4
215	146	230	33
215	146	231	26
215	146	232	26
215	146	233	35
215	146	234	37
215	146	235	26
215	146	236	22
215	146	237	27
215	146	238	22
215	146	239	15
215	147	230	34
215	147	231	26
215	147	232	27
215	147	233	36
215	147	234	46
215	147	235	34
215	147	236	31
215	147	237	35
215	147	238	41
215	147	239	34
215	148	230	43
215	148	231	35
215	148	232	36
215	148	233	44
215	148	234	61
215	148	235	51
215	148	236	47
215	148	237	51
215	148	238	64
215	148	239	62
215	149	230	60
215	149	231	52
215	149	232	53
215	149	233	61
215	149	234	78
215	149	235	75
215	149	236	71
215	149	237	76
215	149	238	88
215	149	239	89
216	145	230	24
216	145	231	17
216	145	232	17
216	145	233	26
216	145	234	22
216	145	235	11
216	145	236	7
216	145	237	12
216	145	238	16
216	145	239	9
216	146	230	17
216	146	231	10
216	146	232	10
216	146	233	19
216	146	234	23
216	146	235	11
216	146	236	8
216	146	237	12
216	146	238	25
216	146	239	20
216	147	230	18
216	147	231	11
216	147	232	11
216	147	233	20
216	147	234	31
216	147	235	20
216	147	236	16
216	147	237	21
216	147	238	33
216	147	239	40
216	148	230	27
216	148	231	19
216	148	232	20
216	148	233	28
216	148	234	45
216	148	235	36
216	148	236	32
216	148	237	37
216	148	238	49
216	148	239	67
216	149	230	44
216	149	231	36
216	149	232	37
216	149	233	45
216	149	234	62
216	149	235	60
216	149	236	57
216	149	237	61
216	149	238	74
216	149	239	94
217	145	230	17
217	145	231	9
217	145	232	10
217	145	233	18
217	145	234	16
217	145	235	0
217	145	236	1
217	145	237	5
217	145	238	18
217	145	239	22
217	146	230	9
217	146	231	0
217	146	232	2
217	146	233	11
217	146	234	16
217	146	235	5
217	146	236	1
217	146	237	6
217	146	238	18
217	146	239	34
217	147	230	10
217	147	231	3
217	147	232	3
217	147	233	12
217	147	234	25
217	147	235	13
217	147	236	10
217	147	237	14
217	147	238	26
217	147	239	47
217	148	230	19
217	148	231	11
217	148	232	12
217	148	233	20
217	148	234	37
217	148	235	30
217	148	236	26
217	148	237	30
217	148	238	43
217	148	239	63
217	149	230	36
217	149	231	28
217	149	232	29
217	149	233	37
217	149	234	54
217	149	235	54
217	149	236	50
217	149	237	55
217	149	238	67
217	149	239	88
218	145	230	17
218	145	231	9
218	145	232	10
218	145	233	11
218	145	234	6
218	145	235	6
218	145	236	2
218	145	237	7
218	145	238	19
218	145	239	40
218	146	230	9
218	146	231	2
218	146	232	2
218	146	233	11
218	146	234	6
218	146	235	6
218	146	236	3
218	146	237	7
218	146	238	19
218	146	239	40
218	147	230	10
218	147	231	3
218	147	232	3
218	147	233	12
218	147	234	14
218	147	235	15
218	147	236	11
218	147	237	15
218	147	238	28
218	147	239	48
218	148	230	19
218	148	231	12
218	148	232	12
218	148	233	21
218	148	234	31
218	148	235	31
218	148	236	27
218	148	237	32
218	148	238	44
218	148	239	65
218	149	230	36
218	149	231	28
218	149	232	29
218	149	233	37
218	149	234	54
218	149	235	55
218	149	236	52
218	149	237	56
218	149	238	69
218	149	239	89
219	145	230	25
219	145	231	17
219	145	232	18
219	145	233	6
219	145	234	0
219	145	235	3
219	145	236	12
219	145	237	16
219	145	238	29
219	145	239	49
219	146	230	18
219	146	231	10
219	146	232	11
219	146	233	6
219	146	234	1
219	146	235	3
219	146	236	12
219	146	237	17
219	146	238	29
219	146	239	49
219	147	230	18
219	147	231	11
219	147	232	11
219	147	233	15
219	147	234	9
219	147	235	12
219	147	236	20
219	147	237	25
219	147	238	37
219	147	239	58
219	148	230	27
219	148	231	20
219	148	232	20
219	148	233	29
219	148	234	26
219	148	235	28
219	148	236	37
219	148	237	41
219	148	238	54
219	148	239	74
219	149	230	44
219	149	231	36
219	149	232	37
219	149	233	45
219	149	234	50
219	149	235	52
219	149	236	61
219	149	237	66
219	149	238	78
219	149	239	99
220	150	180	72
220	150	181	68
220	150	182	73
220	150	183	86
220	150	184	106
220	151	180	57
220	151	181	53
220	151	182	58
220	151	183	70
220	151	184	91
220	152	180	49
220	152	181	46
220	152	182	51
220	152	183	63
220	152	184	84
220	153	180	50
220	153	181	47
220	153	182	51
220	153	183	64
220	153	184	85
220	154	180	59
220	154	181	56
220	154	182	60
220	154	183	73
220	154	184	93
221	150	180	49
221	150	181	45
221	150	182	50
221	150	183	63
221	150	184	83
221	151	180	34
221	151	181	30
221	151	182	35
221	151	183	47
221	151	184	68
221	152	180	26
221	152	181	23
221	152	182	27
221	152	183	40
221	152	184	61
221	153	180	27
221	153	181	24
221	153	182	28
221	153	183	41
221	153	184	61
221	154	180	36
221	154	181	32
221	154	182	37
221	154	183	50
221	154	184	70
222	150	180	34
222	150	181	30
222	150	182	35
222	150	183	47
222	150	184	68
222	151	180	18
222	151	181	15
222	151	182	20
222	151	183	32
222	151	184	53
222	152	180	11
222	152	181	8
222	152	182	12
222	152	183	25
222	152	184	46
222	153	180	12
222	153	181	9
222	153	182	13
222	153	183	26
222	153	184	46
222	154	180	21
222	154	181	17
222	154	182	22
222	154	183	35
222	154	184	55
223	150	180	27
223	150	181	23
223	150	182	28
223	150	183	40
223	150	184	61
223	151	180	11
223	151	181	8
223	151	182	13
223	151	183	25
223	151	184	46
223	152	180	0
223	152	181	1
223	152	182	5
223	152	183	18
223	152	184	39
223	153	180	5
223	153	181	2
223	153	182	6
223	153	183	19
223	153	184	39
223	154	180	14
223	154	181	10
223	154	182	15
223	154	183	27
223	154	184	48
224	150	180	28
224	150	181	24
224	150	182	29
224	150	183	41
224	150	184	62
224	151	180	12
224	151	181	9
224	151	182	14
224	151	183	26
224	151	184	47
224	152	180	5
224	152	181	2
224	152	182	6
224	152	183	19
224	152	184	39
224	153	180	6
224	153	181	2
224	153	182	7
224	153	183	20
224	153	184	40
224	154	180	15
224	154	181	11
224	154	182	16
224	154	183	28
224	154	184	49
235	140	245	128
235	140	246	124
235	140	247	128
235	140	248	140
235	140	249	160
235	141	245	109
235	141	246	105
235	141	247	109
235	141	248	121
235	141	249	141
235	142	245	99
235	142	246	94
235	142	247	98
235	142	248	110
235	142	249	130
235	143	245	96
235	143	246	91
235	143	247	95
235	143	248	107
235	143	249	127
235	144	245	101
235	144	246	97
235	144	247	100
235	144	248	112
235	144	249	132
236	140	245	94
236	140	246	90
236	140	247	94
236	140	248	106
236	140	249	125
236	141	245	75
236	141	246	71
236	141	247	75
236	141	248	87
236	141	249	106
236	142	245	64
236	142	246	60
236	142	247	64
236	142	248	76
236	142	249	95
236	143	245	61
236	143	246	57
236	143	247	61
236	143	248	73
236	143	249	93
236	144	245	66
236	144	246	62
236	144	247	66
236	144	248	78
236	144	249	98
237	140	245	68
237	140	246	64
237	140	247	67
237	140	248	79
237	140	249	99
237	141	245	49
237	141	246	45
237	141	247	48
237	141	248	60
237	141	249	80
237	142	245	38
237	142	246	34
237	142	247	38
237	142	248	49
237	142	249	69
237	143	245	35
237	143	246	31
237	143	247	35
237	143	248	46
237	143	249	66
237	144	245	40
237	144	246	36
237	144	247	40
237	144	248	51
237	144	249	71
238	140	245	49
238	140	246	45
238	140	247	49
238	140	248	61
238	140	249	81
238	141	245	30
238	141	246	26
238	141	247	30
238	141	248	42
238	141	249	62
238	142	245	20
238	142	246	15
238	142	247	19
238	142	248	31
238	142	249	51
238	143	245	17
238	143	246	12
238	143	247	16
238	143	248	28
238	143	249	48
238	144	245	22
238	144	246	17
238	144	247	21
238	144	248	33
238	144	249	53
239	140	245	39
239	140	246	35
239	140	247	39
239	140	248	51
239	140	249	70
239	141	245	20
239	141	246	16
239	141	247	20
239	141	248	32
239	141	249	51
239	142	245	9
239	142	246	0
239	142	247	9
239	142	248	21
239	142	249	40
239	143	245	6
239	143	246	2
239	143	247	6
239	143	248	18
239	143	249	38
239	144	245	11
239	144	246	7
239	144	247	11
239	144	248	23
239	144	249	43
240	125	225	94
240	125	226	62
240	125	227	38
240	125	228	22
240	125	229	13
240	126	225	97
240	126	226	65
240	126	227	41
240	126	228	24
240	126	229	16
240	127	225	108
240	127	226	76
240	127	227	51
240	127	228	35
240	127	229	27
240	128	225	127
240	128	226	94
240	128	227	70
240	128	228	54
240	128	229	46
240	129	225	153
240	129	226	121
240	129	227	97
240	129	228	81
240	129	229	73
240	140	230	116
240	140	231	97
240	140	232	87
240	140	233	84
240	140	234	90
240	141	230	92
240	141	231	73
240	141	232	63
240	141	233	60
240	141	234	66
240	142	230	76
240	142	231	58
240	142	232	47
240	142	233	44
240	142	234	50
240	143	230	68
240	143	231	50
240	143	232	39
240	143	233	37
240	143	234	42
240	144	230	68
240	144	231	50
240	144	232	39
240	144	233	37
240	144	234	42
241	125	225	84
241	125	226	52
241	125	227	27
241	125	228	11
241	125	229	0
241	126	225	87
241	126	226	54
241	126	227	30
241	126	228	14
241	126	229	6
241	127	225	97
241	127	226	65
241	127	227	41
241	127	228	25
241	127	229	17
241	128	225	116
241	128	226	84
241	128	227	60
241	128	228	44
241	128	229	36
241	129	225	143
241	129	226	111
241	129	227	87
241	129	228	71
241	129	229	62
241	140	230	96
241	140	231	77
241	140	232	67
241	140	233	64
241	140	234	70
241	141	230	72
241	141	231	53
241	141	232	43
241	141	233	40
241	141	234	46
241	142	230	56
241	142	231	37
241	142	232	27
241	142	233	24
241	142	234	30
241	143	230	48
241	143	231	30
241	143	232	19
241	143	233	17
241	143	234	22
241	144	230	48
241	144	231	30
241	144	232	19
241	144	233	17
241	144	234	22
242	125	225	82
242	125	226	49
242	125	227	25
242	125	228	9
242	125	229	1
242	126	225	84
242	126	226	52
242	126	227	28
242	126	228	12
242	126	229	4
242	127	225	95
242	127	226	63
242	127	227	39
242	127	228	23
242	127	229	15
242	128	225	114
242	128	226	82
242	128	227	58
242	128	228	42
242	128	229	33
242	129	225	141
242	129	226	109
242	129	227	85
242	129	228	68
242	129	229	60
242	140	230	84
242	140	231	65
242	140	232	55
242	140	233	52
242	140	234	58
242	141	230	60
242	141	231	41
242	141	232	31
242	141	233	28
242	141	234	34
242	142	230	44
242	142	231	25
242	142	232	15
242	142	233	12
242	142	234	18
242	143	230	36
242	143	231	18
242	143	232	7
242	143	233	5
242	143	234	10
242	144	230	36
242	144	231	18
242	144	232	7
242	144	233	5
242	144	234	10
243	125	225	87
243	125	226	55
243	125	227	31
243	125	228	15
243	125	229	7
243	126	225	90
243	126	226	58
243	126	227	34
243	126	228	18
243	126	229	9
243	127	225	101
243	127	226	69
243	127	227	45
243	127	228	28
243	127	229	20
243	128	225	120
243	128	226	88
243	128	227	64
243	128	228	47
243	128	229	39
243	129	225	147
243	129	226	115
243	129	227	90
243	129	228	74
243	129	229	66
243	140	230	80
243	140	231	61
243	140	232	51
243	140	233	48
243	140	234	54
243	141	230	56
243	141	231	37
243	141	232	27
243	141	233	24
243	141	234	30
243	142	230	40
243	142	231	21
243	142	232	11
243	142	233	8
243	142	234	14
243	143	230	32
243	143	231	14
243	143	232	0
243	143	233	1
243	143	234	6
243	144	230	32
243	144	231	14
243	144	232	3
243	144	233	1
243	144	234	6
244	125	225	101
244	125	226	69
244	125	227	45
244	125	228	29
244	125	229	20
244	126	225	104
244	126	226	72
244	126	227	48
244	126	228	31
244	126	229	23
244	127	225	115
244	127	226	83
244	127	227	58
244	127	228	42
244	127	229	34
244	128	225	134
244	128	226	101
244	128	227	77
244	128	228	61
244	128	229	53
244	129	225	160
244	129	226	128
244	129	227	104
244	129	228	88
244	129	229	80
244	140	230	84
244	140	231	65
244	140	232	55
244	140	233	52
244	140	234	58
244	141	230	60
244	141	231	41
244	141	232	31
244	141	233	28
244	141	234	34
244	142	230	44
244	142	231	25
244	142	232	15
244	142	233	12
244	142	234	18
244	143	230	36
244	143	231	18
244	143	232	7
244	143	233	5
244	143	234	10
244	144	230	36
244	144	231	18
244	144	232	7
244	144	233	5
244	144	234	10
245	130	205	62
245	130	206	39
245	130	207	24
245	130	208	18
245	130	209	19
245	130	240	174
245	130	241	149
245	130	242	132
245	130	243	124
245	130	244	114
245	131	205	66
245	131	206	43
245	131	207	28
245	131	208	22
245	131	209	23
245	131	240	139
245	131	241	115
245	131	242	98
245	131	243	89
245	131	244	78
245	132	205	77
245	132	206	55
245	132	207	40
245	132	208	34
245	132	209	35
245	132	240	113
245	132	241	88
245	132	242	71
245	132	243	62
245	132	244	51
245	133	205	97
245	133	206	75
245	133	207	60
245	133	208	54
245	133	209	55
245	133	240	94
245	133	241	70
245	133	242	53
245	133	243	42
245	133	244	31
245	134	205	125
245	134	206	103
245	134	207	88
245	134	208	82
245	134	209	83
245	134	240	84
245	134	241	59
245	134	242	43
245	134	243	30
245	134	244	19
245	140	230	96
245	140	231	77
245	140	232	67
245	140	233	64
245	140	234	70
245	140	240	69
245	140	241	57
245	140	242	45
245	140	243	37
245	140	244	36
245	141	230	72
245	141	231	53
245	141	232	43
245	141	233	40
245	141	234	46
245	141	240	58
245	141	241	48
245	141	242	45
245	141	243	37
245	141	244	36
245	142	230	56
245	142	231	37
245	142	232	27
245	142	233	24
245	142	234	30
245	142	240	36
245	142	241	25
245	142	242	23
245	142	243	28
245	142	244	38
245	143	230	48
245	143	231	30
245	143	232	19
245	143	233	17
245	143	234	22
245	143	240	22
245	143	241	11
245	143	242	9
245	143	243	14
245	143	244	27
245	144	230	48
245	144	231	30
245	144	232	19
245	144	233	17
245	144	234	22
245	144	240	16
245	144	241	0
245	144	242	3
245	144	243	8
245	144	244	21
245	145	220	63
245	145	221	58
245	145	222	61
245	145	223	72
245	145	224	91
245	146	220	67
245	146	221	62
245	146	222	65
245	146	223	76
245	146	224	95
245	147	220	79
245	147	221	74
245	147	222	77
245	147	223	88
245	147	224	107
245	148	220	99
245	148	221	94
245	148	222	97
245	148	223	108
245	148	224	127
245	149	220	127
245	149	221	122
245	149	222	125
245	149	223	136
245	149	224	155
245	150	230	146
245	150	231	120
245	150	232	103
245	150	233	93
245	150	234	91
245	151	230	123
245	151	231	98
245	151	232	80
245	151	233	70
245	151	234	69
245	152	230	109
245	152	231	83
245	152	232	65
245	152	233	56
245	152	234	54
245	153	230	102
245	153	231	76
245	153	232	59
245	153	233	49
245	153	234	47
245	154	230	103
245	154	231	78
245	154	232	60
245	154	233	50
245	154	234	49
246	130	205	49
246	130	206	26
246	130	207	11
246	130	208	5
246	130	209	6
246	130	240	156
246	130	241	131
246	130	242	114
246	130	243	106
246	130	244	103
246	131	205	53
246	131	206	30
246	131	207	15
246	131	208	9
246	131	209	10
246	131	240	121
246	131	241	97
246	131	242	80
246	131	243	71
246	131	244	68
246	132	205	65
246	132	206	42
246	132	207	27
246	132	208	21
246	132	209	22
246	132	240	95
246	132	241	70
246	132	242	53
246	132	243	45
246	132	244	40
246	133	205	84
246	133	206	62
246	133	207	47
246	133	208	41
246	133	209	42
246	133	240	76
246	133	241	52
246	133	242	35
246	133	243	26
246	133	244	20
246	134	205	112
246	134	206	90
246	134	207	75
246	134	208	69
246	134	209	70
246	134	240	66
246	134	241	41
246	134	242	24
246	134	243	16
246	134	244	0
246	140	230	116
246	140	231	91
246	140	232	73
246	140	233	64
246	140	234	62
246	140	240	44
246	140	241	32
246	140	242	25
246	140	243	17
246	140	244	17
246	141	230	92
246	141	231	69
246	141	232	51
246	141	233	41
246	141	234	39
246	141	240	43
246	141	241	31
246	141	242	25
246	141	243	17
246	141	244	17
246	142	230	76
246	142	231	54
246	142	232	36
246	142	233	26
246	142	234	24
246	142	240	34
246	142	241	23
246	142	242	20
246	142	243	16
246	142	244	19
246	143	230	68
246	143	231	47
246	143	232	30
246	143	233	20
246	143	234	18
246	143	240	20
246	143	241	9
246	143	242	6
246	143	243	11
246	143	244	17
246	144	230	68
246	144	231	49
246	144	232	31
246	144	233	21
246	144	234	19
246	144	240	13
246	144	241	3
246	144	242	0
246	144	243	5
246	144	244	19
246	145	220	36
246	145	221	31
246	145	222	34
246	145	223	46
246	145	224	65
246	146	220	40
246	146	221	35
246	146	222	38
246	146	223	50
246	146	224	69
246	147	220	52
246	147	221	47
246	147	222	50
246	147	223	62
246	147	224	81
246	148	220	72
246	148	221	67
246	148	222	70
246	148	223	81
246	148	224	101
246	149	220	100
246	149	221	95
246	149	222	98
246	149	223	109
246	149	224	129
246	150	230	122
246	150	231	97
246	150	232	79
246	150	233	69
246	150	234	68
246	151	230	100
246	151	231	74
246	151	232	56
246	151	233	47
246	151	234	45
246	152	230	85
246	152	231	59
246	152	232	42
246	152	233	32
246	152	234	31
246	153	230	79
246	153	231	53
246	153	232	35
246	153	233	26
246	153	234	24
246	154	230	80
246	154	231	54
246	154	232	37
246	154	233	27
246	154	234	25
247	130	205	44
247	130	206	21
247	130	207	7
247	130	208	0
247	130	209	1
247	130	240	146
247	130	241	121
247	130	242	104
247	130	243	96
247	130	244	95
247	131	205	48
247	131	206	25
247	131	207	10
247	131	208	4
247	131	209	5
247	131	240	111
247	131	241	86
247	131	242	70
247	131	243	61
247	131	244	60
247	132	205	60
247	132	206	37
247	132	207	22
247	132	208	16
247	132	209	17
247	132	240	85
247	132	241	60
247	132	242	43
247	132	243	35
247	132	244	34
247	133	205	79
247	133	206	57
247	133	207	42
247	133	208	36
247	133	209	37
247	133	240	66
247	133	241	42
247	133	242	25
247	133	243	16
247	133	244	16
247	134	205	107
247	134	206	85
247	134	207	70
247	134	208	64
247	134	209	65
247	134	240	56
247	134	241	31
247	134	242	14
247	134	243	0
247	134	244	5
247	140	230	104
247	140	231	78
247	140	232	61
247	140	233	51
247	140	234	49
247	140	240	27
247	140	241	15
247	140	242	11
247	140	243	0
247	140	244	5
247	141	230	82
247	141	231	56
247	141	232	38
247	141	233	28
247	141	234	26
247	141	240	27
247	141	241	15
247	141	242	11
247	141	243	5
247	141	244	5
247	142	230	67
247	142	231	41
247	142	232	23
247	142	233	14
247	142	234	12
247	142	240	28
247	142	241	19
247	142	242	11
247	142	243	0
247	142	244	7
247	143	230	60
247	143	231	35
247	143	232	17
247	143	233	7
247	143	234	5
247	143	240	16
247	143	241	7
247	143	242	6
247	143	243	3
247	143	244	6
247	144	230	62
247	144	231	36
247	144	232	18
247	144	233	8
247	144	234	6
247	144	240	12
247	144	241	0
247	144	242	2
247	144	243	8
247	144	244	12
247	145	220	18
247	145	221	13
247	145	222	16
247	145	223	27
247	145	224	46
247	146	220	22
247	146	221	17
247	146	222	20
247	146	223	31
247	146	224	50
247	147	220	34
247	147	221	29
247	147	222	32
247	147	223	43
247	147	224	62
247	148	220	54
247	148	221	49
247	148	222	52
247	148	223	63
247	148	224	82
247	149	220	82
247	149	221	77
247	149	222	80
247	149	223	91
247	149	224	110
247	150	230	107
247	150	231	81
247	150	232	64
247	150	233	54
247	150	234	52
247	151	230	84
247	151	231	59
247	151	232	41
247	151	233	31
247	151	234	30
247	152	230	70
247	152	231	44
247	152	232	26
247	152	233	17
247	152	234	15
247	153	230	63
247	153	231	37
247	153	232	20
247	153	233	10
247	153	234	8
247	154	230	64
247	154	231	39
247	154	232	21
247	154	233	11
247	154	234	10
248	130	205	47
248	130	206	24
248	130	207	10
248	130	208	3
248	130	209	4
248	130	240	144
248	130	241	119
248	130	242	102
248	130	243	94
248	130	244	93
248	131	205	51
248	131	206	28
248	131	207	14
248	131	208	7
248	131	209	8
248	131	240	109
248	131	241	84
248	131	242	68
248	131	243	59
248	131	244	58
248	132	205	63
248	132	206	40
248	132	207	25
248	132	208	19
248	132	209	20
248	132	240	83
248	132	241	58
248	132	242	41
248	132	243	33
248	132	244	32
248	133	205	83
248	133	206	60
248	133	207	45
248	133	208	39
248	133	209	40
248	133	240	64
248	133	241	39
248	133	242	23
248	133	243	14
248	133	244	14
248	134	205	110
248	134	206	88
248	134	207	73
248	134	208	67
248	134	209	68
248	134	240	54
248	134	241	29
248	134	242	12
248	134	243	4
248	134	244	3
248	140	230	100
248	140	231	74
248	140	232	56
248	140	233	46
248	140	234	44
248	140	240	18
248	140	241	6
248	140	242	0
248	140	243	2
248	140	244	1
248	141	230	77
248	141	231	51
248	141	232	33
248	141	233	23
248	141	234	21
248	141	240	18
248	141	241	6
248	141	242	2
248	141	243	2
248	141	244	1
248	142	230	62
248	142	231	36
248	142	232	19
248	142	233	9
248	142	234	7
248	142	240	22
248	142	241	13
248	142	242	0
248	142	243	2
248	142	244	4
248	143	230	56
248	143	231	30
248	143	232	12
248	143	233	0
248	143	234	0
248	143	240	12
248	143	241	6
248	143	242	4
248	143	243	0
248	143	244	2
248	144	230	57
248	144	231	31
248	144	232	13
248	144	233	3
248	144	234	2
248	144	240	6
248	144	241	2
248	144	242	0
248	144	243	6
248	144	244	9
248	145	220	7
248	145	221	0
248	145	222	5
248	145	223	16
248	145	224	36
248	146	220	11
248	146	221	6
248	146	222	9
248	146	223	20
248	146	224	40
248	147	220	23
248	147	221	18
248	147	222	21
248	147	223	32
248	147	224	51
248	148	220	43
248	148	221	38
248	148	222	41
248	148	223	52
248	148	224	71
248	149	220	71
248	149	221	66
248	149	222	69
248	149	223	80
248	149	224	99
248	150	230	99
248	150	231	74
248	150	232	56
248	150	233	47
248	150	234	45
248	151	230	77
248	151	231	51
248	151	232	34
248	151	233	24
248	151	234	22
248	152	230	62
248	152	231	37
248	152	232	19
248	152	233	9
248	152	234	8
248	153	230	56
248	153	231	30
248	153	232	12
248	153	233	0
248	153	234	1
248	154	230	57
248	154	231	31
248	154	232	14
248	154	233	4
248	154	234	2
249	130	205	58
249	130	206	35
249	130	207	21
249	130	208	14
249	130	209	16
249	130	240	145
249	130	241	122
249	130	242	108
249	130	243	100
249	130	244	99
249	131	205	62
249	131	206	39
249	131	207	25
249	131	208	18
249	131	209	19
249	131	240	109
249	131	241	87
249	131	242	72
249	131	243	65
249	131	244	64
249	132	205	74
249	132	206	51
249	132	207	37
249	132	208	30
249	132	209	31
249	132	240	81
249	132	241	59
249	132	242	45
249	132	243	38
249	132	244	38
249	133	205	94
249	133	206	71
249	133	207	56
249	133	208	50
249	133	209	51
249	133	240	62
249	133	241	39
249	133	242	25
249	133	243	19
249	133	244	19
249	134	205	122
249	134	206	99
249	134	207	84
249	134	208	78
249	134	209	79
249	134	240	50
249	134	241	28
249	134	242	13
249	134	243	0
249	134	244	9
249	140	230	103
249	140	231	77
249	140	232	59
249	140	233	49
249	140	234	47
249	140	240	18
249	140	241	5
249	140	242	1
249	140	243	5
249	140	244	6
249	141	230	80
249	141	231	54
249	141	232	36
249	141	233	27
249	141	234	25
249	141	240	17
249	141	241	5
249	141	242	1
249	141	243	5
249	141	244	6
249	142	230	66
249	142	231	40
249	142	232	22
249	142	233	12
249	142	234	10
249	142	240	17
249	142	241	10
249	142	242	3
249	142	243	3
249	142	244	9
249	143	230	59
249	143	231	33
249	143	232	15
249	143	233	5
249	143	234	3
249	143	240	8
249	143	241	0
249	143	242	1
249	143	243	1
249	143	244	7
249	144	230	60
249	144	231	34
249	144	232	17
249	144	233	7
249	144	234	5
249	144	240	0
249	144	241	1
249	144	242	2
249	144	243	7
249	144	244	14
249	145	220	5
249	145	221	0
249	145	222	3
249	145	223	14
249	145	224	33
249	146	220	9
249	146	221	4
249	146	222	7
249	146	223	18
249	146	224	37
249	147	220	21
249	147	221	16
249	147	222	19
249	147	223	30
249	147	224	49
249	148	220	41
249	148	221	36
249	148	222	39
249	148	223	50
249	148	224	69
249	149	220	68
249	149	221	64
249	149	222	67
249	149	223	78
249	149	224	97
249	150	230	100
249	150	231	74
249	150	232	57
249	150	233	47
249	150	234	45
249	151	230	77
249	151	231	52
249	151	232	34
249	151	233	24
249	151	234	23
249	152	230	63
249	152	231	37
249	152	232	19
249	152	233	10
249	152	234	8
249	153	230	56
249	153	231	31
249	153	232	13
249	153	233	3
249	153	234	2
249	154	230	58
249	154	231	32
249	154	232	14
249	154	233	5
249	154	234	3
