#reforence point coordinates
97	5	98
#the number of meter size cube
43
#sacle
5
#cubeLen
50
#cubeWidth	cubeHeight	cubeDepth
100	5	100	
#XYX dis
105	125	200	78
105	125	201	51
105	125	202	33
105	125	203	22
105	125	204	19
105	126	200	68
105	126	201	41
105	126	202	22
105	126	203	12
105	126	204	9
105	127	200	66
105	127	201	39
105	127	202	20
105	127	203	9
105	127	204	7
105	128	200	72
105	128	201	45
105	128	202	26
105	128	203	15
105	128	204	12
105	129	200	86
105	129	201	59
105	129	202	40
105	129	203	29
105	129	204	26
105	130	190	129
105	130	191	106
105	130	192	91
105	130	193	84
105	130	194	85
105	131	190	114
105	131	191	91
105	131	192	76
105	131	193	69
105	131	194	70
105	132	190	108
105	132	191	85
105	132	192	70
105	132	193	63
105	132	194	64
105	133	190	109
105	133	191	86
105	133	192	71
105	133	193	64
105	133	194	65
105	134	190	118
105	134	191	95
105	134	192	80
105	134	193	73
105	134	194	74
106	125	200	72
106	125	201	45
106	125	202	26
106	125	203	15
106	125	204	13
106	126	200	62
106	126	201	35
106	126	202	16
106	126	203	0
106	126	204	2
106	127	200	59
106	127	201	33
106	127	202	14
106	127	203	3
106	127	204	0
106	128	200	65
106	128	201	38
106	128	202	20
106	128	203	9
106	128	204	6
106	129	200	79
106	129	201	52
106	129	202	33
106	129	203	23
106	129	204	20
106	130	190	102
106	130	191	78
106	130	192	63
106	130	193	56
106	130	194	57
106	131	190	87
106	131	191	64
106	131	192	49
106	131	193	42
106	131	194	43
106	132	190	80
106	132	191	57
106	132	192	42
106	132	193	35
106	132	194	36
106	133	190	81
106	133	191	58
106	133	192	43
106	133	193	36
106	133	194	37
106	134	190	91
106	134	191	68
106	134	192	53
106	134	193	46
106	134	194	47
107	125	200	73
107	125	201	46
107	125	202	28
107	125	203	17
107	125	204	14
107	126	200	63
107	126	201	36
107	126	202	18
107	126	203	7
107	126	204	0
107	127	200	61
107	127	201	34
107	127	202	15
107	127	203	5
107	127	204	2
107	128	200	67
107	128	201	40
107	128	202	21
107	128	203	10
107	128	204	8
107	129	200	81
107	129	201	54
107	129	202	35
107	129	203	24
107	129	204	21
107	130	190	82
107	130	191	59
107	130	192	44
107	130	193	37
107	130	194	38
107	131	190	67
107	131	191	44
107	131	192	29
107	131	193	22
107	131	194	23
107	132	190	61
107	132	191	38
107	132	192	23
107	132	193	16
107	132	194	17
107	133	190	62
107	133	191	39
107	133	192	24
107	133	193	17
107	133	194	18
107	134	190	71
107	134	191	48
107	134	192	33
107	134	193	26
107	134	194	27
108	125	200	82
108	125	201	52
108	125	202	31
108	125	203	18
108	125	204	13
108	126	200	71
108	126	201	42
108	126	202	21
108	126	203	7
108	126	204	2
108	127	200	69
108	127	201	39
108	127	202	18
108	127	203	5
108	127	204	0
108	128	200	74
108	128	201	45
108	128	202	24
108	128	203	10
108	128	204	5
108	129	200	88
108	129	201	58
108	129	202	37
108	129	203	24
108	129	204	19
108	130	190	71
108	130	191	47
108	130	192	32
108	130	193	25
108	130	194	26
108	131	190	56
108	131	191	33
108	131	192	18
108	131	193	11
108	131	194	12
108	132	190	49
108	132	191	26
108	132	192	11
108	132	193	0
108	132	194	5
108	133	190	50
108	133	191	27
108	133	192	12
108	133	193	5
108	133	194	6
108	134	190	60
108	134	191	37
108	134	192	22
108	134	193	15
108	134	194	16
109	125	200	78
109	125	201	50
109	125	202	30
109	125	203	18
109	125	204	14
109	126	200	67
109	126	201	39
109	126	202	19
109	126	203	7
109	126	204	0
109	127	200	64
109	127	201	36
109	127	202	16
109	127	203	4
109	127	204	0
109	128	200	70
109	128	201	41
109	128	202	21
109	128	203	9
109	128	204	5
109	129	200	74
109	129	201	46
109	129	202	26
109	129	203	14
109	129	204	9
109	130	190	67
109	130	191	44
109	130	192	29
109	130	193	22
109	130	194	23
109	131	190	52
109	131	191	29
109	131	192	14
109	131	193	7
109	131	194	8
109	132	190	46
109	132	191	23
109	132	192	8
109	132	193	1
109	132	194	2
109	133	190	47
109	133	191	24
109	133	192	9
109	133	193	2
109	133	194	3
109	134	190	56
109	134	191	33
109	134	192	18
109	134	193	11
109	134	194	12
110	125	200	80
110	125	201	51
110	125	202	31
110	125	203	19
110	125	204	15
110	126	200	69
110	126	201	41
110	126	202	21
110	126	203	8
110	126	204	4
110	127	200	66
110	127	201	38
110	127	202	18
110	127	203	6
110	127	204	1
110	128	200	67
110	128	201	39
110	128	202	19
110	128	203	7
110	128	204	0
110	129	200	66
110	129	201	37
110	129	202	17
110	129	203	5
110	129	204	1
110	130	190	71
110	130	191	48
110	130	192	33
110	130	193	26
110	130	194	27
110	131	190	57
110	131	191	34
110	131	192	19
110	131	193	12
110	131	194	13
110	132	190	50
110	132	191	27
110	132	192	12
110	132	193	5
110	132	194	6
110	133	190	51
110	133	191	28
110	133	192	13
110	133	193	6
110	133	194	0
110	134	190	61
110	134	191	38
110	134	192	19
110	134	193	7
110	134	194	3
111	125	200	89
111	125	201	61
111	125	202	41
111	125	203	29
111	125	204	25
111	126	200	78
111	126	201	50
111	126	202	30
111	126	203	18
111	126	204	14
111	127	200	75
111	127	201	47
111	127	202	27
111	127	203	15
111	127	204	11
111	128	200	67
111	128	201	39
111	128	202	19
111	128	203	6
111	128	204	2
111	129	200	65
111	129	201	37
111	129	202	17
111	129	203	5
111	129	204	1
111	130	190	84
111	130	191	61
111	130	192	46
111	130	193	32
111	130	194	23
111	131	190	69
111	131	191	46
111	131	192	31
111	131	193	21
111	131	194	12
111	132	190	63
111	132	191	40
111	132	192	23
111	132	193	11
111	132	194	7
111	133	190	64
111	133	191	37
111	133	192	17
111	133	193	5
111	133	194	0
111	134	190	67
111	134	191	39
111	134	192	18
111	134	193	6
111	134	194	2
112	125	200	106
112	125	201	78
112	125	202	58
112	125	203	46
112	125	204	42
112	126	200	96
112	126	201	67
112	126	202	47
112	126	203	35
112	126	204	30
112	127	200	84
112	127	201	54
112	127	202	32
112	127	203	18
112	127	204	12
112	128	200	74
112	128	201	44
112	128	202	22
112	128	203	8
112	128	204	0
112	129	200	73
112	129	201	42
112	129	202	20
112	129	203	6
112	129	204	0
112	130	190	98
112	130	191	66
112	130	192	41
112	130	193	24
112	130	194	16
112	131	190	87
112	131	191	55
112	131	192	30
112	131	193	13
112	131	194	0
112	132	190	73
112	132	191	44
112	132	192	24
112	132	193	10
112	132	194	2
112	133	190	66
112	133	191	38
112	133	192	17
112	133	193	5
112	133	194	0
112	134	190	68
112	134	191	39
112	134	192	19
112	134	193	6
112	134	194	2
113	125	200	131
113	125	201	101
113	125	202	79
113	125	203	65
113	125	204	59
113	126	200	105
113	126	201	75
113	126	202	53
113	126	203	39
113	126	204	33
113	127	200	88
113	127	201	57
113	127	202	35
113	127	203	21
113	127	204	15
113	128	200	78
113	128	201	48
113	128	202	25
113	128	203	11
113	128	204	5
113	129	200	76
113	129	201	46
113	129	202	24
113	129	203	9
113	129	204	3
113	130	190	99
113	130	191	66
113	130	192	41
113	130	193	25
113	130	194	16
113	131	190	88
113	131	191	55
113	131	192	30
113	131	193	14
113	131	194	5
113	132	190	75
113	132	191	47
113	132	192	26
113	132	193	11
113	132	194	2
113	133	190	69
113	133	191	40
113	133	192	20
113	133	193	7
113	133	194	3
113	134	190	70
113	134	191	42
113	134	192	21
113	134	193	9
113	134	194	4
114	125	200	143
114	125	201	113
114	125	202	90
114	125	203	76
114	125	204	70
114	126	200	117
114	126	201	87
114	126	202	65
114	126	203	50
114	126	204	44
114	127	200	99
114	127	201	69
114	127	202	47
114	127	203	32
114	127	204	26
114	128	200	89
114	128	201	59
114	128	202	37
114	128	203	23
114	128	204	16
114	129	200	87
114	129	201	57
114	129	202	35
114	129	203	21
114	129	204	15
114	130	190	107
114	130	191	74
114	130	192	50
114	130	193	33
114	130	194	25
114	131	190	96
114	131	191	63
114	131	192	39
114	131	193	22
114	131	194	14
114	132	190	86
114	132	191	57
114	132	192	36
114	132	193	19
114	132	194	10
114	133	190	79
114	133	191	51
114	133	192	30
114	133	193	18
114	133	194	13
114	134	190	81
114	134	191	52
114	134	192	32
114	134	193	19
114	134	194	14
120	130	245	94
120	130	246	78
120	130	247	70
120	130	248	70
120	130	249	78
120	131	245	87
120	131	246	71
120	131	247	63
120	131	248	63
120	131	249	71
120	132	245	88
120	132	246	72
120	132	247	64
120	132	248	64
120	132	249	72
120	133	245	97
120	133	246	81
120	133	247	73
120	133	248	73
120	133	249	81
120	134	245	114
120	134	246	98
120	134	247	90
120	134	248	90
120	134	249	98
121	130	245	66
121	130	246	50
121	130	247	42
121	130	248	42
121	130	249	50
121	131	245	59
121	131	246	43
121	131	247	35
121	131	248	35
121	131	249	43
121	132	245	61
121	132	246	45
121	132	247	37
121	132	248	36
121	132	249	44
121	133	245	70
121	133	246	54
121	133	247	46
121	133	248	46
121	133	249	54
121	134	245	87
121	134	246	71
121	134	247	63
121	134	248	63
121	134	249	71
122	130	245	47
122	130	246	31
122	130	247	23
122	130	248	23
122	130	249	31
122	131	245	40
122	131	246	24
122	131	247	16
122	131	248	16
122	131	249	24
122	132	245	41
122	132	246	25
122	132	247	17
122	132	248	17
122	132	249	25
122	133	245	50
122	133	246	34
122	133	247	26
122	133	248	26
122	133	249	34
122	134	245	68
122	134	246	51
122	134	247	43
122	134	248	43
122	134	249	51
123	130	245	35
123	130	246	19
123	130	247	11
123	130	248	11
123	130	249	19
123	131	245	29
123	131	246	13
123	131	247	0
123	131	248	4
123	131	249	12
123	132	245	30
123	132	246	14
123	132	247	6
123	132	248	6
123	132	249	14
123	133	245	39
123	133	246	23
123	133	247	15
123	133	248	15
123	133	249	23
123	134	245	56
123	134	246	40
123	134	247	32
123	134	248	32
123	134	249	40
124	130	245	32
124	130	246	16
124	130	247	8
124	130	248	8
124	130	249	16
124	131	245	25
124	131	246	9
124	131	247	1
124	131	248	1
124	131	249	9
124	132	245	26
124	132	246	10
124	132	247	2
124	132	248	2
124	132	249	10
124	133	245	35
124	133	246	19
124	133	247	11
124	133	248	11
124	133	249	19
124	134	245	53
124	134	246	37
124	134	247	29
124	134	248	29
124	134	249	36
125	125	220	91
125	125	221	74
125	125	222	66
125	125	223	65
125	125	224	72
125	125	225	88
125	125	226	68
125	125	227	53
125	125	228	46
125	125	229	47
125	126	220	65
125	126	221	49
125	126	222	40
125	126	223	39
125	126	224	47
125	126	225	62
125	126	226	45
125	126	227	30
125	126	228	23
125	126	229	24
125	127	220	47
125	127	221	31
125	127	222	22
125	127	223	21
125	127	224	29
125	127	225	44
125	127	226	30
125	127	227	15
125	127	228	8
125	127	229	9
125	128	220	37
125	128	221	21
125	128	222	12
125	128	223	12
125	128	224	19
125	128	225	34
125	128	226	23
125	128	227	8
125	128	228	0
125	128	229	2
125	129	220	36
125	129	221	19
125	129	222	10
125	129	223	10
125	129	224	17
125	129	225	32
125	129	226	24
125	129	227	9
125	129	228	2
125	129	229	3
125	130	190	189
125	130	191	153
125	130	192	125
125	130	193	105
125	130	194	93
125	130	195	89
125	130	196	86
125	130	197	64
125	130	198	49
125	130	199	42
125	130	200	44
125	130	201	53
125	130	202	63
125	130	203	50
125	130	204	45
125	130	220	42
125	130	221	25
125	130	222	16
125	130	223	16
125	130	224	23
125	130	225	38
125	130	226	33
125	130	227	18
125	130	228	11
125	130	229	12
125	131	190	175
125	131	191	139
125	131	192	111
125	131	193	91
125	131	194	79
125	131	195	75
125	131	196	76
125	131	197	53
125	131	198	38
125	131	199	32
125	131	200	33
125	131	201	42
125	131	202	45
125	131	203	32
125	131	204	27
125	131	220	48
125	131	221	28
125	131	222	17
125	131	223	11
125	131	224	13
125	131	225	23
125	131	226	24
125	131	227	10
125	131	228	5
125	131	229	8
125	132	190	170
125	132	191	134
125	132	192	106
125	132	193	85
125	132	194	73
125	132	195	69
125	132	196	73
125	132	197	50
125	132	198	36
125	132	199	29
125	132	200	30
125	132	201	40
125	132	202	35
125	132	203	22
125	132	204	17
125	132	220	37
125	132	221	18
125	132	222	0
125	132	223	0
125	132	224	6
125	132	225	16
125	132	226	19
125	132	227	6
125	132	228	0
125	132	229	3
125	133	190	172
125	133	191	136
125	133	192	108
125	133	193	88
125	133	194	76
125	133	195	72
125	133	196	75
125	133	197	56
125	133	198	41
125	133	199	34
125	133	200	36
125	133	201	45
125	133	202	33
125	133	203	20
125	133	204	15
125	133	220	35
125	133	221	15
125	133	222	4
125	133	223	0
125	133	224	5
125	133	225	17
125	133	226	22
125	133	227	9
125	133	228	4
125	133	229	6
125	134	190	178
125	134	191	146
125	134	192	118
125	134	193	98
125	134	194	86
125	134	195	82
125	134	196	86
125	134	197	69
125	134	198	54
125	134	199	47
125	134	200	49
125	134	201	58
125	134	202	37
125	134	203	25
125	134	204	20
125	134	220	40
125	134	221	21
125	134	222	9
125	134	223	6
125	134	224	10
125	134	225	23
125	134	226	34
125	134	227	20
125	134	228	15
125	134	229	18
125	170	190	212
125	170	191	176
125	170	192	149
125	170	193	130
125	170	194	118
125	171	190	189
125	171	191	154
125	171	192	126
125	171	193	107
125	171	194	96
125	172	190	174
125	172	191	139
125	172	192	112
125	172	193	92
125	172	194	81
125	173	190	168
125	173	191	132
125	173	192	105
125	173	193	86
125	173	194	74
125	174	190	169
125	174	191	134
125	174	192	106
125	174	193	87
125	174	194	76
125	190	190	145
125	190	191	113
125	190	192	90
125	190	193	74
125	190	194	67
125	191	190	119
125	191	191	87
125	191	192	64
125	191	193	48
125	191	194	40
125	192	190	101
125	192	191	69
125	192	192	45
125	192	193	30
125	192	194	22
125	193	190	91
125	193	191	59
125	193	192	35
125	193	193	20
125	193	194	12
125	194	190	88
125	194	191	57
125	194	192	33
125	194	193	18
125	194	194	10
125	195	190	94
125	195	191	63
125	195	192	39
125	195	193	23
125	195	194	16
125	196	190	94
125	196	191	66
125	196	192	47
125	196	193	35
125	196	194	30
125	197	190	96
125	197	191	68
125	197	192	49
125	197	193	37
125	197	194	33
125	198	190	106
125	198	191	79
125	198	192	59
125	198	193	47
125	198	194	43
125	199	190	124
125	199	191	97
125	199	192	77
125	199	193	65
125	199	194	62
126	125	220	83
126	125	221	66
126	125	222	58
126	125	223	57
126	125	224	64
126	125	225	80
126	125	226	71
126	125	227	55
126	125	228	48
126	125	229	49
126	126	220	57
126	126	221	40
126	126	222	32
126	126	223	31
126	126	224	38
126	126	225	54
126	126	226	47
126	126	227	32
126	126	228	25
126	126	229	26
126	127	220	39
126	127	221	23
126	127	222	14
126	127	223	13
126	127	224	21
126	127	225	36
126	127	226	32
126	127	227	17
126	127	228	10
126	127	229	11
126	128	220	29
126	128	221	13
126	128	222	0
126	128	223	3
126	128	224	11
126	128	225	26
126	128	226	25
126	128	227	10
126	128	228	3
126	128	229	4
126	129	220	28
126	129	221	11
126	129	222	2
126	129	223	2
126	129	224	9
126	129	225	24
126	129	226	26
126	129	227	11
126	129	228	4
126	129	229	5
126	130	190	160
126	130	191	124
126	130	192	96
126	130	193	76
126	130	194	63
126	130	195	59
126	130	196	63
126	130	197	46
126	130	198	32
126	130	199	25
126	130	200	26
126	130	201	36
126	130	202	51
126	130	203	38
126	130	204	33
126	130	220	34
126	130	221	17
126	130	222	8
126	130	223	8
126	130	224	15
126	130	225	30
126	130	226	35
126	130	227	20
126	130	228	13
126	130	229	14
126	131	190	146
126	131	191	110
126	131	192	82
126	131	193	62
126	131	194	50
126	131	195	46
126	131	196	50
126	131	197	36
126	131	198	21
126	131	199	14
126	131	200	15
126	131	201	25
126	131	202	33
126	131	203	20
126	131	204	15
126	131	220	48
126	131	221	27
126	131	222	13
126	131	223	7
126	131	224	9
126	131	225	19
126	131	226	24
126	131	227	11
126	131	228	6
126	131	229	8
126	132	190	140
126	132	191	104
126	132	192	76
126	132	193	56
126	132	194	44
126	132	195	40
126	132	196	44
126	132	197	33
126	132	198	18
126	132	199	11
126	132	200	13
126	132	201	22
126	132	202	23
126	132	203	10
126	132	204	0
126	132	220	38
126	132	221	19
126	132	222	6
126	132	223	0
126	132	224	2
126	132	225	12
126	132	226	20
126	132	227	6
126	132	228	1
126	132	229	4
126	133	190	138
126	133	191	107
126	133	192	78
126	133	193	58
126	133	194	46
126	133	195	42
126	133	196	46
126	133	197	38
126	133	198	23
126	133	199	17
126	133	200	18
126	133	201	27
126	133	202	21
126	133	203	8
126	133	204	3
126	133	220	36
126	133	221	16
126	133	222	5
126	133	223	1
126	133	224	3
126	133	225	13
126	133	226	23
126	133	227	10
126	133	228	4
126	133	229	7
126	134	190	143
126	134	191	111
126	134	192	88
126	134	193	69
126	134	194	57
126	134	195	52
126	134	196	56
126	134	197	51
126	134	198	37
126	134	199	30
126	134	200	31
126	134	201	41
126	134	202	24
126	134	203	12
126	134	204	7
126	134	220	41
126	134	221	22
126	134	222	10
126	134	223	7
126	134	224	11
126	134	225	23
126	134	226	35
126	134	227	21
126	134	228	16
126	134	229	18
126	170	190	182
126	170	191	147
126	170	192	119
126	170	193	100
126	170	194	89
126	171	190	159
126	171	191	124
126	171	192	97
126	171	193	77
126	171	194	66
126	172	190	145
126	172	191	109
126	172	192	82
126	172	193	63
126	172	194	51
126	173	190	138
126	173	191	103
126	173	192	75
126	173	193	56
126	173	194	45
126	174	190	139
126	174	191	104
126	174	192	77
126	174	193	57
126	174	194	46
126	190	190	137
126	190	191	105
126	190	192	81
126	190	193	66
126	190	194	58
126	191	190	111
126	191	191	79
126	191	192	55
126	191	193	40
126	191	194	32
126	192	190	92
126	192	191	61
126	192	192	37
126	192	193	22
126	192	194	14
126	193	190	82
126	193	191	51
126	193	192	27
126	193	193	11
126	193	194	0
126	194	190	80
126	194	191	48
126	194	192	25
126	194	193	9
126	194	194	2
126	195	190	81
126	195	191	54
126	195	192	31
126	195	193	15
126	195	194	8
126	196	190	76
126	196	191	48
126	196	192	28
126	196	193	16
126	196	194	13
126	197	190	78
126	197	191	50
126	197	192	30
126	197	193	19
126	197	194	15
126	198	190	88
126	198	191	60
126	198	192	40
126	198	193	29
126	198	194	25
126	199	190	106
126	199	191	78
126	199	192	59
126	199	193	47
126	199	194	43
127	125	220	83
127	125	221	66
127	125	222	57
127	125	223	57
127	125	224	64
127	125	225	80
127	125	226	81
127	125	227	66
127	125	228	59
127	125	229	60
127	126	220	57
127	126	221	40
127	126	222	32
127	126	223	31
127	126	224	38
127	126	225	54
127	126	226	58
127	126	227	43
127	126	228	36
127	126	229	37
127	127	220	39
127	127	221	22
127	127	222	14
127	127	223	13
127	127	224	20
127	127	225	36
127	127	226	43
127	127	227	28
127	127	228	21
127	127	229	22
127	128	220	29
127	128	221	13
127	128	222	4
127	128	223	3
127	128	224	11
127	128	225	26
127	128	226	36
127	128	227	21
127	128	228	14
127	128	229	15
127	129	220	27
127	129	221	11
127	129	222	2
127	129	223	1
127	129	224	9
127	129	225	24
127	129	226	37
127	129	227	22
127	129	228	15
127	129	229	16
127	130	190	138
127	130	191	102
127	130	192	74
127	130	193	54
127	130	194	42
127	130	195	38
127	130	196	42
127	130	197	37
127	130	198	22
127	130	199	15
127	130	200	17
127	130	201	26
127	130	202	43
127	130	203	35
127	130	204	30
127	130	220	34
127	130	221	17
127	130	222	8
127	130	223	8
127	130	224	15
127	130	225	30
127	130	226	46
127	130	227	31
127	130	228	24
127	130	229	25
127	131	190	125
127	131	191	89
127	131	192	61
127	131	193	40
127	131	194	28
127	131	195	24
127	131	196	28
127	131	197	26
127	131	198	11
127	131	199	0
127	131	200	6
127	131	201	15
127	131	202	30
127	131	203	17
127	131	204	12
127	131	220	48
127	131	221	31
127	131	222	17
127	131	223	11
127	131	224	13
127	131	225	23
127	131	226	33
127	131	227	20
127	131	228	14
127	131	229	17
127	132	190	115
127	132	191	83
127	132	192	55
127	132	193	35
127	132	194	23
127	132	195	19
127	132	196	22
127	132	197	23
127	132	198	9
127	132	199	2
127	132	200	3
127	132	201	13
127	132	202	20
127	132	203	7
127	132	204	2
127	132	220	46
127	132	221	24
127	132	222	10
127	132	223	4
127	132	224	6
127	132	225	16
127	132	226	28
127	132	227	15
127	132	228	10
127	132	229	12
127	133	190	111
127	133	191	80
127	133	192	56
127	133	193	37
127	133	194	25
127	133	195	21
127	133	196	25
127	133	197	29
127	133	198	14
127	133	199	7
127	133	200	9
127	133	201	18
127	133	202	17
127	133	203	4
127	133	204	0
127	133	220	45
127	133	221	25
127	133	222	12
127	133	223	6
127	133	224	8
127	133	225	18
127	133	226	32
127	133	227	18
127	133	228	13
127	133	229	16
127	134	190	116
127	134	191	84
127	134	192	61
127	134	193	45
127	134	194	35
127	134	195	31
127	134	196	35
127	134	197	42
127	134	198	27
127	134	199	20
127	134	200	22
127	134	201	31
127	134	202	19
127	134	203	7
127	134	204	2
127	134	220	50
127	134	221	31
127	134	222	19
127	134	223	15
127	134	224	17
127	134	225	27
127	134	226	43
127	134	227	30
127	134	228	24
127	134	229	27
127	170	190	160
127	170	191	125
127	170	192	98
127	170	193	78
127	170	194	67
127	171	190	138
127	171	191	102
127	171	192	75
127	171	193	56
127	171	194	44
127	172	190	123
127	172	191	88
127	172	192	60
127	172	193	41
127	172	194	30
127	173	190	116
127	173	191	81
127	173	192	54
127	173	193	34
127	173	194	23
127	174	190	118
127	174	191	82
127	174	192	55
127	174	193	36
127	174	194	24
127	190	190	136
127	190	191	105
127	190	192	81
127	190	193	66
127	190	194	58
127	191	190	110
127	191	191	79
127	191	192	55
127	191	193	39
127	191	194	32
127	192	190	92
127	192	191	61
127	192	192	37
127	192	193	21
127	192	194	14
127	193	190	82
127	193	191	50
127	193	192	27
127	193	193	11
127	193	194	4
127	194	190	80
127	194	191	48
127	194	192	25
127	194	193	9
127	194	194	1
127	195	190	71
127	195	191	43
127	195	192	24
127	195	193	12
127	195	194	7
127	196	190	65
127	196	191	37
127	196	192	18
127	196	193	0
127	196	194	2
127	197	190	67
127	197	191	40
127	197	192	20
127	197	193	8
127	197	194	4
127	198	190	77
127	198	191	50
127	198	192	30
127	198	193	18
127	198	194	15
127	199	190	96
127	199	191	68
127	199	192	48
127	199	193	36
127	199	194	33
128	125	220	91
128	125	221	74
128	125	222	65
128	125	223	65
128	125	224	72
128	125	225	87
128	125	226	99
128	125	227	84
128	125	228	77
128	125	229	78
128	126	220	65
128	126	221	48
128	126	222	39
128	126	223	39
128	126	224	46
128	126	225	62
128	126	226	76
128	126	227	61
128	126	228	54
128	126	229	55
128	127	220	47
128	127	221	30
128	127	222	22
128	127	223	21
128	127	224	28
128	127	225	44
128	127	226	61
128	127	227	46
128	127	228	39
128	127	229	40
128	128	220	37
128	128	221	20
128	128	222	12
128	128	223	11
128	128	224	18
128	128	225	34
128	128	226	54
128	128	227	39
128	128	228	32
128	128	229	33
128	129	220	35
128	129	221	19
128	129	222	10
128	129	223	9
128	129	224	17
128	129	225	32
128	129	226	55
128	129	227	40
128	129	228	33
128	129	229	34
128	130	190	125
128	130	191	89
128	130	192	61
128	130	193	41
128	130	194	29
128	130	195	25
128	130	196	29
128	130	197	35
128	130	198	21
128	130	199	14
128	130	200	15
128	130	201	25
128	130	202	42
128	130	203	39
128	130	204	34
128	130	220	41
128	130	221	25
128	130	222	16
128	130	223	15
128	130	224	23
128	130	225	38
128	130	226	62
128	130	227	49
128	130	228	42
128	130	229	43
128	131	190	108
128	131	191	75
128	131	192	47
128	131	193	27
128	131	194	15
128	131	195	11
128	131	196	15
128	131	197	25
128	131	198	10
128	131	199	3
128	131	200	4
128	131	201	14
128	131	202	31
128	131	203	21
128	131	204	16
128	131	220	56
128	131	221	39
128	131	222	29
128	131	223	23
128	131	224	25
128	131	225	35
128	131	226	50
128	131	227	36
128	131	228	31
128	131	229	34
128	132	190	96
128	132	191	65
128	132	192	41
128	132	193	21
128	132	194	9
128	132	195	5
128	132	196	9
128	132	197	21
128	132	198	7
128	132	199	0
128	132	200	2
128	132	201	11
128	132	202	24
128	132	203	11
128	132	204	6
128	132	220	58
128	132	221	36
128	132	222	22
128	132	223	17
128	132	224	19
128	132	225	29
128	132	226	45
128	132	227	32
128	132	228	26
128	132	229	29
128	133	190	92
128	133	191	61
128	133	192	37
128	133	193	22
128	133	194	12
128	133	195	7
128	133	196	11
128	133	197	23
128	133	198	12
128	133	199	6
128	133	200	7
128	133	201	16
128	133	202	20
128	133	203	7
128	133	204	3
128	133	220	60
128	133	221	38
128	133	222	24
128	133	223	18
128	133	224	20
128	133	225	30
128	133	226	48
128	133	227	35
128	133	228	30
128	133	229	32
128	134	190	96
128	134	191	65
128	134	192	42
128	134	193	26
128	134	194	19
128	134	195	18
128	134	196	22
128	134	197	34
128	134	198	26
128	134	199	19
128	134	200	20
128	134	201	30
128	134	202	23
128	134	203	10
128	134	204	5
128	134	220	68
128	134	221	47
128	134	222	33
128	134	223	27
128	134	224	29
128	134	225	39
128	134	226	57
128	134	227	46
128	134	228	41
128	134	229	44
128	170	190	147
128	170	191	111
128	170	192	84
128	170	193	65
128	170	194	53
128	171	190	124
128	171	191	89
128	171	192	61
128	171	193	42
128	171	194	31
128	172	190	109
128	172	191	74
128	172	192	47
128	172	193	27
128	172	194	16
128	173	190	103
128	173	191	67
128	173	192	40
128	173	193	21
128	173	194	9
128	174	190	104
128	174	191	69
128	174	192	41
128	174	193	22
128	174	194	11
128	190	190	144
128	190	191	111
128	190	192	85
128	190	193	66
128	190	194	55
128	191	190	118
128	191	191	86
128	191	192	60
128	191	193	41
128	191	194	30
128	192	190	100
128	192	191	68
128	192	192	43
128	192	193	24
128	192	194	13
128	193	190	90
128	193	191	58
128	193	192	33
128	193	193	15
128	193	194	0
128	194	190	82
128	194	191	55
128	194	192	32
128	194	193	14
128	194	194	3
128	195	190	69
128	195	191	41
128	195	192	21
128	195	193	9
128	195	194	6
128	196	190	63
128	196	191	35
128	196	192	15
128	196	193	4
128	196	194	0
128	197	190	65
128	197	191	37
128	197	192	17
128	197	193	6
128	197	194	2
128	198	190	75
128	198	191	47
128	198	192	28
128	198	193	16
128	198	194	12
128	199	190	93
128	199	191	65
128	199	192	46
128	199	193	34
128	199	194	30
129	125	220	106
129	125	221	90
129	125	222	81
129	125	223	81
129	125	224	88
129	125	225	103
129	125	226	126
129	125	227	111
129	125	228	104
129	125	229	105
129	126	220	81
129	126	221	64
129	126	222	55
129	126	223	55
129	126	224	62
129	126	225	77
129	126	226	101
129	126	227	88
129	126	228	81
129	126	229	82
129	127	220	63
129	127	221	46
129	127	222	37
129	127	223	37
129	127	224	44
129	127	225	60
129	127	226	83
129	127	227	73
129	127	228	66
129	127	229	67
129	128	220	53
129	128	221	36
129	128	222	28
129	128	223	27
129	128	224	34
129	128	225	50
129	128	226	73
129	128	227	66
129	128	228	59
129	128	229	60
129	129	220	51
129	129	221	34
129	129	222	26
129	129	223	25
129	129	224	33
129	129	225	48
129	129	226	71
129	129	227	67
129	129	228	60
129	129	229	60
129	130	190	116
129	130	191	84
129	130	192	56
129	130	193	35
129	130	194	23
129	130	195	19
129	130	196	23
129	130	197	35
129	130	198	27
129	130	199	20
129	130	200	22
129	130	201	31
129	130	202	48
129	130	203	52
129	130	204	47
129	130	220	57
129	130	221	41
129	130	222	32
129	130	223	31
129	130	224	39
129	130	225	54
129	130	226	77
129	130	227	74
129	130	228	68
129	130	229	69
129	131	190	97
129	131	191	65
129	131	192	42
129	131	193	22
129	131	194	10
129	131	195	6
129	131	196	9
129	131	197	21
129	131	198	16
129	131	199	10
129	131	200	11
129	131	201	20
129	131	202	38
129	131	203	34
129	131	204	29
129	131	220	71
129	131	221	55
129	131	222	46
129	131	223	43
129	131	224	46
129	131	225	56
129	131	226	74
129	131	227	61
129	131	228	56
129	131	229	58
129	132	190	84
129	132	191	53
129	132	192	30
129	132	193	15
129	132	194	0
129	132	195	0
129	132	196	4
129	132	197	16
129	132	198	14
129	132	199	7
129	132	200	8
129	132	201	18
129	132	202	35
129	132	203	24
129	132	204	19
129	132	220	79
129	132	221	57
129	132	222	43
129	132	223	37
129	132	224	39
129	132	225	49
129	132	226	67
129	132	227	56
129	132	228	51
129	132	229	54
129	133	190	77
129	133	191	50
129	133	192	26
129	133	193	11
129	133	194	3
129	133	195	2
129	133	196	6
129	133	197	18
129	133	198	19
129	133	199	12
129	133	200	14
129	133	201	23
129	133	202	31
129	133	203	18
129	133	204	14
129	133	220	80
129	133	221	58
129	133	222	44
129	133	223	38
129	133	224	40
129	133	225	50
129	133	226	68
129	133	227	60
129	133	228	54
129	133	229	57
129	134	190	77
129	134	191	54
129	134	192	30
129	134	193	15
129	134	194	8
129	134	195	8
129	134	196	16
129	134	197	28
129	134	198	32
129	134	199	25
129	134	200	27
129	134	201	36
129	134	202	34
129	134	203	21
129	134	204	16
129	134	220	89
129	134	221	67
129	134	222	53
129	134	223	47
129	134	224	49
129	134	225	59
129	134	226	77
129	134	227	71
129	134	228	66
129	134	229	68
129	170	190	141
129	170	191	106
129	170	192	78
129	170	193	59
129	170	194	48
129	171	190	118
129	171	191	83
129	171	192	56
129	171	193	36
129	171	194	25
129	172	190	104
129	172	191	68
129	172	192	41
129	172	193	22
129	172	194	10
129	173	190	97
129	173	191	61
129	173	192	34
129	173	193	15
129	173	194	0
129	174	190	98
129	174	191	63
129	174	192	35
129	174	193	16
129	174	194	5
129	190	190	149
129	190	191	114
129	190	192	88
129	190	193	69
129	190	194	58
129	191	190	124
129	191	191	89
129	191	192	62
129	191	193	44
129	191	194	33
129	192	190	107
129	192	191	72
129	192	192	45
129	192	193	27
129	192	194	16
129	193	190	98
129	193	191	63
129	193	192	36
129	193	193	18
129	193	194	7
129	194	190	88
129	194	191	60
129	194	192	35
129	194	193	17
129	194	194	6
129	195	190	74
129	195	191	46
129	195	192	27
129	195	193	14
129	195	194	8
129	196	190	68
129	196	191	41
129	196	192	21
129	196	193	9
129	196	194	0
129	197	190	70
129	197	191	43
129	197	192	23
129	197	193	11
129	197	194	7
129	198	190	81
129	198	191	53
129	198	192	33
129	198	193	21
129	198	194	18
129	199	190	99
129	199	191	71
129	199	192	51
129	199	193	40
129	199	194	36
130	125	190	151
130	125	191	137
130	125	192	132
130	125	193	134
130	125	194	145
130	126	190	126
130	126	191	112
130	126	192	107
130	126	193	109
130	126	194	120
130	127	190	109
130	127	191	96
130	127	192	90
130	127	193	92
130	127	194	103
130	128	190	100
130	128	191	87
130	128	192	81
130	128	193	84
130	128	194	77
130	129	190	99
130	129	191	86
130	129	192	80
130	129	193	60
130	129	194	48
130	130	190	97
130	130	191	82
130	130	192	58
130	130	193	38
130	130	194	26
130	131	190	73
130	131	191	60
130	131	192	39
130	131	193	23
130	131	194	12
130	132	190	58
130	132	191	44
130	132	192	27
130	132	193	11
130	132	194	4
130	133	190	51
130	133	191	37
130	133	192	23
130	133	193	8
130	133	194	0
130	134	190	51
130	134	191	38
130	134	192	27
130	134	193	12
130	134	194	5
130	190	190	144
130	190	191	109
130	190	192	83
130	190	193	64
130	190	194	53
130	190	195	50
130	190	196	56
130	190	197	69
130	190	198	90
130	190	199	119
130	191	190	120
130	191	191	85
130	191	192	58
130	191	193	40
130	191	194	29
130	191	195	26
130	191	196	31
130	191	197	44
130	191	198	66
130	191	199	95
130	192	190	104
130	192	191	69
130	192	192	42
130	192	193	23
130	192	194	12
130	192	195	10
130	192	196	15
130	192	197	28
130	192	198	49
130	192	199	78
130	193	190	95
130	193	191	60
130	193	192	34
130	193	193	15
130	193	194	0
130	193	195	1
130	193	196	6
130	193	197	20
130	193	198	41
130	193	199	70
130	194	190	90
130	194	191	60
130	194	192	33
130	194	193	14
130	194	194	4
130	194	195	1
130	194	196	6
130	194	197	19
130	194	198	41
130	194	199	70
130	195	190	77
130	195	191	47
130	195	192	25
130	195	193	11
130	195	194	5
130	196	190	72
130	196	191	42
130	196	192	20
130	196	193	6
130	196	194	0
130	197	190	76
130	197	191	46
130	197	192	23
130	197	193	9
130	197	194	3
130	198	190	87
130	198	191	57
130	198	192	35
130	198	193	21
130	198	194	14
130	199	190	106
130	199	191	76
130	199	192	54
130	199	193	40
130	199	194	34
131	125	190	119
131	125	191	105
131	125	192	100
131	125	193	102
131	125	194	113
131	126	190	94
131	126	191	81
131	126	192	75
131	126	193	77
131	126	194	88
131	127	190	77
131	127	191	64
131	127	192	58
131	127	193	61
131	127	194	71
131	128	190	68
131	128	191	55
131	128	192	49
131	128	193	52
131	128	194	62
131	129	190	68
131	129	191	54
131	129	192	48
131	129	193	51
131	129	194	58
131	130	190	75
131	130	191	61
131	130	192	56
131	130	193	48
131	130	194	37
131	131	190	55
131	131	191	42
131	131	192	36
131	131	193	28
131	131	194	21
131	132	190	40
131	132	191	26
131	132	192	21
131	132	193	16
131	132	194	9
131	133	190	32
131	133	191	19
131	133	192	13
131	133	193	13
131	133	194	5
131	134	190	33
131	134	191	19
131	134	192	14
131	134	193	16
131	134	194	9
131	190	190	145
131	190	191	111
131	190	192	84
131	190	193	65
131	190	194	54
131	190	195	52
131	190	196	57
131	190	197	70
131	190	198	91
131	190	199	120
131	191	190	121
131	191	191	86
131	191	192	60
131	191	193	41
131	191	194	30
131	191	195	27
131	191	196	32
131	191	197	46
131	191	198	67
131	191	199	96
131	192	190	105
131	192	191	70
131	192	192	43
131	192	193	24
131	192	194	14
131	192	195	11
131	192	196	16
131	192	197	29
131	192	198	50
131	192	199	80
131	193	190	96
131	193	191	62
131	193	192	35
131	193	193	16
131	193	194	5
131	193	195	2
131	193	196	8
131	193	197	21
131	193	198	42
131	193	199	71
131	194	190	94
131	194	191	61
131	194	192	34
131	194	193	16
131	194	194	5
131	194	195	2
131	194	196	7
131	194	197	21
131	194	198	42
131	194	199	71
131	195	190	81
131	195	191	51
131	195	192	29
131	195	193	15
131	195	194	9
131	196	190	77
131	196	191	46
131	196	192	24
131	196	193	10
131	196	194	4
131	197	190	80
131	197	191	50
131	197	192	28
131	197	193	13
131	197	194	7
131	198	190	91
131	198	191	61
131	198	192	39
131	198	193	25
131	198	194	19
131	199	190	110
131	199	191	80
131	199	192	58
131	199	193	44
131	199	194	38
132	125	190	95
132	125	191	82
132	125	192	76
132	125	193	79
132	125	194	89
132	126	190	70
132	126	191	57
132	126	192	51
132	126	193	54
132	126	194	64
132	127	190	54
132	127	191	40
132	127	192	34
132	127	193	37
132	127	194	47
132	128	190	45
132	128	191	31
132	128	192	26
132	128	193	28
132	128	194	38
132	129	190	44
132	129	191	30
132	129	192	25
132	129	193	27
132	129	194	38
132	130	190	51
132	130	191	37
132	130	192	32
132	130	193	34
132	130	194	45
132	131	190	45
132	131	191	31
132	131	192	26
132	131	193	28
132	131	194	34
132	132	190	30
132	132	191	16
132	132	192	10
132	132	193	13
132	132	194	22
132	133	190	22
132	133	191	8
132	133	192	0
132	133	193	5
132	133	194	16
132	134	190	23
132	134	191	9
132	134	192	3
132	134	193	6
132	134	194	16
132	190	190	152
132	190	191	116
132	190	192	88
132	190	193	68
132	190	194	56
132	190	195	52
132	190	196	55
132	190	197	67
132	190	198	87
132	190	199	115
132	191	190	129
132	191	191	93
132	191	192	64
132	191	193	44
132	191	194	32
132	191	195	28
132	191	196	32
132	191	197	44
132	191	198	64
132	191	199	92
132	192	190	113
132	192	191	77
132	192	192	49
132	192	193	29
132	192	194	17
132	192	195	13
132	192	196	17
132	192	197	29
132	192	198	49
132	192	199	77
132	193	190	106
132	193	191	70
132	193	192	42
132	193	193	22
132	193	194	10
132	193	195	6
132	193	196	10
132	193	197	22
132	193	198	42
132	193	199	70
132	194	190	93
132	194	191	61
132	194	192	38
132	194	193	23
132	194	194	11
132	194	195	7
132	194	196	10
132	194	197	22
132	194	198	42
132	194	199	70
132	195	190	81
132	195	191	50
132	195	192	26
132	195	193	11
132	195	194	0
132	196	190	77
132	196	191	46
132	196	192	23
132	196	193	7
132	196	194	0
132	197	190	81
132	197	191	50
132	197	192	27
132	197	193	11
132	197	194	4
132	198	190	93
132	198	191	62
132	198	192	39
132	198	193	24
132	198	194	16
132	199	190	113
132	199	191	82
132	199	192	59
132	199	193	44
132	199	194	37
133	125	190	79
133	125	191	66
133	125	192	60
133	125	193	63
133	125	194	73
133	126	190	55
133	126	191	41
133	126	192	36
133	126	193	38
133	126	194	48
133	127	190	38
133	127	191	24
133	127	192	19
133	127	193	21
133	127	194	32
133	128	190	29
133	128	191	15
133	128	192	10
133	128	193	12
133	128	194	23
133	129	190	28
133	129	191	14
133	129	192	9
133	129	193	11
133	129	194	22
133	130	190	35
133	130	191	22
133	130	192	16
133	130	193	19
133	130	194	29
133	131	190	43
133	131	191	29
133	131	192	24
133	131	193	26
133	131	194	36
133	132	190	27
133	132	191	14
133	132	192	8
133	132	193	10
133	132	194	21
133	133	190	20
133	133	191	6
133	133	192	1
133	133	193	3
133	133	194	13
133	134	190	20
133	134	191	7
133	134	192	1
133	134	193	4
133	134	194	14
133	190	190	146
133	190	191	110
133	190	192	82
133	190	193	62
133	190	194	50
133	190	195	46
133	190	196	50
133	190	197	62
133	190	198	82
133	190	199	110
133	191	190	123
133	191	191	87
133	191	192	59
133	191	193	39
133	191	194	27
133	191	195	23
133	191	196	27
133	191	197	39
133	191	198	59
133	191	199	87
133	192	190	108
133	192	191	72
133	192	192	44
133	192	193	24
133	192	194	12
133	192	195	8
133	192	196	11
133	192	197	23
133	192	198	43
133	192	199	71
133	193	190	101
133	193	191	65
133	193	192	36
133	193	193	16
133	193	194	4
133	193	195	0
133	193	196	4
133	193	197	16
133	193	198	36
133	193	199	64
133	194	190	96
133	194	191	65
133	194	192	37
133	194	193	17
133	194	194	5
133	194	195	1
133	194	196	5
133	194	197	17
133	194	198	37
133	194	199	65
133	195	190	84
133	195	191	53
133	195	192	30
133	195	193	15
133	195	194	7
133	196	190	80
133	196	191	49
133	196	192	26
133	196	193	11
133	196	194	4
133	197	190	84
133	197	191	53
133	197	192	30
133	197	193	15
133	197	194	8
133	198	190	97
133	198	191	65
133	198	192	42
133	198	193	27
133	198	194	20
133	199	190	117
133	199	191	86
133	199	192	62
133	199	193	47
133	199	194	40
134	125	190	72
134	125	191	58
134	125	192	53
134	125	193	55
134	125	194	65
134	126	190	47
134	126	191	33
134	126	192	28
134	126	193	30
134	126	194	41
134	127	190	30
134	127	191	16
134	127	192	11
134	127	193	13
134	127	194	24
134	128	190	21
134	128	191	8
134	128	192	0
134	128	193	4
134	128	194	15
134	129	190	20
134	129	191	7
134	129	192	1
134	129	193	4
134	129	194	14
134	130	190	27
134	130	191	14
134	130	192	8
134	130	193	11
134	130	194	21
134	131	190	43
134	131	191	29
134	131	192	23
134	131	193	25
134	131	194	33
134	132	190	33
134	132	191	17
134	132	192	9
134	132	193	9
134	132	194	17
134	133	190	25
134	133	191	9
134	133	192	0
134	133	193	2
134	133	194	10
134	134	190	26
134	134	191	10
134	134	192	2
134	134	193	2
134	134	194	10
134	190	190	149
134	190	191	113
134	190	192	85
134	190	193	65
134	190	194	53
134	190	195	49
134	190	196	52
134	190	197	62
134	190	198	80
134	190	199	105
134	191	190	126
134	191	191	90
134	191	192	61
134	191	193	41
134	191	194	29
134	191	195	25
134	191	196	29
134	191	197	40
134	191	198	57
134	191	199	83
134	192	190	110
134	192	191	74
134	192	192	46
134	192	193	26
134	192	194	14
134	192	195	10
134	192	196	14
134	192	197	26
134	192	198	43
134	192	199	69
134	193	190	103
134	193	191	67
134	193	192	39
134	193	193	19
134	193	194	7
134	193	195	3
134	193	196	7
134	193	197	19
134	193	198	37
134	193	199	63
134	194	190	104
134	194	191	68
134	194	192	40
134	194	193	20
134	194	194	8
134	194	195	4
134	194	196	7
134	194	197	19
134	194	198	39
134	194	199	65
134	195	190	95
134	195	191	60
134	195	192	34
134	195	193	16
134	195	194	0
134	196	190	92
134	196	191	58
134	196	192	31
134	196	193	13
134	196	194	3
134	197	190	96
134	197	191	63
134	197	192	37
134	197	193	18
134	197	194	8
134	198	190	108
134	198	191	77
134	198	192	50
134	198	193	32
134	198	194	21
134	199	190	128
134	199	191	97
134	199	192	72
134	199	193	53
134	199	194	43
135	165	190	165
135	165	191	132
135	165	192	106
135	165	193	88
135	165	194	78
135	165	195	75
135	165	196	75
135	165	197	83
135	165	198	99
135	165	199	123
135	166	190	138
135	166	191	104
135	166	192	78
135	166	193	61
135	166	194	51
135	166	195	49
135	166	196	55
135	166	197	69
135	166	198	89
135	166	199	113
135	167	190	119
135	167	191	85
135	167	192	59
135	167	193	41
135	167	194	31
135	167	195	29
135	167	196	36
135	167	197	50
135	167	198	72
135	167	199	102
135	168	190	107
135	168	191	73
135	168	192	47
135	168	193	30
135	168	194	20
135	168	195	18
135	168	196	24
135	168	197	38
135	168	198	61
135	168	199	91
135	169	190	104
135	169	191	70
135	169	192	44
135	169	193	26
135	169	194	16
135	169	195	15
135	169	196	21
135	169	197	35
135	169	198	57
135	169	199	87
135	190	195	43
135	190	196	45
135	190	197	55
135	190	198	72
135	190	199	98
135	191	195	21
135	191	196	23
135	191	197	32
135	191	198	50
135	191	199	76
135	192	195	7
135	192	196	9
135	192	197	18
135	192	198	36
135	192	199	61
135	193	195	0
135	193	196	2
135	193	197	12
135	193	198	30
135	193	199	55
135	194	195	3
135	194	196	4
135	194	197	14
135	194	198	32
135	194	199	57
135	195	190	96
135	195	191	62
135	195	192	35
135	195	193	17
135	195	194	0
135	196	190	93
135	196	191	59
135	196	192	33
135	196	193	14
135	196	194	4
135	197	190	99
135	197	191	65
135	197	192	38
135	197	193	20
135	197	194	9
135	198	190	112
135	198	191	78
135	198	192	52
135	198	193	33
135	198	194	23
135	199	190	134
135	199	191	99
135	199	192	73
135	199	193	55
135	199	194	44
136	165	190	154
136	165	191	120
136	165	192	94
136	165	193	71
136	165	194	55
136	165	195	47
136	165	196	47
136	165	197	55
136	165	198	72
136	165	199	96
136	166	190	127
136	166	191	93
136	166	192	67
136	166	193	49
136	166	194	39
136	166	195	37
136	166	196	38
136	166	197	46
136	166	198	62
136	166	199	86
136	167	190	107
136	167	191	73
136	167	192	48
136	167	193	30
136	167	194	20
136	167	195	18
136	167	196	24
136	167	197	38
136	167	198	60
136	167	199	84
136	168	190	96
136	168	191	62
136	168	192	36
136	168	193	18
136	168	194	0
136	168	195	7
136	168	196	13
136	168	197	27
136	168	198	49
136	168	199	79
136	169	190	92
136	169	191	58
136	169	192	33
136	169	193	15
136	169	194	5
136	169	195	3
136	169	196	9
136	169	197	24
136	169	198	46
136	169	199	76
136	190	195	44
136	190	196	46
136	190	197	55
136	190	198	73
136	190	199	98
136	191	195	22
136	191	196	23
136	191	197	33
136	191	198	51
136	191	199	76
136	192	195	8
136	192	196	9
136	192	197	19
136	192	198	36
136	192	199	62
136	193	195	1
136	193	196	3
136	193	197	13
136	193	198	30
136	193	199	56
136	194	195	3
136	194	196	5
136	194	197	15
136	194	198	32
136	194	199	58
136	195	190	97
136	195	191	62
136	195	192	35
136	195	193	16
136	195	194	5
136	196	190	95
136	196	191	60
136	196	192	33
136	196	193	14
136	196	194	3
136	197	190	101
136	197	191	66
136	197	192	39
136	197	193	20
136	197	194	9
136	198	190	115
136	198	191	80
136	198	192	53
136	198	193	34
136	198	194	23
136	199	190	137
136	199	191	102
136	199	192	75
136	199	193	56
136	199	194	45
137	165	190	147
137	165	191	107
137	165	192	76
137	165	193	52
137	165	194	36
137	165	195	28
137	165	196	28
137	165	197	36
137	165	198	52
137	165	199	76
137	166	190	123
137	166	191	89
137	166	192	64
137	166	193	42
137	166	194	26
137	166	195	18
137	166	196	18
137	166	197	26
137	166	198	42
137	166	199	66
137	167	190	104
137	167	191	70
137	167	192	44
137	167	193	26
137	167	194	17
137	167	195	15
137	167	196	16
137	167	197	24
137	167	198	40
137	167	199	64
137	168	190	92
137	168	191	59
137	168	192	33
137	168	193	15
137	168	194	5
137	168	195	3
137	168	196	9
137	168	197	24
137	168	198	46
137	168	199	70
137	169	190	89
137	169	191	55
137	169	192	29
137	169	193	11
137	169	194	2
137	169	195	0
137	169	196	6
137	169	197	20
137	169	198	42
137	169	199	73
137	190	195	42
137	190	196	42
137	190	197	50
137	190	198	65
137	190	199	89
137	191	195	21
137	191	196	20
137	191	197	28
137	191	198	44
137	191	199	68
137	192	195	7
137	192	196	7
137	192	197	15
137	192	198	31
137	192	199	55
137	193	195	0
137	193	196	2
137	193	197	10
137	193	198	26
137	193	199	50
137	194	195	5
137	194	196	5
137	194	197	13
137	194	198	29
137	194	199	53
137	195	190	103
137	195	191	68
137	195	192	41
137	195	193	22
137	195	194	11
137	196	190	101
137	196	191	66
137	196	192	39
137	196	193	20
137	196	194	9
137	197	190	107
137	197	191	72
137	197	192	45
137	197	193	26
137	197	194	15
137	198	190	121
137	198	191	86
137	198	192	59
137	198	193	40
137	198	194	29
137	199	190	143
137	199	191	108
137	199	192	81
137	199	193	62
137	199	194	51
138	165	190	136
138	165	191	96
138	165	192	64
138	165	193	40
138	165	194	24
138	165	195	16
138	165	196	16
138	165	197	24
138	165	198	40
138	165	199	64
138	166	190	121
138	166	191	86
138	166	192	54
138	166	193	30
138	166	194	14
138	166	195	0
138	166	196	6
138	166	197	14
138	166	198	30
138	166	199	54
138	167	190	101
138	167	191	69
138	167	192	44
138	167	193	27
138	167	194	12
138	167	195	4
138	167	196	4
138	167	197	12
138	167	198	29
138	167	199	53
138	168	190	90
138	168	191	57
138	168	192	33
138	168	193	16
138	168	194	0
138	168	195	7
138	168	196	11
138	168	197	19
138	168	198	35
138	168	199	59
138	169	190	86
138	169	191	54
138	169	192	29
138	169	193	13
138	169	194	4
138	169	195	3
138	169	196	11
138	169	197	25
138	169	198	47
138	169	199	73
138	190	195	41
138	190	196	41
138	190	197	49
138	190	198	64
138	190	199	88
138	191	195	20
138	191	196	19
138	191	197	27
138	191	198	43
138	191	199	67
138	192	195	6
138	192	196	6
138	192	197	14
138	192	198	30
138	192	199	54
138	193	195	1
138	193	196	1
138	193	197	9
138	193	198	25
138	193	199	49
138	194	195	4
138	194	196	4
138	194	197	12
138	194	198	28
138	194	199	52
138	195	190	117
138	195	191	82
138	195	192	55
138	195	193	36
138	195	194	23
138	196	190	115
138	196	191	80
138	196	192	53
138	196	193	34
138	196	194	23
138	197	190	121
138	197	191	86
138	197	192	59
138	197	193	40
138	197	194	29
138	198	190	135
138	198	191	100
138	198	192	73
138	198	193	54
138	198	194	43
138	199	190	157
138	199	191	122
138	199	192	95
138	199	193	76
138	199	194	65
139	165	190	132
139	165	191	92
139	165	192	60
139	165	193	36
139	165	194	20
139	165	195	13
139	165	196	13
139	165	197	21
139	165	198	37
139	165	199	61
139	166	190	117
139	166	191	82
139	166	192	50
139	166	193	27
139	166	194	11
139	166	195	3
139	166	196	3
139	166	197	11
139	166	198	27
139	166	199	51
139	167	190	98
139	167	191	65
139	167	192	41
139	167	193	24
139	167	194	9
139	167	195	1
139	167	196	1
139	167	197	9
139	167	198	25
139	167	199	49
139	168	190	87
139	168	191	54
139	168	192	29
139	168	193	13
139	168	194	4
139	168	195	4
139	168	196	7
139	168	197	15
139	168	198	31
139	168	199	55
139	169	190	83
139	169	191	51
139	169	192	26
139	169	193	10
139	169	194	1
139	169	195	0
139	169	196	8
139	169	197	23
139	169	198	45
139	169	199	69
139	190	195	46
139	190	196	45
139	190	197	52
139	190	198	67
139	190	199	89
139	191	195	26
139	191	196	25
139	191	197	32
139	191	198	46
139	191	199	69
139	192	195	13
139	192	196	13
139	192	197	20
139	192	198	34
139	192	199	57
139	193	195	8
139	193	196	8
139	193	197	15
139	193	198	30
139	193	199	53
139	194	195	11
139	194	196	11
139	194	197	19
139	194	198	34
139	194	199	57
139	195	190	139
139	195	191	102
139	195	192	70
139	195	193	46
139	195	194	30
139	196	190	137
139	196	191	102
139	196	192	75
139	196	193	56
139	196	194	45
139	197	190	143
139	197	191	108
139	197	192	81
139	197	193	62
139	197	194	51
139	198	190	157
139	198	191	122
139	198	192	95
139	198	193	76
139	198	194	65
139	199	190	179
139	199	191	144
139	199	192	117
139	199	193	98
139	199	194	87
140	125	195	55
140	125	196	55
140	125	197	64
140	125	198	80
140	125	199	104
140	126	195	35
140	126	196	36
140	126	197	44
140	126	198	61
140	126	199	85
140	127	195	24
140	127	196	24
140	127	197	33
140	127	198	49
140	127	199	73
140	128	195	20
140	128	196	21
140	128	197	29
140	128	198	45
140	128	199	70
140	129	195	25
140	129	196	25
140	129	197	33
140	129	198	50
140	129	199	74
140	130	195	25
140	130	196	24
140	130	197	30
140	130	198	44
140	130	199	66
140	131	195	11
140	131	196	9
140	131	197	15
140	131	198	29
140	131	199	51
140	132	195	0
140	132	196	2
140	132	197	8
140	132	198	22
140	132	199	44
140	133	195	5
140	133	196	3
140	133	197	9
140	133	198	23
140	133	199	46
140	134	195	14
140	134	196	13
140	134	197	19
140	134	198	33
140	134	199	55
140	170	195	10
140	170	196	17
140	170	197	33
140	170	198	53
140	170	199	72
140	171	195	22
140	171	196	18
140	171	197	22
140	171	198	33
140	171	199	52
140	172	195	11
140	172	196	0
140	172	197	10
140	172	198	21
140	172	199	40
140	173	195	8
140	173	196	3
140	173	197	6
140	173	198	17
140	173	199	36
140	174	195	12
140	174	196	7
140	174	197	10
140	174	198	21
140	174	199	40
140	190	195	39
140	190	196	37
140	190	197	44
140	190	198	59
140	190	199	82
140	191	195	18
140	191	196	17
140	191	197	24
140	191	198	39
140	191	199	61
140	192	195	6
140	192	196	5
140	192	197	12
140	192	198	27
140	192	199	49
140	193	195	0
140	193	196	1
140	193	197	8
140	193	198	22
140	193	199	45
140	194	195	6
140	194	196	5
140	194	197	11
140	194	198	26
140	194	199	49
141	125	195	41
141	125	196	42
141	125	197	50
141	125	198	66
141	125	199	91
141	126	195	22
141	126	196	22
141	126	197	30
141	126	198	47
141	126	199	71
141	127	195	10
141	127	196	10
141	127	197	19
141	127	198	35
141	127	199	60
141	128	195	6
141	128	196	7
141	128	197	15
141	128	198	32
141	128	199	56
141	129	195	11
141	129	196	11
141	129	197	20
141	129	198	36
141	129	199	60
141	130	195	23
141	130	196	22
141	130	197	28
141	130	198	42
141	130	199	65
141	131	195	9
141	131	196	7
141	131	197	14
141	131	198	28
141	131	199	50
141	132	195	3
141	132	196	1
141	132	197	7
141	132	198	21
141	132	199	43
141	133	195	4
141	133	196	2
141	133	197	8
141	133	198	22
141	133	199	44
141	134	195	13
141	134	196	11
141	134	197	17
141	134	198	31
141	134	199	53
141	170	195	23
141	170	196	30
141	170	197	38
141	170	198	50
141	170	199	69
141	171	195	20
141	171	196	15
141	171	197	19
141	171	198	30
141	171	199	49
141	172	195	8
141	172	196	3
141	172	197	7
141	172	198	18
141	172	199	37
141	173	195	4
141	173	196	0
141	173	197	3
141	173	198	14
141	173	199	33
141	174	195	9
141	174	196	4
141	174	197	7
141	174	198	18
141	174	199	37
141	190	195	39
141	190	196	38
141	190	197	44
141	190	198	59
141	190	199	82
141	191	195	19
141	191	196	17
141	191	197	24
141	191	198	39
141	191	199	62
141	192	195	6
141	192	196	5
141	192	197	12
141	192	198	27
141	192	199	50
141	193	195	2
141	193	196	1
141	193	197	8
141	193	198	23
141	193	199	45
141	194	195	6
141	194	196	5
141	194	197	12
141	194	198	27
141	194	199	49
142	125	195	35
142	125	196	36
142	125	197	44
142	125	198	60
142	125	199	85
142	126	195	16
142	126	196	16
142	126	197	24
142	126	198	41
142	126	199	65
142	127	195	0
142	127	196	5
142	127	197	13
142	127	198	29
142	127	199	54
142	128	195	1
142	128	196	1
142	128	197	9
142	128	198	26
142	128	199	50
142	129	195	5
142	129	196	5
142	129	197	14
142	129	198	30
142	129	199	55
142	130	195	17
142	130	196	18
142	130	197	26
142	130	198	43
142	130	199	67
142	131	195	16
142	131	196	14
142	131	197	20
142	131	198	34
142	131	199	56
142	132	195	9
142	132	196	7
142	132	197	13
142	132	198	28
142	132	199	50
142	133	195	10
142	133	196	9
142	133	197	15
142	133	198	29
142	133	199	51
142	134	195	20
142	134	196	18
142	134	197	24
142	134	198	38
142	134	199	60
142	170	195	44
142	170	196	40
142	170	197	43
142	170	198	55
142	170	199	74
142	171	195	25
142	171	196	20
142	171	197	23
142	171	198	35
142	171	199	54
142	172	195	13
142	172	196	8
142	172	197	12
142	172	198	23
142	172	199	42
142	173	195	9
142	173	196	4
142	173	197	8
142	173	198	19
142	173	199	38
142	174	195	13
142	174	196	9
142	174	197	12
142	174	198	23
142	174	199	42
142	190	195	47
142	190	196	46
142	190	197	53
142	190	198	67
142	190	199	90
142	191	195	27
142	191	196	26
142	191	197	32
142	191	198	47
142	191	199	70
142	192	195	15
142	192	196	13
142	192	197	20
142	192	198	35
142	192	199	58
142	193	195	11
142	193	196	9
142	193	197	16
142	193	198	31
142	193	199	54
142	194	195	14
142	194	196	13
142	194	197	20
142	194	198	35
142	194	199	58
143	125	195	37
143	125	196	38
143	125	197	46
143	125	198	63
143	125	199	87
143	126	195	18
143	126	196	18
143	126	197	27
143	126	198	43
143	126	199	67
143	127	195	6
143	127	196	7
143	127	197	15
143	127	198	31
143	127	199	56
143	128	195	3
143	128	196	3
143	128	197	12
143	128	198	28
143	128	199	52
143	129	195	7
143	129	196	8
143	129	197	16
143	129	198	32
143	129	199	57
143	130	195	20
143	130	196	20
143	130	197	28
143	130	198	45
143	130	199	69
143	131	195	31
143	131	196	29
143	131	197	35
143	131	198	49
143	131	199	71
143	132	195	24
143	132	196	22
143	132	197	28
143	132	198	42
143	132	199	64
143	133	195	25
143	133	196	23
143	133	197	29
143	133	198	43
143	133	199	65
143	134	195	34
143	134	196	32
143	134	197	38
143	134	198	53
143	134	199	75
143	170	195	58
143	170	196	53
143	170	197	56
143	170	198	67
143	170	199	87
143	171	195	38
143	171	196	33
143	171	197	36
143	171	198	48
143	171	199	67
143	172	195	26
143	172	196	21
143	172	197	24
143	172	198	36
143	172	199	55
143	173	195	22
143	173	196	17
143	173	197	21
143	173	198	32
143	173	199	51
143	174	195	26
143	174	196	22
143	174	197	25
143	174	198	36
143	174	199	55
143	190	195	63
143	190	196	62
143	190	197	69
143	190	198	84
143	190	199	106
143	191	195	43
143	191	196	42
143	191	197	49
143	191	198	63
143	191	199	86
143	192	195	31
143	192	196	30
143	192	197	37
143	192	198	51
143	192	199	74
143	193	195	27
143	193	196	26
143	193	197	32
143	193	198	47
143	193	199	70
143	194	195	31
143	194	196	29
143	194	197	36
143	194	198	51
143	194	199	74
144	125	195	48
144	125	196	48
144	125	197	56
144	125	198	73
144	125	199	97
144	126	195	28
144	126	196	28
144	126	197	37
144	126	198	53
144	126	199	78
144	127	195	16
144	127	196	17
144	127	197	25
144	127	198	42
144	127	199	66
144	128	195	13
144	128	196	13
144	128	197	22
144	128	198	38
144	128	199	62
144	129	195	17
144	129	196	18
144	129	197	26
144	129	198	43
144	129	199	67
144	130	195	30
144	130	196	30
144	130	197	39
144	130	198	55
144	130	199	79
144	131	195	50
144	131	196	51
144	131	197	57
144	131	198	72
144	131	199	94
144	132	195	46
144	132	196	45
144	132	197	51
144	132	198	65
144	132	199	87
144	133	195	48
144	133	196	46
144	133	197	52
144	133	198	66
144	133	199	88
144	134	195	57
144	134	196	55
144	134	197	61
144	134	198	75
144	134	199	97
144	170	195	79
144	170	196	74
144	170	197	77
144	170	198	88
144	170	199	107
144	171	195	59
144	171	196	54
144	171	197	57
144	171	198	68
144	171	199	88
144	172	195	47
144	172	196	42
144	172	197	45
144	172	198	57
144	172	199	76
144	173	195	43
144	173	196	38
144	173	197	41
144	173	198	53
144	173	199	72
144	174	195	47
144	174	196	42
144	174	197	46
144	174	198	57
144	174	199	76
144	190	195	88
144	190	196	86
144	190	197	93
144	190	198	108
144	190	199	131
144	191	195	67
144	191	196	66
144	191	197	73
144	191	198	88
144	191	199	110
144	192	195	55
144	192	196	54
144	192	197	61
144	192	198	76
144	192	199	98
144	193	195	51
144	193	196	50
144	193	197	57
144	193	198	71
144	193	199	94
144	194	195	55
144	194	196	54
144	194	197	60
144	194	198	75
144	194	199	98
155	125	195	121
155	125	196	111
155	125	197	108
155	125	198	114
155	125	199	128
155	126	195	98
155	126	196	87
155	126	197	85
155	126	198	91
155	126	199	105
155	127	195	83
155	127	196	72
155	127	197	70
155	127	198	76
155	127	199	90
155	128	195	75
155	128	196	65
155	128	197	63
155	128	198	69
155	128	199	82
155	129	195	76
155	129	196	66
155	129	197	64
155	129	198	70
155	129	199	83
156	125	195	93
156	125	196	83
156	125	197	81
156	125	198	86
156	125	199	100
156	126	195	70
156	126	196	60
156	126	197	58
156	126	198	63
156	126	199	77
156	127	195	55
156	127	196	45
156	127	197	42
156	127	198	48
156	127	199	62
156	128	195	48
156	128	196	38
156	128	197	35
156	128	198	41
156	128	199	55
156	129	195	49
156	129	196	38
156	129	197	36
156	129	198	42
156	129	199	56
157	125	195	74
157	125	196	63
157	125	197	61
157	125	198	67
157	125	199	81
157	126	195	50
157	126	196	40
157	126	197	38
157	126	198	44
157	126	199	57
157	127	195	35
157	127	196	25
157	127	197	23
157	127	198	29
157	127	199	42
157	128	195	28
157	128	196	18
157	128	197	16
157	128	198	21
157	128	199	35
157	129	195	29
157	129	196	19
157	129	197	16
157	129	198	22
157	129	199	36
158	125	195	62
158	125	196	52
158	125	197	49
158	125	198	55
158	125	199	69
158	126	195	39
158	126	196	28
158	126	197	26
158	126	198	32
158	126	199	46
158	127	195	24
158	127	196	13
158	127	197	11
158	127	198	17
158	127	199	31
158	128	195	16
158	128	196	0
158	128	197	4
158	128	198	10
158	128	199	23
158	129	195	17
158	129	196	7
158	129	197	5
158	129	198	11
158	129	199	24
159	125	195	58
159	125	196	48
159	125	197	46
159	125	198	51
159	125	199	65
159	126	195	35
159	126	196	25
159	126	197	23
159	126	198	28
159	126	199	42
159	127	195	20
159	127	196	10
159	127	197	7
159	127	198	13
159	127	199	27
159	128	195	13
159	128	196	3
159	128	197	0
159	128	198	6
159	128	199	20
159	129	195	14
159	129	196	3
159	129	197	1
159	129	198	7
159	129	199	21
160	125	195	61
160	125	196	50
160	125	197	47
160	125	198	52
160	125	199	65
160	126	195	37
160	126	196	26
160	126	197	24
160	126	198	29
160	126	199	42
160	127	195	22
160	127	196	11
160	127	197	8
160	127	198	13
160	127	199	27
160	128	195	14
160	128	196	0
160	128	197	1
160	128	198	6
160	128	199	19
160	129	195	15
160	129	196	4
160	129	197	1
160	129	198	7
160	129	199	20
161	125	195	62
161	125	196	51
161	125	197	48
161	125	198	51
161	125	199	60
161	126	195	39
161	126	196	28
161	126	197	25
161	126	198	28
161	126	199	36
161	127	195	23
161	127	196	12
161	127	197	10
161	127	198	12
161	127	199	20
161	128	195	16
161	128	196	5
161	128	197	0
161	128	198	4
161	128	199	12
161	129	195	16
161	129	196	6
161	129	197	3
161	129	198	5
161	129	199	13
162	125	195	72
162	125	196	56
162	125	197	48
162	125	198	49
162	125	199	57
162	126	195	48
162	126	196	33
162	126	197	25
162	126	198	25
162	126	199	33
162	127	195	33
162	127	196	17
162	127	197	9
162	127	198	9
162	127	199	17
162	128	195	25
162	128	196	9
162	128	197	1
162	128	198	1
162	128	199	10
162	129	195	25
162	129	196	10
162	129	197	2
162	129	198	2
162	129	199	10
163	125	195	77
163	125	196	61
163	125	197	54
163	125	198	54
163	125	199	62
163	126	195	54
163	126	196	38
163	126	197	30
163	126	198	30
163	126	199	38
163	127	195	38
163	127	196	22
163	127	197	14
163	127	198	14
163	127	199	22
163	128	195	30
163	128	196	14
163	128	197	6
163	128	198	7
163	128	199	15
163	129	195	31
163	129	196	15
163	129	197	7
163	129	198	7
163	129	199	15
164	125	195	90
164	125	196	75
164	125	197	67
164	125	198	67
164	125	199	75
164	126	195	67
164	126	196	51
164	126	197	43
164	126	198	43
164	126	199	51
164	127	195	51
164	127	196	35
164	127	197	27
164	127	198	27
164	127	199	35
164	128	195	43
164	128	196	28
164	128	197	20
164	128	198	20
164	128	199	28
164	129	195	44
164	129	196	28
164	129	197	20
164	129	198	20
164	129	199	28
165	125	185	81
165	125	186	80
165	125	187	87
165	125	188	102
165	125	189	117
165	126	185	55
165	126	186	54
165	126	187	61
165	126	188	75
165	126	189	80
165	127	185	36
165	127	186	35
165	127	187	42
165	127	188	57
165	127	189	51
165	128	185	26
165	128	186	25
165	128	187	32
165	128	188	44
165	128	189	29
165	129	185	24
165	129	186	23
165	129	187	29
165	129	188	31
165	129	189	16
165	130	185	29
165	130	186	28
165	130	187	35
165	130	188	26
165	130	189	11
165	130	190	4
165	130	191	6
165	130	192	15
165	130	193	32
165	130	194	57
165	131	185	43
165	131	186	42
165	131	187	49
165	131	188	28
165	131	189	14
165	131	190	7
165	131	191	8
165	131	192	15
165	131	193	23
165	131	194	39
165	132	185	65
165	132	186	63
165	132	187	53
165	132	188	39
165	132	189	24
165	132	190	13
165	132	191	0
165	132	192	5
165	132	193	13
165	132	194	30
165	133	185	94
165	133	186	70
165	133	187	51
165	133	188	40
165	133	189	27
165	133	190	11
165	133	191	3
165	133	192	4
165	133	193	12
165	133	194	28
165	134	185	103
165	134	186	76
165	134	187	56
165	134	188	43
165	134	189	29
165	134	190	17
165	134	191	10
165	134	192	10
165	134	193	18
165	134	194	34
165	140	180	147
165	140	181	125
165	140	182	111
165	140	183	105
165	140	184	107
165	141	180	124
165	141	181	102
165	141	182	88
165	141	183	81
165	141	184	83
165	142	180	108
165	142	181	86
165	142	182	72
165	142	183	66
165	142	184	68
165	143	180	101
165	143	181	79
165	143	182	64
165	143	183	58
165	143	184	60
165	144	180	101
165	144	181	79
165	144	182	65
165	144	183	59
165	144	184	61
166	125	185	66
166	125	186	65
166	125	187	72
166	125	188	87
166	125	189	110
166	126	185	40
166	126	186	39
166	126	187	46
166	126	188	61
166	126	189	76
166	127	185	21
166	127	186	20
166	127	187	27
166	127	188	42
166	127	189	46
166	128	185	11
166	128	186	10
166	128	187	17
166	128	188	32
166	128	189	25
166	129	185	9
166	129	186	8
166	129	187	15
166	129	188	27
166	129	189	12
166	130	185	14
166	130	186	13
166	130	187	20
166	130	188	21
166	130	189	7
166	130	190	0
166	130	191	1
166	130	192	11
166	130	193	28
166	130	194	54
166	131	185	28
166	131	186	27
166	131	187	34
166	131	188	24
166	131	189	9
166	131	190	3
166	131	191	4
166	131	192	13
166	131	193	21
166	131	194	37
166	132	185	50
166	132	186	49
166	132	187	33
166	132	188	22
166	132	189	19
166	132	190	11
166	132	191	3
166	132	192	3
166	132	193	11
166	132	194	27
166	133	185	77
166	133	186	50
166	133	187	31
166	133	188	19
166	133	189	13
166	133	190	7
166	133	191	1
166	133	192	1
166	133	193	9
166	133	194	25
166	134	185	83
166	134	186	55
166	134	187	36
166	134	188	25
166	134	189	14
166	134	190	8
166	134	191	7
166	134	192	7
166	134	193	15
166	134	194	31
166	140	180	121
166	140	181	99
166	140	182	85
166	140	183	78
166	140	184	80
166	141	180	98
166	141	181	75
166	141	182	61
166	141	183	55
166	141	184	57
166	142	180	82
166	142	181	60
166	142	182	46
166	142	183	39
166	142	184	41
166	143	180	75
166	143	181	52
166	143	182	38
166	143	183	32
166	143	184	34
166	144	180	75
166	144	181	53
166	144	182	39
166	144	183	32
166	144	184	34
167	125	185	59
167	125	186	58
167	125	187	65
167	125	188	80
167	125	189	103
167	126	185	33
167	126	186	32
167	126	187	39
167	126	188	54
167	126	189	77
167	127	185	15
167	127	186	13
167	127	187	20
167	127	188	35
167	127	189	50
167	128	185	0
167	128	186	3
167	128	187	10
167	128	188	25
167	128	189	29
167	129	185	2
167	129	186	1
167	129	187	8
167	129	188	23
167	129	189	16
167	130	185	7
167	130	186	6
167	130	187	13
167	130	188	25
167	130	189	10
167	130	190	4
167	130	191	5
167	130	192	15
167	130	193	32
167	130	194	57
167	131	185	21
167	131	186	20
167	131	187	27
167	131	188	20
167	131	189	13
167	131	190	6
167	131	191	8
167	131	192	17
167	131	193	26
167	131	194	42
167	132	185	43
167	132	186	40
167	132	187	21
167	132	188	10
167	132	189	6
167	132	190	8
167	132	191	8
167	132	192	8
167	132	193	16
167	132	194	33
167	133	185	65
167	133	186	38
167	133	187	18
167	133	188	7
167	133	189	4
167	133	190	0
167	133	191	3
167	133	192	6
167	133	193	15
167	133	194	31
167	134	185	70
167	134	186	43
167	134	187	24
167	134	188	13
167	134	189	8
167	134	190	2
167	134	191	4
167	134	192	13
167	134	193	21
167	134	194	37
167	140	180	103
167	140	181	80
167	140	182	66
167	140	183	60
167	140	184	62
167	141	180	79
167	141	181	57
167	141	182	43
167	141	183	37
167	141	184	38
167	142	180	64
167	142	181	41
167	142	182	27
167	142	183	21
167	142	184	23
167	143	180	56
167	143	181	34
167	143	182	20
167	143	183	13
167	143	184	15
167	144	180	57
167	144	181	34
167	144	182	20
167	144	183	14
167	144	184	16
168	125	185	60
168	125	186	59
168	125	187	66
168	125	188	81
168	125	189	104
168	126	185	34
168	126	186	33
168	126	187	40
168	126	188	55
168	126	189	78
168	127	185	16
168	127	186	15
168	127	187	21
168	127	188	36
168	127	189	59
168	128	185	5
168	128	186	4
168	128	187	11
168	128	188	26
168	128	189	41
168	129	185	3
168	129	186	2
168	129	187	9
168	129	188	24
168	129	189	27
168	130	185	9
168	130	186	7
168	130	187	14
168	130	188	29
168	130	189	22
168	130	190	15
168	130	191	17
168	130	192	26
168	130	193	44
168	130	194	69
168	131	185	22
168	131	186	21
168	131	187	27
168	131	188	16
168	131	189	13
168	131	190	17
168	131	191	20
168	131	192	29
168	131	193	40
168	131	194	56
168	132	185	44
168	132	186	36
168	132	187	17
168	132	188	0
168	132	189	2
168	132	190	7
168	132	191	11
168	132	192	21
168	132	193	30
168	132	194	46
168	133	185	61
168	133	186	33
168	133	187	14
168	133	188	3
168	133	189	0
168	133	190	2
168	133	191	4
168	133	192	14
168	133	193	28
168	133	194	44
168	134	185	66
168	134	186	39
168	134	187	20
168	134	188	8
168	134	189	5
168	134	190	3
168	134	191	5
168	134	192	15
168	134	193	33
168	134	194	50
168	140	180	92
168	140	181	70
168	140	182	56
168	140	183	50
168	140	184	51
168	141	180	69
168	141	181	47
168	141	182	32
168	141	183	26
168	141	184	28
168	142	180	53
168	142	181	31
168	142	182	17
168	142	183	11
168	142	184	12
168	143	180	46
168	143	181	24
168	143	182	9
168	143	183	0
168	143	184	5
168	144	180	46
168	144	181	24
168	144	182	10
168	144	183	4
168	144	184	5
169	125	185	69
169	125	186	68
169	125	187	75
169	125	188	90
169	125	189	113
169	126	185	43
169	126	186	42
169	126	187	49
169	126	188	64
169	126	189	87
169	127	185	25
169	127	186	24
169	127	187	31
169	127	188	45
169	127	189	68
169	128	185	14
169	128	186	13
169	128	187	20
169	128	188	35
169	128	189	58
169	129	185	12
169	129	186	11
169	129	187	18
169	129	188	33
169	129	189	47
169	130	185	18
169	130	186	17
169	130	187	23
169	130	188	38
169	130	189	35
169	130	190	35
169	130	191	37
169	130	192	46
169	130	193	63
169	130	194	89
169	131	185	31
169	131	186	30
169	131	187	31
169	131	188	20
169	131	189	16
169	131	190	21
169	131	191	34
169	131	192	45
169	131	193	61
169	131	194	77
169	132	185	53
169	132	186	40
169	132	187	20
169	132	188	9
169	132	189	6
169	132	190	11
169	132	191	20
169	132	192	30
169	132	193	48
169	132	194	68
169	133	185	64
169	133	186	37
169	133	187	18
169	133	188	7
169	133	189	3
169	133	190	8
169	133	191	14
169	133	192	23
169	133	193	41
169	133	194	66
169	134	185	70
169	134	186	43
169	134	187	23
169	134	188	12
169	134	189	9
169	134	190	13
169	134	191	15
169	134	192	24
169	134	193	42
169	134	194	68
169	140	180	90
169	140	181	68
169	140	182	54
169	140	183	47
169	140	184	49
169	141	180	66
169	141	181	44
169	141	182	30
169	141	183	24
169	141	184	26
169	142	180	51
169	142	181	29
169	142	182	14
169	142	183	8
169	142	184	10
169	143	180	43
169	143	181	21
169	143	182	7
169	143	183	1
169	143	184	3
169	144	180	44
169	144	181	22
169	144	182	7
169	144	183	1
169	144	184	3
190	160	120	86
190	160	121	89
190	160	122	101
190	160	123	121
190	160	124	148
190	161	120	72
190	161	121	76
190	161	122	88
190	161	123	107
190	161	124	135
190	162	120	67
190	162	121	71
190	162	122	82
190	162	123	102
190	162	124	130
190	163	120	70
190	163	121	73
190	163	122	85
190	163	123	105
190	163	124	132
190	164	120	80
190	164	121	84
190	164	122	96
190	164	123	115
190	164	124	143
191	160	120	57
191	160	121	61
191	160	122	72
191	160	123	92
191	160	124	119
191	161	120	44
191	161	121	47
191	161	122	59
191	161	123	78
191	161	124	106
191	162	120	38
191	162	121	42
191	162	122	54
191	162	123	73
191	162	124	101
191	163	120	41
191	163	121	45
191	163	122	56
191	163	123	76
191	163	124	103
191	164	120	52
191	164	121	55
191	164	122	67
191	164	123	87
191	164	124	114
192	160	120	36
192	160	121	40
192	160	122	51
192	160	123	71
192	160	124	99
192	161	120	23
192	161	121	26
192	161	122	38
192	161	123	58
192	161	124	85
192	162	120	17
192	162	121	21
192	162	122	33
192	162	123	52
192	162	124	80
192	163	120	20
192	163	121	24
192	163	122	35
192	163	123	55
192	163	124	83
192	164	120	31
192	164	121	34
192	164	122	46
192	164	123	66
192	164	124	93
193	160	120	23
193	160	121	27
193	160	122	38
193	160	123	58
193	160	124	86
193	161	120	10
193	161	121	13
193	161	122	25
193	161	123	45
193	161	124	72
193	162	120	5
193	162	121	8
193	162	122	20
193	162	123	39
193	162	124	67
193	163	120	7
193	163	121	11
193	163	122	22
193	163	123	42
193	163	124	70
193	164	120	18
193	164	121	22
193	164	122	33
193	164	123	53
193	164	124	80
194	160	120	18
194	160	121	22
194	160	122	34
194	160	123	53
194	160	124	81
194	161	120	5
194	161	121	9
194	161	122	20
194	161	123	40
194	161	124	68
194	162	120	0
194	162	121	3
194	162	122	15
194	162	123	35
194	162	124	62
194	163	120	2
194	163	121	6
194	163	122	18
194	163	123	37
194	163	124	65
194	164	120	13
194	164	121	17
194	164	122	28
194	164	123	48
194	164	124	76
195	145	110	124
195	145	111	126
195	145	112	136
195	145	113	154
195	145	114	180
195	146	110	108
195	146	111	110
195	146	112	120
195	146	113	138
195	146	114	164
195	147	110	100
195	147	111	102
195	147	112	112
195	147	113	130
195	147	114	156
195	148	110	100
195	148	111	102
195	148	112	112
195	148	113	130
195	148	114	156
195	149	110	108
195	149	111	110
195	149	112	120
195	149	113	138
195	149	114	164
195	160	115	34
195	160	116	17
195	160	117	9
195	160	118	8
195	160	119	15
195	161	115	38
195	161	116	21
195	161	117	12
195	161	118	11
195	161	119	12
195	162	115	49
195	162	116	33
195	162	117	24
195	162	118	19
195	162	119	7
195	163	115	69
195	163	116	52
195	163	117	39
195	163	118	22
195	163	119	10
195	164	115	96
195	164	116	75
195	164	117	50
195	164	118	32
195	164	119	21
196	145	110	88
196	145	111	90
196	145	112	100
196	145	113	118
196	145	114	144
196	146	110	72
196	146	111	74
196	146	112	84
196	146	113	102
196	146	114	128
196	147	110	64
196	147	111	66
196	147	112	76
196	147	113	94
196	147	114	120
196	148	110	64
196	148	111	66
196	148	112	76
196	148	113	94
196	148	114	120
196	149	110	72
196	149	111	74
196	149	112	84
196	149	113	102
196	149	114	128
196	160	115	27
196	160	116	10
196	160	117	0
196	160	118	1
196	160	119	8
196	161	115	31
196	161	116	14
196	161	117	5
196	161	118	4
196	161	119	8
196	162	115	42
196	162	116	25
196	162	117	17
196	162	118	12
196	162	119	0
196	163	115	62
196	163	116	45
196	163	117	32
196	163	118	14
196	163	119	5
196	164	115	89
196	164	116	68
196	164	117	42
196	164	118	25
196	164	119	15
197	145	110	60
197	145	111	62
197	145	112	72
197	145	113	90
197	145	114	116
197	146	110	44
197	146	111	46
197	146	112	56
197	146	113	74
197	146	114	100
197	147	110	36
197	147	111	38
197	147	112	48
197	147	113	66
197	147	114	92
197	148	110	36
197	148	111	38
197	148	112	48
197	148	113	66
197	148	114	92
197	149	110	44
197	149	111	46
197	149	112	56
197	149	113	74
197	149	114	100
197	160	115	28
197	160	116	11
197	160	117	2
197	160	118	2
197	160	119	9
197	161	115	31
197	161	116	15
197	161	117	6
197	161	118	5
197	161	119	9
197	162	115	43
197	162	116	26
197	162	117	18
197	162	118	12
197	162	119	3
197	163	115	63
197	163	116	46
197	163	117	32
197	163	118	15
197	163	119	5
197	164	115	90
197	164	116	68
197	164	117	43
197	164	118	25
197	164	119	15
198	145	110	41
198	145	111	43
198	145	112	53
198	145	113	71
198	145	114	97
198	146	110	25
198	146	111	26
198	146	112	36
198	146	113	54
198	146	114	80
198	147	110	16
198	147	111	18
198	147	112	28
198	147	113	46
198	147	114	72
198	148	110	16
198	148	111	18
198	148	112	28
198	148	113	46
198	148	114	72
198	149	110	24
198	149	111	26
198	149	112	36
198	149	113	54
198	149	114	80
198	160	115	37
198	160	116	20
198	160	117	11
198	160	118	11
198	160	119	18
198	161	115	40
198	161	116	24
198	161	117	15
198	161	118	14
198	161	119	17
198	162	115	52
198	162	116	35
198	162	117	27
198	162	118	21
198	162	119	11
198	163	115	72
198	163	116	55
198	163	117	41
198	163	118	23
198	163	119	14
198	164	115	99
198	164	116	77
198	164	117	51
198	164	118	33
198	164	119	24
199	145	110	29
199	145	111	31
199	145	112	41
199	145	113	59
199	145	114	85
199	146	110	13
199	146	111	15
199	146	112	25
199	146	113	43
199	146	114	69
199	147	110	0
199	147	111	7
199	147	112	17
199	147	113	35
199	147	114	61
199	148	110	5
199	148	111	6
199	148	112	16
199	148	113	34
199	148	114	60
199	149	110	12
199	149	111	14
199	149	112	24
199	149	113	42
199	149	114	68
199	160	115	54
199	160	116	37
199	160	117	28
199	160	118	28
199	160	119	35
199	161	115	57
199	161	116	41
199	161	117	32
199	161	118	31
199	161	119	33
199	162	115	69
199	162	116	52
199	162	117	44
199	162	118	37
199	162	119	28
199	163	115	89
199	163	116	72
199	163	117	57
199	163	118	40
199	163	119	30
199	164	115	116
199	164	116	93
199	164	117	67
199	164	118	50
199	164	119	40
205	155	110	160
205	155	111	135
205	155	112	117
205	155	113	108
205	155	114	106
205	156	110	128
205	156	111	103
205	156	112	85
205	156	113	76
205	156	114	74
205	157	110	105
205	157	111	79
205	157	112	61
205	157	113	52
205	157	114	50
205	158	110	89
205	158	111	63
205	158	112	45
205	158	113	36
205	158	114	34
205	159	110	81
205	159	111	55
205	159	112	37
205	159	113	28
205	159	114	26
206	155	110	144
206	155	111	119
206	155	112	101
206	155	113	91
206	155	114	90
206	156	110	112
206	156	111	87
206	156	112	69
206	156	113	59
206	156	114	58
206	157	110	88
206	157	111	63
206	157	112	45
206	157	113	36
206	157	114	34
206	158	110	72
206	158	111	47
206	158	112	29
206	158	113	20
206	158	114	18
206	159	110	65
206	159	111	39
206	159	112	21
206	159	113	12
206	159	114	10
207	155	110	136
207	155	111	110
207	155	112	93
207	155	113	83
207	155	114	82
207	156	110	104
207	156	111	79
207	156	112	61
207	156	113	51
207	156	114	50
207	157	110	80
207	157	111	55
207	157	112	37
207	157	113	27
207	157	114	26
207	158	110	64
207	158	111	39
207	158	112	21
207	158	113	11
207	158	114	10
207	159	110	56
207	159	111	31
207	159	112	13
207	159	113	0
207	159	114	2
208	155	110	136
208	155	111	110
208	155	112	93
208	155	113	83
208	155	114	81
208	156	110	104
208	156	111	78
208	156	112	61
208	156	113	51
208	156	114	50
208	157	110	80
208	157	111	54
208	157	112	37
208	157	113	27
208	157	114	26
208	158	110	64
208	158	111	38
208	158	112	21
208	158	113	11
208	158	114	10
208	159	110	56
208	159	111	31
208	159	112	13
208	159	113	3
208	159	114	2
209	155	110	144
209	155	111	118
209	155	112	100
209	155	113	91
209	155	114	89
209	156	110	112
209	156	111	86
209	156	112	69
209	156	113	59
209	156	114	57
209	157	110	88
209	157	111	62
209	157	112	45
209	157	113	35
209	157	114	33
209	158	110	72
209	158	111	46
209	158	112	29
209	158	113	19
209	158	114	17
209	159	110	64
209	159	111	38
209	159	112	21
209	159	113	11
209	159	114	10
210	125	185	142
210	125	186	137
210	125	187	140
210	125	188	150
210	125	189	169
210	126	185	106
210	126	186	101
210	126	187	104
210	126	188	115
210	126	189	133
210	127	185	79
210	127	186	73
210	127	187	76
210	127	188	87
210	127	189	105
210	128	185	59
210	128	186	54
210	128	187	56
210	128	188	67
210	128	189	86
210	129	185	47
210	129	186	42
210	129	187	45
210	129	188	55
210	129	189	74
210	130	185	43
210	130	186	38
210	130	187	41
210	130	188	51
210	130	189	70
210	131	185	48
210	131	186	42
210	131	187	44
210	131	188	52
210	131	189	68
210	132	185	37
210	132	186	29
210	132	187	29
210	132	188	37
210	132	189	53
210	133	185	31
210	133	186	23
210	133	187	23
210	133	188	31
210	133	189	47
210	134	185	32
210	134	186	24
210	134	187	24
210	134	188	32
210	134	189	49
210	150	185	141
210	150	186	132
210	150	187	131
210	150	188	138
210	150	189	153
210	151	185	107
210	151	186	98
210	151	187	97
210	151	188	104
210	151	189	119
210	152	185	82
210	152	186	73
210	152	187	72
210	152	188	79
210	152	189	94
210	153	185	64
210	153	186	55
210	153	187	54
210	153	188	61
210	153	189	76
210	154	185	55
210	154	186	45
210	154	187	44
210	154	188	51
210	154	189	66
210	160	85	265
210	160	86	234
210	160	87	211
210	160	88	196
210	160	89	189
210	161	85	229
210	161	86	198
210	161	87	175
210	161	88	161
210	161	89	154
210	162	85	202
210	162	86	171
210	162	87	148
210	162	88	133
210	162	89	126
210	163	85	182
210	163	86	151
210	163	87	128
210	163	88	113
210	163	89	106
210	164	85	170
210	164	86	139
210	164	87	116
210	164	88	101
210	164	89	94
211	125	185	121
211	125	186	116
211	125	187	119
211	125	188	129
211	125	189	148
211	126	185	86
211	126	186	80
211	126	187	83
211	126	188	94
211	126	189	112
211	127	185	58
211	127	186	53
211	127	187	55
211	127	188	66
211	127	189	85
211	128	185	38
211	128	186	33
211	128	187	35
211	128	188	46
211	128	189	65
211	129	185	26
211	129	186	21
211	129	187	24
211	129	188	34
211	129	189	53
211	130	185	23
211	130	186	17
211	130	187	20
211	130	188	31
211	130	189	49
211	131	185	27
211	131	186	22
211	131	187	24
211	131	188	35
211	131	189	53
211	132	185	22
211	132	186	14
211	132	187	15
211	132	188	23
211	132	189	39
211	133	185	16
211	133	186	8
211	133	187	8
211	133	188	16
211	133	189	32
211	134	185	17
211	134	186	10
211	134	187	10
211	134	188	18
211	134	189	34
211	150	185	119
211	150	186	110
211	150	187	109
211	150	188	116
211	150	189	131
211	151	185	85
211	151	186	76
211	151	187	75
211	151	188	82
211	151	189	97
211	152	185	60
211	152	186	51
211	152	187	50
211	152	188	57
211	152	189	72
211	153	185	42
211	153	186	33
211	153	187	32
211	153	188	39
211	153	189	54
211	154	185	32
211	154	186	23
211	154	187	22
211	154	188	29
211	154	189	44
211	160	85	231
211	160	86	200
211	160	87	177
211	160	88	162
211	160	89	155
211	161	85	195
211	161	86	164
211	161	87	141
211	161	88	126
211	161	89	120
211	162	85	168
211	162	86	137
211	162	87	114
211	162	88	99
211	162	89	92
211	163	85	148
211	163	86	117
211	163	87	94
211	163	88	79
211	163	89	72
211	164	85	136
211	164	86	105
211	164	87	82
211	164	88	67
211	164	89	60
212	125	185	109
212	125	186	103
212	125	187	106
212	125	188	117
212	125	189	135
212	126	185	73
212	126	186	68
212	126	187	70
212	126	188	81
212	126	189	100
212	127	185	45
212	127	186	40
212	127	187	42
212	127	188	53
212	127	189	72
212	128	185	25
212	128	186	20
212	128	187	23
212	128	188	33
212	128	189	52
212	129	185	14
212	129	186	8
212	129	187	11
212	129	188	22
212	129	189	40
212	130	185	10
212	130	186	4
212	130	187	7
212	130	188	18
212	130	189	37
212	131	185	14
212	131	186	9
212	131	187	11
212	131	188	22
212	131	189	41
212	132	185	16
212	132	186	8
212	132	187	8
212	132	188	16
212	132	189	32
212	133	185	9
212	133	186	0
212	133	187	1
212	133	188	9
212	133	189	26
212	134	185	11
212	134	186	3
212	134	187	3
212	134	188	11
212	134	189	27
212	150	185	105
212	150	186	96
212	150	187	95
212	150	188	102
212	150	189	117
212	151	185	71
212	151	186	62
212	151	187	61
212	151	188	68
212	151	189	83
212	152	185	46
212	152	186	37
212	152	187	36
212	152	188	43
212	152	189	58
212	153	185	28
212	153	186	19
212	153	187	18
212	153	188	25
212	153	189	40
212	154	185	18
212	154	186	9
212	154	187	8
212	154	188	15
212	154	189	30
212	160	85	205
212	160	86	174
212	160	87	151
212	160	88	136
212	160	89	129
212	161	85	169
212	161	86	138
212	161	87	115
212	161	88	100
212	161	89	93
212	162	85	141
212	162	86	111
212	162	87	88
212	162	88	73
212	162	89	66
212	163	85	122
212	163	86	91
212	163	87	68
212	163	88	53
212	163	89	46
212	164	85	110
212	164	86	79
212	164	87	56
212	164	88	41
212	164	89	34
213	125	185	104
213	125	186	98
213	125	187	101
213	125	188	112
213	125	189	131
213	126	185	68
213	126	186	63
213	126	187	65
213	126	188	76
213	126	189	95
213	127	185	40
213	127	186	35
213	127	187	38
213	127	188	48
213	127	189	67
213	128	185	21
213	128	186	15
213	128	187	18
213	128	188	29
213	128	189	47
213	129	185	9
213	129	186	0
213	129	187	6
213	129	188	17
213	129	189	35
213	130	185	5
213	130	186	0
213	130	187	2
213	130	188	13
213	130	189	32
213	131	185	0
213	131	186	3
213	131	187	7
213	131	188	17
213	131	189	36
213	132	185	10
213	132	186	6
213	132	187	9
213	132	188	17
213	132	189	33
213	133	185	10
213	133	186	3
213	133	187	3
213	133	188	11
213	133	189	27
213	134	185	12
213	134	186	4
213	134	187	4
213	134	188	12
213	134	189	28
213	150	185	99
213	150	186	90
213	150	187	89
213	150	188	96
213	150	189	111
213	151	185	65
213	151	186	56
213	151	187	55
213	151	188	62
213	151	189	77
213	152	185	40
213	152	186	31
213	152	187	30
213	152	188	37
213	152	189	52
213	153	185	22
213	153	186	13
213	153	187	12
213	153	188	19
213	153	189	34
213	154	185	12
213	154	186	0
213	154	187	2
213	154	188	9
213	154	189	24
213	160	85	187
213	160	86	156
213	160	87	133
213	160	88	118
213	160	89	111
213	161	85	151
213	161	86	120
213	161	87	97
213	161	88	82
213	161	89	75
213	162	85	123
213	162	86	92
213	162	87	70
213	162	88	55
213	162	89	48
213	163	85	104
213	163	86	73
213	163	87	50
213	163	88	35
213	163	89	28
213	164	85	92
213	164	86	61
213	164	87	38
213	164	88	23
213	164	89	16
214	125	185	107
214	125	186	102
214	125	187	104
214	125	188	115
214	125	189	134
214	126	185	71
214	126	186	66
214	126	187	69
214	126	188	79
214	126	189	98
214	127	185	43
214	127	186	38
214	127	187	41
214	127	188	51
214	127	189	70
214	128	185	24
214	128	186	18
214	128	187	21
214	128	188	32
214	128	189	50
214	129	185	12
214	129	186	7
214	129	187	9
214	129	188	20
214	129	189	39
214	130	185	7
214	130	186	3
214	130	187	6
214	130	188	16
214	130	189	35
214	131	185	3
214	131	186	0
214	131	187	4
214	131	188	16
214	131	189	37
214	132	185	7
214	132	186	3
214	132	187	8
214	132	188	20
214	132	189	41
214	133	185	18
214	133	186	12
214	133	187	12
214	133	188	20
214	133	189	36
214	134	185	21
214	134	186	13
214	134	187	14
214	134	188	22
214	134	189	38
214	150	185	101
214	150	186	92
214	150	187	91
214	150	188	98
214	150	189	113
214	151	185	67
214	151	186	58
214	151	187	57
214	151	188	64
214	151	189	79
214	152	185	42
214	152	186	33
214	152	187	32
214	152	188	39
214	152	189	53
214	153	185	24
214	153	186	15
214	153	187	14
214	153	188	21
214	153	189	36
214	154	185	14
214	154	186	5
214	154	187	4
214	154	188	11
214	154	189	26
214	160	85	177
214	160	86	146
214	160	87	123
214	160	88	108
214	160	89	101
214	161	85	141
214	161	86	110
214	161	87	87
214	161	88	72
214	161	89	65
214	162	85	113
214	162	86	82
214	162	87	59
214	162	88	45
214	162	89	38
214	163	85	94
214	163	86	63
214	163	87	40
214	163	88	25
214	163	89	18
214	164	85	82
214	164	86	51
214	164	87	28
214	164	88	13
214	164	89	0
215	155	185	16
215	155	186	12
215	155	187	13
215	155	188	20
215	155	189	34
215	156	185	7
215	156	186	0
215	156	187	6
215	156	188	17
215	156	189	37
215	157	185	5
215	157	186	1
215	157	187	4
215	157	188	16
215	157	189	35
215	158	185	12
215	158	186	7
215	158	187	11
215	158	188	22
215	158	189	42
215	159	185	27
215	159	186	22
215	159	187	25
215	159	188	37
215	159	189	56
216	155	185	16
216	155	186	12
216	155	187	15
216	155	188	27
216	155	189	46
216	156	185	7
216	156	186	2
216	156	187	6
216	156	188	17
216	156	189	37
216	157	185	6
216	157	186	1
216	157	187	5
216	157	188	16
216	157	189	35
216	158	185	12
216	158	186	8
216	158	187	11
216	158	188	23
216	158	189	42
216	159	185	27
216	159	186	22
216	159	187	26
216	159	188	37
216	159	189	57
217	155	185	25
217	155	186	20
217	155	187	24
217	155	188	35
217	155	189	54
217	156	185	15
217	156	186	11
217	156	187	14
217	156	188	26
217	156	189	45
217	157	185	14
217	157	186	9
217	157	187	13
217	157	188	24
217	157	189	44
217	158	185	21
217	158	186	16
217	158	187	19
217	158	188	31
217	158	189	50
217	159	185	35
217	159	186	31
217	159	187	34
217	159	188	45
217	159	189	65
218	155	185	41
218	155	186	36
218	155	187	40
218	155	188	51
218	155	189	71
218	156	185	32
218	156	186	27
218	156	187	30
218	156	188	42
218	156	189	61
218	157	185	30
218	157	186	26
218	157	187	29
218	157	188	40
218	157	189	60
218	158	185	37
218	158	186	32
218	158	187	36
218	158	188	47
218	158	189	67
218	159	185	51
218	159	186	47
218	159	187	50
218	159	188	62
218	159	189	81
219	155	185	65
219	155	186	61
219	155	187	64
219	155	188	76
219	155	189	95
219	156	185	56
219	156	186	51
219	156	187	55
219	156	188	66
219	156	189	86
219	157	185	54
219	157	186	50
219	157	187	53
219	157	188	65
219	157	189	84
219	158	185	61
219	158	186	56
219	158	187	60
219	158	188	71
219	158	189	91
219	159	185	76
219	159	186	71
219	159	187	75
219	159	188	86
219	159	189	105
