#reforence point coordinates
99	5	103
#the number of meter size cube
25
#sacle
5
#cubeLen
50
#cubeWidth	cubeHeight	cubeDepth
100	5	100	
#XYX dis
5	150	0	129
5	150	1	122
5	150	2	122
5	150	3	131
5	150	4	148
5	151	0	114
5	151	1	106
5	151	2	107
5	151	3	115
5	151	4	132
5	152	0	106
5	152	1	99
5	152	2	99
5	152	3	108
5	152	4	124
5	153	0	106
5	153	1	99
5	153	2	99
5	153	3	108
5	153	4	125
5	154	0	115
5	154	1	107
5	154	2	108
5	154	3	116
5	154	4	133
6	150	0	94
6	150	1	86
6	150	2	87
6	150	3	95
6	150	4	112
6	151	0	78
6	151	1	71
6	151	2	71
6	151	3	80
6	151	4	96
6	152	0	70
6	152	1	63
6	152	2	64
6	152	3	72
6	152	4	89
6	153	0	71
6	153	1	63
6	153	2	64
6	153	3	73
6	153	4	89
6	154	0	79
6	154	1	72
6	154	2	72
6	154	3	81
6	154	4	98
7	150	0	66
7	150	1	59
7	150	2	59
7	150	3	68
7	150	4	85
7	151	0	51
7	151	1	43
7	151	2	44
7	151	3	52
7	151	4	69
7	152	0	43
7	152	1	36
7	152	2	36
7	152	3	45
7	152	4	61
7	153	0	43
7	153	1	36
7	153	2	37
7	153	3	45
7	153	4	62
7	154	0	52
7	154	1	44
7	154	2	45
7	154	3	53
7	154	4	70
8	150	0	47
8	150	1	39
8	150	2	40
8	150	3	48
8	150	4	65
8	151	0	31
8	151	1	24
8	151	2	24
8	151	3	33
8	151	4	49
8	152	0	23
8	152	1	16
8	152	2	17
8	152	3	25
8	152	4	42
8	153	0	24
8	153	1	16
8	153	2	17
8	153	3	26
8	153	4	42
8	154	0	32
8	154	1	25
8	154	2	25
8	154	3	34
8	154	4	51
9	150	0	35
9	150	1	28
9	150	2	28
9	150	3	37
9	150	4	54
9	151	0	20
9	151	1	12
9	151	2	13
9	151	3	21
9	151	4	38
9	152	0	12
9	152	1	0
9	152	2	5
9	152	3	14
9	152	4	30
9	153	0	12
9	153	1	5
9	153	2	6
9	153	3	14
9	153	4	31
9	154	0	21
9	154	1	13
9	154	2	14
9	154	3	22
9	154	4	39
10	150	15	102
10	150	16	87
10	150	17	79
10	150	18	79
10	150	19	88
10	151	15	71
10	151	16	56
10	151	17	48
10	151	18	48
10	151	19	57
10	152	15	48
10	152	16	32
10	152	17	25
10	152	18	25
10	152	19	34
10	153	15	33
10	153	16	17
10	153	17	10
10	153	18	10
10	153	19	18
10	154	15	26
10	154	16	10
10	154	17	0
10	154	18	3
10	154	19	11
10	155	15	27
10	155	16	11
10	155	17	4
10	155	18	4
10	155	19	12
10	156	15	32
10	156	16	16
10	156	17	8
10	156	18	8
10	156	19	16
10	157	15	25
10	157	16	9
10	157	17	0
10	157	18	1
10	157	19	10
10	158	15	26
10	158	16	11
10	158	17	3
10	158	18	3
10	158	19	11
10	159	15	36
10	159	16	20
10	159	17	12
10	159	18	12
10	159	19	20
11	150	15	101
11	150	16	85
11	150	17	78
11	150	18	78
11	150	19	87
11	151	15	70
11	151	16	54
11	151	17	47
11	151	18	47
11	151	19	55
11	152	15	47
11	152	16	31
11	152	17	24
11	152	18	24
11	152	19	32
11	153	15	32
11	153	16	16
11	153	17	9
11	153	18	9
11	153	19	17
11	154	15	25
11	154	16	9
11	154	17	1
11	154	18	2
11	154	19	10
11	155	15	26
11	155	16	10
11	155	17	2
11	155	18	3
11	155	19	11
11	156	15	33
11	156	16	17
11	156	17	9
11	156	18	10
11	156	19	18
11	157	15	27
11	157	16	11
11	157	17	3
11	157	18	3
11	157	19	11
11	158	15	28
11	158	16	12
11	158	17	4
11	158	18	4
11	158	19	12
11	159	15	37
11	159	16	21
11	159	17	13
11	159	18	13
11	159	19	21
12	150	15	108
12	150	16	92
12	150	17	85
12	150	18	85
12	150	19	93
12	151	15	77
12	151	16	61
12	151	17	54
12	151	18	54
12	151	19	62
12	152	15	54
12	152	16	38
12	152	17	30
12	152	18	31
12	152	19	39
12	153	15	39
12	153	16	23
12	153	17	15
12	153	18	16
12	153	19	24
12	154	15	32
12	154	16	16
12	154	17	8
12	154	18	9
12	154	19	17
12	155	15	32
12	155	16	17
12	155	17	9
12	155	18	9
12	155	19	18
12	156	15	41
12	156	16	26
12	156	17	18
12	156	18	18
12	156	19	27
12	157	15	36
12	157	16	20
12	157	17	12
12	157	18	12
12	157	19	20
12	158	15	37
12	158	16	21
12	158	17	13
12	158	18	14
12	158	19	22
12	159	15	47
12	159	16	31
12	159	17	23
12	159	18	23
12	159	19	31
13	150	15	123
13	150	16	107
13	150	17	99
13	150	18	100
13	150	19	108
13	151	15	92
13	151	16	76
13	151	17	68
13	151	18	69
13	151	19	77
13	152	15	69
13	152	16	53
13	152	17	45
13	152	18	46
13	152	19	54
13	153	15	53
13	153	16	38
13	153	17	30
13	153	18	30
13	153	19	39
13	154	15	46
13	154	16	31
13	154	17	23
13	154	18	23
13	154	19	32
13	155	15	47
13	155	16	32
13	155	17	24
13	155	18	24
13	155	19	33
13	156	15	56
13	156	16	40
13	156	17	33
13	156	18	33
13	156	19	42
13	157	15	53
13	157	16	38
13	157	17	30
13	157	18	30
13	157	19	38
13	158	15	55
13	158	16	39
13	158	17	31
13	158	18	31
13	158	19	39
13	159	15	64
13	159	16	48
13	159	17	40
13	159	18	40
13	159	19	48
14	150	15	146
14	150	16	130
14	150	17	122
14	150	18	123
14	150	19	131
14	151	15	114
14	151	16	99
14	151	17	91
14	151	18	91
14	151	19	100
14	152	15	91
14	152	16	76
14	152	17	68
14	152	18	68
14	152	19	77
14	153	15	76
14	153	16	61
14	153	17	53
14	153	18	53
14	153	19	62
14	154	15	69
14	154	16	53
14	154	17	46
14	154	18	46
14	154	19	55
14	155	15	70
14	155	16	54
14	155	17	47
14	155	18	47
14	155	19	55
14	156	15	79
14	156	16	63
14	156	17	56
14	156	18	56
14	156	19	64
14	157	15	79
14	157	16	63
14	157	17	55
14	157	18	55
14	157	19	63
14	158	15	80
14	158	16	64
14	158	17	56
14	158	18	56
14	158	19	65
14	159	15	89
14	159	16	73
14	159	17	66
14	159	18	66
14	159	19	74
25	155	25	59
25	155	26	36
25	155	27	20
25	155	28	12
25	155	29	7
25	156	25	54
25	156	26	30
25	156	27	14
25	156	28	6
25	156	29	0
25	157	25	56
25	157	26	32
25	157	27	16
25	157	28	8
25	157	29	3
25	158	25	66
25	158	26	42
25	158	27	27
25	158	28	18
25	158	29	13
25	159	25	84
25	159	26	61
25	159	27	45
25	159	28	36
25	159	29	31
26	155	25	54
26	155	26	30
26	155	27	14
26	155	28	6
26	155	29	7
26	156	25	48
26	156	26	24
26	156	27	8
26	156	28	0
26	156	29	1
26	157	25	50
26	157	26	26
26	157	27	11
26	157	28	3
26	157	29	3
26	158	25	61
26	158	26	37
26	158	27	21
26	158	28	13
26	158	29	13
26	159	25	79
26	159	26	55
26	159	27	39
26	159	28	32
26	159	29	31
27	155	25	56
27	155	26	32
27	155	27	17
27	155	28	9
27	155	29	9
27	156	25	50
27	156	26	27
27	156	27	11
27	156	28	3
27	156	29	3
27	157	25	53
27	157	26	29
27	157	27	13
27	157	28	5
27	157	29	6
27	158	25	63
27	158	26	39
27	158	27	23
27	158	28	16
27	158	29	16
27	159	25	81
27	159	26	57
27	159	27	42
27	159	28	34
27	159	29	34
28	155	25	66
28	155	26	43
28	155	27	27
28	155	28	19
28	155	29	19
28	156	25	61
28	156	26	37
28	156	27	21
28	156	28	13
28	156	29	14
28	157	25	63
28	157	26	39
28	157	27	23
28	157	28	16
28	157	29	16
28	158	25	73
28	158	26	49
28	158	27	34
28	158	28	26
28	158	29	26
28	159	25	91
28	159	26	68
28	159	27	52
28	159	28	44
28	159	29	44
29	155	25	85
29	155	26	61
29	155	27	45
29	155	28	37
29	155	29	38
29	156	25	79
29	156	26	55
29	156	27	39
29	156	28	32
29	156	29	32
29	157	25	81
29	157	26	57
29	157	27	42
29	157	28	34
29	157	29	34
29	158	25	92
29	158	26	68
29	158	27	52
29	158	28	44
29	158	29	45
29	159	25	110
29	159	26	86
29	159	27	70
29	159	28	63
29	159	29	63
40	155	15	108
40	155	16	81
40	155	17	62
40	155	18	52
40	155	19	39
40	155	20	32
40	155	21	32
40	155	22	41
40	155	23	58
40	155	24	83
40	156	15	85
40	156	16	58
40	156	17	39
40	156	18	29
40	156	19	26
40	156	20	19
40	156	21	20
40	156	22	29
40	156	23	45
40	156	24	70
40	157	15	70
40	157	16	43
40	157	17	24
40	157	18	14
40	157	19	11
40	157	20	14
40	157	21	15
40	157	22	24
40	157	23	41
40	157	24	66
40	158	15	63
40	158	16	36
40	158	17	17
40	158	18	0
40	158	19	4
40	158	20	9
40	158	21	19
40	158	22	27
40	158	23	44
40	158	24	69
40	159	15	64
40	159	16	37
40	159	17	18
40	159	18	8
40	159	19	5
40	159	20	10
40	159	21	23
40	159	22	39
40	159	23	56
40	159	24	80
40	160	15	73
40	160	16	46
40	160	17	27
40	160	18	17
40	160	19	14
40	160	20	19
40	160	21	32
40	160	22	53
40	160	23	57
40	160	24	70
40	160	25	90
40	160	26	119
40	160	27	105
40	160	28	92
40	160	29	86
40	161	15	90
40	161	16	63
40	161	17	44
40	161	18	34
40	161	19	31
40	161	20	36
40	161	21	36
40	161	22	33
40	161	23	37
40	161	24	50
40	161	25	70
40	161	26	99
40	161	27	108
40	161	28	95
40	161	29	90
40	162	15	106
40	162	16	73
40	162	17	48
40	162	18	32
40	162	19	23
40	162	20	22
40	162	21	24
40	162	22	20
40	162	23	25
40	162	24	37
40	162	25	58
40	162	26	86
40	162	27	120
40	162	28	106
40	162	29	101
40	163	15	92
40	163	16	59
40	163	17	34
40	163	18	18
40	163	19	9
40	163	20	8
40	163	21	15
40	163	22	16
40	163	23	20
40	163	24	33
40	163	25	53
40	163	26	82
40	163	27	118
40	163	28	125
40	163	29	120
40	164	15	86
40	164	16	53
40	164	17	28
40	164	18	12
40	164	19	0
40	164	20	2
40	164	21	9
40	164	22	20
40	164	23	24
40	164	24	37
40	164	25	57
40	164	26	86
40	164	27	122
40	164	28	153
40	164	29	147
40	165	20	4
40	165	21	11
40	165	22	24
40	165	23	36
40	165	24	48
40	166	20	8
40	166	21	11
40	166	22	22
40	166	23	42
40	166	24	68
40	167	20	14
40	167	21	18
40	167	22	29
40	167	23	48
40	167	24	76
40	168	20	29
40	168	21	32
40	168	22	44
40	168	23	63
40	168	24	91
40	169	20	52
40	169	21	55
40	169	22	67
40	169	23	86
40	169	24	113
41	155	15	92
41	155	16	73
41	155	17	59
41	155	18	43
41	155	19	28
41	155	20	21
41	155	21	21
41	155	22	30
41	155	23	47
41	155	24	72
41	156	15	81
41	156	16	54
41	156	17	36
41	156	18	25
41	156	19	15
41	156	20	8
41	156	21	9
41	156	22	18
41	156	23	34
41	156	24	59
41	157	15	66
41	157	16	39
41	157	17	21
41	157	18	10
41	157	19	7
41	157	20	0
41	157	21	4
41	157	22	13
41	157	23	30
41	157	24	55
41	158	15	59
41	158	16	32
41	158	17	14
41	158	18	3
41	158	19	0
41	158	20	5
41	158	21	7
41	158	22	16
41	158	23	33
41	158	24	58
41	159	15	60
41	159	16	33
41	159	17	15
41	159	18	4
41	159	19	1
41	159	20	6
41	159	21	19
41	159	22	28
41	159	23	44
41	159	24	69
41	160	15	69
41	160	16	42
41	160	17	24
41	160	18	13
41	160	19	10
41	160	20	15
41	160	21	29
41	160	22	41
41	160	23	45
41	160	24	58
41	160	25	78
41	160	26	93
41	160	27	72
41	160	28	59
41	160	29	53
41	161	15	86
41	161	16	59
41	161	17	41
41	161	18	30
41	161	19	27
41	161	20	32
41	161	21	24
41	161	22	20
41	161	23	25
41	161	24	37
41	161	25	58
41	161	26	86
41	161	27	75
41	161	28	62
41	161	29	56
41	162	15	103
41	162	16	71
41	162	17	47
41	162	18	30
41	162	19	22
41	162	20	21
41	162	21	12
41	162	22	8
41	162	23	13
41	162	24	25
41	162	25	46
41	162	26	74
41	162	27	86
41	162	28	73
41	162	29	67
41	163	15	90
41	163	16	58
41	163	17	33
41	163	18	16
41	163	19	8
41	163	20	7
41	163	21	7
41	163	22	4
41	163	23	8
41	163	24	21
41	163	25	41
41	163	26	70
41	163	27	105
41	163	28	92
41	163	29	87
41	164	15	85
41	164	16	52
41	164	17	27
41	164	18	10
41	164	19	2
41	164	20	1
41	164	21	8
41	164	22	7
41	164	23	12
41	164	24	24
41	164	25	45
41	164	26	73
41	164	27	108
41	164	28	119
41	164	29	114
41	165	20	0
41	165	21	5
41	165	22	17
41	165	23	24
41	165	24	36
41	166	20	1
41	166	21	4
41	166	22	15
41	166	23	35
41	166	24	56
41	167	20	7
41	167	21	11
41	167	22	22
41	167	23	41
41	167	24	69
41	168	20	22
41	168	21	25
41	168	22	37
41	168	23	56
41	168	24	84
41	169	20	45
41	169	21	48
41	169	22	60
41	169	23	79
41	169	24	106
42	155	15	69
42	155	16	49
42	155	17	38
42	155	18	35
42	155	19	25
42	155	20	17
42	155	21	18
42	155	22	27
42	155	23	44
42	155	24	69
42	156	15	59
42	156	16	40
42	156	17	28
42	156	18	25
42	156	19	12
42	156	20	5
42	156	21	6
42	156	22	14
42	156	23	31
42	156	24	56
42	157	15	57
42	157	16	38
42	157	17	25
42	157	18	14
42	157	19	7
42	157	20	0
42	157	21	1
42	157	22	10
42	157	23	27
42	157	24	51
42	158	15	63
42	158	16	37
42	158	17	18
42	158	18	7
42	158	19	4
42	158	20	4
42	158	21	4
42	158	22	13
42	158	23	30
42	158	24	55
42	159	15	64
42	159	16	38
42	159	17	19
42	159	18	8
42	159	19	5
42	159	20	11
42	159	21	16
42	159	22	25
42	159	23	41
42	159	24	66
42	160	15	73
42	160	16	47
42	160	17	28
42	160	18	17
42	160	19	14
42	160	20	20
42	160	21	33
42	160	22	37
42	160	23	41
42	160	24	54
42	160	25	71
42	160	26	68
42	160	27	47
42	160	28	33
42	160	29	28
42	161	15	90
42	161	16	64
42	161	17	45
42	161	18	34
42	161	19	31
42	161	20	31
42	161	21	20
42	161	22	16
42	161	23	21
42	161	24	33
42	161	25	50
42	161	26	71
42	161	27	50
42	161	28	37
42	161	29	31
42	162	15	99
42	162	16	67
42	162	17	43
42	162	18	27
42	162	19	19
42	162	20	19
42	162	21	7
42	162	22	4
42	162	23	8
42	162	24	21
42	162	25	38
42	162	26	62
42	162	27	61
42	162	28	48
42	162	29	42
42	163	15	85
42	163	16	53
42	163	17	30
42	163	18	14
42	163	19	6
42	163	20	6
42	163	21	0
42	163	22	0
42	163	23	4
42	163	24	17
42	163	25	33
42	163	26	57
42	163	27	80
42	163	28	67
42	163	29	61
42	164	15	80
42	164	16	48
42	164	17	24
42	164	18	8
42	164	19	0
42	164	20	1
42	164	21	7
42	164	22	3
42	164	23	8
42	164	24	20
42	164	25	36
42	164	26	61
42	164	27	93
42	164	28	94
42	164	29	89
42	165	20	3
42	165	21	6
42	165	22	15
42	165	23	19
42	165	24	31
42	166	20	2
42	166	21	5
42	166	22	16
42	166	23	36
42	166	24	51
42	167	20	8
42	167	21	12
42	167	22	23
42	167	23	42
42	167	24	70
42	168	20	23
42	168	21	26
42	168	22	38
42	168	23	57
42	168	24	85
42	169	20	46
42	169	21	49
42	169	22	61
42	169	23	80
42	169	24	107
43	155	15	54
43	155	16	34
43	155	17	23
43	155	18	19
43	155	19	24
43	155	20	22
43	155	21	23
43	155	22	32
43	155	23	49
43	155	24	74
43	156	15	44
43	156	16	24
43	156	17	13
43	156	18	10
43	156	19	14
43	156	20	10
43	156	21	11
43	156	22	19
43	156	23	36
43	156	24	61
43	157	15	42
43	157	16	22
43	157	17	11
43	157	18	8
43	157	19	12
43	157	20	5
43	157	21	6
43	157	22	15
43	157	23	32
43	157	24	56
43	158	15	48
43	158	16	29
43	158	17	17
43	158	18	14
43	158	19	16
43	158	20	9
43	158	21	9
43	158	22	18
43	158	23	35
43	158	24	60
43	159	15	62
43	159	16	43
43	159	17	31
43	159	18	20
43	159	19	18
43	159	20	20
43	159	21	21
43	159	22	30
43	159	23	46
43	159	24	71
43	160	15	84
43	160	16	59
43	160	17	40
43	160	18	29
43	160	19	24
43	160	20	27
43	160	21	37
43	160	22	39
43	160	23	39
43	160	24	48
43	160	25	64
43	160	26	51
43	160	27	30
43	160	28	16
43	160	29	11
43	161	15	98
43	161	16	69
43	161	17	47
43	161	18	33
43	161	19	28
43	161	20	30
43	161	21	24
43	161	22	18
43	161	23	19
43	161	24	27
43	161	25	43
43	161	26	54
43	161	27	33
43	161	28	19
43	161	29	14
43	162	15	102
43	162	16	70
43	162	17	46
43	162	18	30
43	162	19	22
43	162	20	22
43	162	21	11
43	162	22	6
43	162	23	6
43	162	24	14
43	162	25	31
43	162	26	55
43	162	27	44
43	162	28	30
43	162	29	25
43	163	15	89
43	163	16	57
43	163	17	33
43	163	18	17
43	163	19	9
43	163	20	9
43	163	21	7
43	163	22	0
43	163	23	1
43	163	24	10
43	163	25	26
43	163	26	50
43	163	27	63
43	163	28	50
43	163	29	44
43	164	15	83
43	164	16	52
43	164	17	28
43	164	18	12
43	164	19	4
43	164	20	0
43	164	21	2
43	164	22	4
43	164	23	5
43	164	24	13
43	164	25	29
43	164	26	54
43	164	27	86
43	164	28	77
43	164	29	71
43	165	20	4
43	165	21	3
43	165	22	9
43	165	23	16
43	165	24	24
43	166	20	11
43	166	21	11
43	166	22	18
43	166	23	33
43	166	24	44
43	167	20	17
43	167	21	21
43	167	22	32
43	167	23	49
43	167	24	71
43	168	20	32
43	168	21	35
43	168	22	47
43	168	23	66
43	168	24	94
43	169	20	55
43	169	21	58
43	169	22	70
43	169	23	89
43	169	24	116
44	155	15	42
44	155	16	27
44	155	17	16
44	155	18	12
44	155	19	17
44	155	20	29
44	155	21	36
44	155	22	45
44	155	23	62
44	155	24	87
44	156	15	33
44	156	16	17
44	156	17	0
44	156	18	2
44	156	19	7
44	156	20	20
44	156	21	24
44	156	22	32
44	156	23	49
44	156	24	74
44	157	15	32
44	157	16	15
44	157	17	4
44	157	18	0
44	157	19	5
44	157	20	18
44	157	21	19
44	157	22	28
44	157	23	45
44	157	24	69
44	158	15	39
44	158	16	21
44	158	17	10
44	158	18	7
44	158	19	11
44	158	20	21
44	158	21	22
44	158	22	31
44	158	23	48
44	158	24	73
44	159	15	54
44	159	16	36
44	159	17	24
44	159	18	19
44	159	19	13
44	159	20	15
44	159	21	26
44	159	22	42
44	159	23	59
44	159	24	77
44	160	15	77
44	160	16	49
44	160	17	28
44	160	18	14
44	160	19	8
44	160	20	11
44	160	21	21
44	160	22	40
44	160	23	40
44	160	24	49
44	160	25	65
44	160	26	42
44	160	27	20
44	160	28	7
44	160	29	0
44	161	15	82
44	161	16	53
44	161	17	31
44	161	18	18
44	161	19	12
44	161	20	14
44	161	21	17
44	161	22	19
44	161	23	20
44	161	24	28
44	161	25	44
44	161	26	45
44	161	27	23
44	161	28	10
44	161	29	5
44	162	15	94
44	162	16	64
44	162	17	43
44	162	18	29
44	162	19	22
44	162	20	0
44	162	21	6
44	162	22	7
44	162	23	7
44	162	24	15
44	162	25	32
44	162	26	56
44	162	27	35
44	162	28	21
44	162	29	16
44	163	15	100
44	163	16	68
44	163	17	44
44	163	18	28
44	163	19	19
44	163	20	8
44	163	21	4
44	163	22	2
44	163	23	2
44	163	24	11
44	163	25	27
44	163	26	51
44	163	27	54
44	163	28	40
44	163	29	35
44	164	15	95
44	164	16	63
44	164	17	39
44	164	18	23
44	164	19	12
44	164	20	3
44	164	21	1
44	164	22	5
44	164	23	6
44	164	24	14
44	164	25	30
44	164	26	55
44	164	27	81
44	164	28	68
44	164	29	62
44	165	20	3
44	165	21	2
44	165	22	9
44	165	23	17
44	165	24	25
44	166	20	12
44	166	21	11
44	166	22	17
44	166	23	32
44	166	24	45
44	167	20	29
44	167	21	27
44	167	22	34
44	167	23	49
44	167	24	72
44	168	20	49
44	168	21	52
44	168	22	59
44	168	23	74
44	168	24	96
44	169	20	72
44	169	21	75
44	169	22	87
44	169	23	106
44	169	24	129
45	150	15	109
45	150	16	101
45	150	17	101
45	150	18	110
45	150	19	126
45	151	15	85
45	151	16	78
45	151	17	78
45	151	18	86
45	151	19	103
45	152	15	70
45	152	16	62
45	152	17	63
45	152	18	71
45	152	19	87
45	153	15	63
45	153	16	55
45	153	17	54
45	153	18	55
45	153	19	61
45	154	15	51
45	154	16	36
45	154	17	29
45	154	18	30
45	154	19	35
45	155	15	34
45	155	16	19
45	155	17	12
45	155	18	13
45	155	19	18
45	155	20	30
45	155	21	51
45	155	22	66
45	155	23	83
45	155	24	108
45	156	15	25
45	156	16	10
45	156	17	0
45	156	18	3
45	156	19	8
45	156	20	20
45	156	21	41
45	156	22	53
45	156	23	70
45	156	24	95
45	157	15	24
45	157	16	9
45	157	17	2
45	157	18	1
45	157	19	6
45	157	20	18
45	157	21	39
45	157	22	49
45	157	23	65
45	157	24	81
45	158	15	31
45	158	16	16
45	158	17	9
45	158	18	7
45	158	19	12
45	158	20	20
45	158	21	30
45	158	22	49
45	158	23	59
45	158	24	74
45	159	15	46
45	159	16	31
45	159	17	24
45	159	18	11
45	159	19	5
45	159	20	8
45	159	21	18
45	159	22	36
45	159	23	61
45	159	24	76
45	160	15	69
45	160	16	42
45	160	17	20
45	160	18	6
45	160	19	0
45	160	20	3
45	160	21	13
45	160	22	32
45	160	23	48
45	160	24	58
45	161	15	75
45	161	16	45
45	161	17	23
45	161	18	10
45	161	19	4
45	161	20	6
45	161	21	13
45	161	22	17
45	161	23	29
45	161	24	37
45	162	15	86
45	162	16	56
45	162	17	35
45	162	18	21
45	162	19	15
45	162	20	6
45	162	21	2
45	162	22	6
45	162	23	16
45	162	24	24
45	163	15	105
45	163	16	76
45	163	17	54
45	163	18	36
45	163	19	16
45	163	20	4
45	163	21	0
45	163	22	4
45	163	23	11
45	163	24	20
45	164	15	114
45	164	16	82
45	164	17	59
45	164	18	37
45	164	19	19
45	164	20	9
45	164	21	5
45	164	22	9
45	164	23	15
45	164	24	23
46	150	15	83
46	150	16	76
46	150	17	76
46	150	18	84
46	150	19	101
46	151	15	60
46	151	16	52
46	151	17	53
46	151	18	61
46	151	19	77
46	152	15	45
46	152	16	37
46	152	17	37
46	152	18	46
46	152	19	62
46	153	15	37
46	153	16	30
46	153	17	30
46	153	18	38
46	153	19	55
46	154	15	38
46	154	16	30
46	154	17	29
46	154	18	30
46	154	19	39
46	155	15	34
46	155	16	19
46	155	17	12
46	155	18	13
46	155	19	22
46	155	20	39
46	155	21	60
46	155	22	59
46	155	23	65
46	155	24	79
46	156	15	25
46	156	16	10
46	156	17	3
46	156	18	4
46	156	19	12
46	156	20	29
46	156	21	49
46	156	22	48
46	156	23	55
46	156	24	70
46	157	15	23
46	157	16	8
46	157	17	1
46	157	18	2
46	157	19	11
46	157	20	27
46	157	21	35
46	157	22	34
46	157	23	41
46	157	24	56
46	158	15	30
46	158	16	15
46	158	17	8
46	158	18	9
46	158	19	18
46	158	20	20
46	158	21	28
46	158	22	27
46	158	23	34
46	158	24	49
46	159	15	45
46	159	16	30
46	159	17	23
46	159	18	11
46	159	19	5
46	159	20	8
46	159	21	18
46	159	22	29
46	159	23	36
46	159	24	51
46	160	15	68
46	160	16	42
46	160	17	20
46	160	18	6
46	160	19	1
46	160	20	3
46	160	21	13
46	160	22	32
46	160	23	42
46	160	24	57
46	161	15	75
46	161	16	45
46	161	17	23
46	161	18	10
46	161	19	4
46	161	20	7
46	161	21	17
46	161	22	21
46	161	23	33
46	161	24	53
46	162	15	86
46	162	16	57
46	162	17	35
46	162	18	21
46	162	19	16
46	162	20	10
46	162	21	6
46	162	22	10
46	162	23	22
46	162	24	41
46	163	15	106
46	163	16	76
46	163	17	54
46	163	18	40
46	163	19	20
46	163	20	8
46	163	21	4
46	163	22	8
46	163	23	20
46	163	24	37
46	164	15	133
46	164	16	103
46	164	17	73
46	164	18	45
46	164	19	25
46	164	20	13
46	164	21	9
46	164	22	13
46	164	23	25
46	164	24	40
47	150	15	66
47	150	16	58
47	150	17	59
47	150	18	67
47	150	19	83
47	151	15	43
47	151	16	35
47	151	17	35
47	151	18	44
47	151	19	60
47	152	15	27
47	152	16	20
47	152	17	20
47	152	18	28
47	152	19	44
47	153	15	20
47	153	16	12
47	153	17	13
47	153	18	21
47	153	19	37
47	154	15	21
47	154	16	13
47	154	17	13
47	154	18	22
47	154	19	38
47	155	15	29
47	155	16	22
47	155	17	19
47	155	18	20
47	155	19	29
47	155	20	46
47	155	21	36
47	155	22	34
47	155	23	41
47	155	24	55
47	156	15	32
47	156	16	17
47	156	17	10
47	156	18	11
47	156	19	20
47	156	20	37
47	156	21	28
47	156	22	26
47	156	23	33
47	156	24	47
47	157	15	31
47	157	16	16
47	157	17	9
47	157	18	10
47	157	19	19
47	157	20	27
47	157	21	18
47	157	22	17
47	157	23	24
47	157	24	39
47	158	15	38
47	158	16	23
47	158	17	16
47	158	18	17
47	158	19	26
47	158	20	20
47	158	21	12
47	158	22	11
47	158	23	18
47	158	24	33
47	159	15	53
47	159	16	38
47	159	17	31
47	159	18	19
47	159	19	13
47	159	20	15
47	159	21	13
47	159	22	12
47	159	23	19
47	159	24	34
47	160	15	76
47	160	16	50
47	160	17	28
47	160	18	15
47	160	19	9
47	160	20	11
47	160	21	17
47	160	22	17
47	160	23	24
47	160	24	39
47	161	15	83
47	161	16	53
47	161	17	32
47	161	18	18
47	161	19	12
47	161	20	15
47	161	21	14
47	161	22	13
47	161	23	20
47	161	24	35
47	162	15	94
47	162	16	65
47	162	17	43
47	162	18	29
47	162	19	24
47	162	20	22
47	162	21	18
47	162	22	17
47	162	23	24
47	162	24	39
47	163	15	114
47	163	16	84
47	163	17	63
47	163	18	49
47	163	19	32
47	163	20	20
47	163	21	16
47	163	22	20
47	163	23	32
47	163	24	51
47	164	15	141
47	164	16	112
47	164	17	85
47	164	18	57
47	164	19	37
47	164	20	25
47	164	21	21
47	164	22	25
47	164	23	37
47	164	24	57
48	150	15	57
48	150	16	49
48	150	17	49
48	150	18	57
48	150	19	72
48	151	15	33
48	151	16	26
48	151	17	26
48	151	18	34
48	151	19	47
48	152	15	18
48	152	16	10
48	152	17	10
48	152	18	19
48	152	19	30
48	153	15	11
48	153	16	0
48	153	17	3
48	153	18	11
48	153	19	21
48	154	15	11
48	154	16	4
48	154	17	4
48	154	18	12
48	154	19	20
48	155	15	20
48	155	16	12
48	155	17	13
48	155	18	21
48	155	19	27
48	155	20	30
48	155	21	20
48	155	22	18
48	155	23	24
48	155	24	38
48	156	15	37
48	156	16	29
48	156	17	26
48	156	18	27
48	156	19	36
48	156	20	22
48	156	21	12
48	156	22	10
48	156	23	16
48	156	24	30
48	157	15	47
48	157	16	32
48	157	17	25
48	157	18	26
48	157	19	32
48	157	20	18
48	157	21	9
48	157	22	8
48	157	23	15
48	157	24	30
48	158	15	54
48	158	16	39
48	158	17	32
48	158	18	33
48	158	19	19
48	158	20	9
48	158	21	0
48	158	22	2
48	158	23	9
48	158	24	24
48	159	15	69
48	159	16	54
48	159	17	47
48	159	18	32
48	159	19	15
48	159	20	0
48	159	21	3
48	159	22	3
48	159	23	10
48	159	24	25
48	160	15	92
48	160	16	66
48	160	17	44
48	160	18	31
48	160	19	18
48	160	20	8
48	160	21	0
48	160	22	6
48	160	23	14
48	160	24	29
48	161	15	99
48	161	16	69
48	161	17	48
48	161	18	34
48	161	19	29
48	161	20	13
48	161	21	4
48	161	22	3
48	161	23	10
48	161	24	25
48	162	15	111
48	162	16	81
48	162	17	59
48	162	18	46
48	162	19	34
48	162	20	17
48	162	21	8
48	162	22	7
48	162	23	14
48	162	24	29
48	163	15	130
48	163	16	100
48	163	17	79
48	163	18	65
48	163	19	46
48	163	20	29
48	163	21	20
48	163	22	19
48	163	23	26
48	163	24	41
48	164	15	157
48	164	16	128
48	164	17	105
48	164	18	77
48	164	19	57
48	164	20	45
48	164	21	40
48	164	22	39
48	164	23	46
48	164	24	61
49	150	15	55
49	150	16	47
49	150	17	48
49	150	18	56
49	150	19	59
49	151	15	32
49	151	16	24
49	151	17	24
49	151	18	33
49	151	19	33
49	152	15	17
49	152	16	9
49	152	17	9
49	152	18	17
49	152	19	16
49	153	15	9
49	153	16	1
49	153	17	2
49	153	18	10
49	153	19	7
49	154	15	10
49	154	16	2
49	154	17	2
49	154	18	9
49	154	19	6
49	155	15	19
49	155	16	11
49	155	17	11
49	155	18	16
49	155	19	13
49	155	20	18
49	155	21	12
49	155	22	10
49	155	23	16
49	155	24	30
49	156	15	35
49	156	16	27
49	156	17	28
49	156	18	31
49	156	19	28
49	156	20	14
49	156	21	0
49	156	22	2
49	156	23	8
49	156	24	22
49	157	15	60
49	157	16	52
49	157	17	49
49	157	18	47
49	157	19	29
49	157	20	14
49	157	21	4
49	157	22	2
49	157	23	8
49	157	24	22
49	158	15	78
49	158	16	63
49	158	17	55
49	158	18	34
49	158	19	16
49	158	20	6
49	158	21	2
49	158	22	1
49	158	23	8
49	158	24	23
49	159	15	92
49	159	16	77
49	159	17	56
49	159	18	30
49	159	19	12
49	159	20	2
49	159	21	0
49	159	22	3
49	159	23	10
49	159	24	25
49	160	15	115
49	160	16	90
49	160	17	59
49	160	18	33
49	160	19	15
49	160	20	5
49	160	21	3
49	160	22	4
49	160	23	11
49	160	24	26
49	161	15	123
49	161	16	94
49	161	17	71
49	161	18	45
49	161	19	27
49	161	20	10
49	161	21	1
49	161	22	0
49	161	23	7
49	161	24	22
49	162	15	135
49	162	16	105
49	162	17	83
49	162	18	56
49	162	19	31
49	162	20	14
49	162	21	5
49	162	22	4
49	162	23	11
49	162	24	26
49	163	15	154
49	163	16	124
49	163	17	101
49	163	18	68
49	163	19	43
49	163	20	26
49	163	21	17
49	163	22	16
49	163	23	23
49	163	24	38
49	164	15	182
49	164	16	152
49	164	17	121
49	164	18	88
49	164	19	63
49	164	20	46
49	164	21	38
49	164	22	37
49	164	23	44
49	164	24	59
50	150	0	122
50	150	1	97
50	150	2	80
50	150	3	71
50	150	4	59
50	150	5	50
50	150	6	48
50	150	7	54
50	150	8	69
50	150	9	91
50	150	15	62
50	150	16	54
50	150	17	54
50	150	18	55
50	150	19	53
50	151	0	111
50	151	1	86
50	151	2	68
50	151	3	59
50	151	4	46
50	151	5	37
50	151	6	35
50	151	7	41
50	151	8	55
50	151	9	78
50	151	15	38
50	151	16	31
50	151	17	31
50	151	18	30
50	151	19	28
50	152	0	107
50	152	1	82
50	152	2	65
50	152	3	56
50	152	4	41
50	152	5	31
50	152	6	30
50	152	7	36
50	152	8	50
50	152	9	73
50	152	15	23
50	152	16	15
50	152	17	16
50	152	18	13
50	152	19	10
50	153	0	112
50	153	1	87
50	153	2	70
50	153	3	52
50	153	4	43
50	153	5	34
50	153	6	32
50	153	7	39
50	153	8	53
50	153	9	75
50	153	15	16
50	153	16	8
50	153	17	8
50	153	18	0
50	153	19	1
50	154	0	121
50	154	1	88
50	154	2	62
50	154	3	45
50	154	4	35
50	154	5	34
50	154	6	40
50	154	7	49
50	154	8	64
50	154	9	80
50	154	15	16
50	154	16	9
50	154	17	9
50	154	18	3
50	154	19	0
51	150	0	96
51	150	1	71
51	150	2	54
51	150	3	45
51	150	4	42
51	150	5	32
51	150	6	30
51	150	7	37
51	150	8	51
51	150	9	73
51	150	15	76
51	150	16	69
51	150	17	68
51	150	18	58
51	150	19	55
51	151	0	85
51	151	1	60
51	151	2	43
51	151	3	34
51	151	4	28
51	151	5	19
51	151	6	17
51	151	7	23
51	151	8	38
51	151	9	60
51	151	15	53
51	151	16	45
51	151	17	43
51	151	18	32
51	151	19	30
51	152	0	82
51	152	1	57
51	152	2	40
51	152	3	30
51	152	4	23
51	152	5	14
51	152	6	12
51	152	7	18
51	152	8	32
51	152	9	55
51	152	15	38
51	152	16	30
51	152	17	26
51	152	18	15
51	152	19	13
51	153	0	86
51	153	1	61
51	153	2	44
51	153	3	33
51	153	4	24
51	153	5	16
51	153	6	15
51	153	7	21
51	153	8	35
51	153	9	58
51	153	15	30
51	153	16	23
51	153	17	17
51	153	18	6
51	153	19	4
51	154	0	99
51	154	1	69
51	154	2	43
51	154	3	26
51	154	4	16
51	154	5	15
51	154	6	21
51	154	7	32
51	154	8	45
51	154	9	49
51	154	15	31
51	154	16	23
51	154	17	16
51	154	18	5
51	154	19	2
52	150	0	78
52	150	1	53
52	150	2	36
52	150	3	27
52	150	4	26
52	150	5	22
52	150	6	20
52	150	7	27
52	150	8	41
52	150	9	63
52	150	15	99
52	150	16	91
52	150	17	78
52	150	18	68
52	150	19	65
52	151	0	67
52	151	1	42
52	151	2	25
52	151	3	16
52	151	4	15
52	151	5	9
52	151	6	7
52	151	7	14
52	151	8	28
52	151	9	50
52	151	15	76
52	151	16	68
52	151	17	53
52	151	18	43
52	151	19	40
52	152	0	64
52	152	1	39
52	152	2	22
52	152	3	13
52	152	4	12
52	152	5	0
52	152	6	2
52	152	7	8
52	152	8	23
52	152	9	45
52	152	15	60
52	152	16	53
52	152	17	36
52	152	18	26
52	152	19	23
52	153	0	69
52	153	1	44
52	153	2	27
52	153	3	18
52	153	4	13
52	153	5	7
52	153	6	5
52	153	7	11
52	153	8	25
52	153	9	37
52	153	15	53
52	153	16	45
52	153	17	27
52	153	18	16
52	153	19	14
52	154	0	82
52	154	1	57
52	154	2	32
52	154	3	15
52	154	4	0
52	154	5	4
52	154	6	10
52	154	7	22
52	154	8	23
52	154	9	27
52	154	15	54
52	154	16	45
52	154	17	26
52	154	18	15
52	154	19	13
53	150	0	69
53	150	1	44
53	150	2	27
53	150	3	18
53	150	4	17
53	150	5	20
53	150	6	19
53	150	7	25
53	150	8	39
53	150	9	62
53	150	15	130
53	150	16	115
53	150	17	97
53	150	18	86
53	150	19	83
53	151	0	58
53	151	1	33
53	151	2	15
53	151	3	0
53	151	4	5
53	151	5	7
53	151	6	5
53	151	7	12
53	151	8	26
53	151	9	48
53	151	15	106
53	151	16	90
53	151	17	71
53	151	18	61
53	151	19	58
53	152	0	54
53	152	1	29
53	152	2	12
53	152	3	3
53	152	4	2
53	152	5	2
53	152	6	0
53	152	7	7
53	152	8	21
53	152	9	40
53	152	15	91
53	152	16	73
53	152	17	54
53	152	18	44
53	152	19	41
53	153	0	59
53	153	1	34
53	153	2	17
53	153	3	8
53	153	4	7
53	153	5	5
53	153	6	3
53	153	7	9
53	153	8	18
53	153	9	22
53	153	15	84
53	153	16	64
53	153	17	45
53	153	18	35
53	153	19	32
53	154	0	72
53	154	1	47
53	154	2	29
53	154	3	12
53	154	4	0
53	154	5	1
53	154	6	7
53	154	7	12
53	154	8	8
53	154	9	13
53	154	15	84
53	154	16	63
53	154	17	44
53	154	18	34
53	154	19	31
54	150	0	67
54	150	1	42
54	150	2	25
54	150	3	16
54	150	4	15
54	150	5	22
54	150	6	25
54	150	7	31
54	150	8	45
54	150	9	68
54	150	15	168
54	150	16	141
54	150	17	123
54	150	18	112
54	150	19	109
54	151	0	56
54	151	1	31
54	151	2	14
54	151	3	5
54	151	4	4
54	151	5	11
54	151	6	12
54	151	7	18
54	151	8	32
54	151	9	55
54	151	15	143
54	151	16	116
54	151	17	98
54	151	18	87
54	151	19	84
54	152	0	53
54	152	1	28
54	152	2	11
54	152	3	1
54	152	4	0
54	152	5	7
54	152	6	6
54	152	7	13
54	152	8	27
54	152	9	34
54	152	15	126
54	152	16	99
54	152	17	81
54	152	18	70
54	152	19	67
54	153	0	58
54	153	1	32
54	153	2	15
54	153	3	6
54	153	4	5
54	153	5	8
54	153	6	9
54	153	7	16
54	153	8	12
54	153	9	16
54	153	15	117
54	153	16	90
54	153	17	71
54	153	18	61
54	153	19	58
54	154	0	70
54	154	1	45
54	154	2	28
54	154	3	12
54	154	4	2
54	154	5	1
54	154	6	8
54	154	7	0
54	154	8	2
54	154	9	6
54	154	15	116
54	154	16	89
54	154	17	70
54	154	18	60
54	154	19	57
90	150	20	133
90	150	21	127
90	150	22	129
90	150	23	139
90	150	24	157
90	151	20	104
90	151	21	98
90	151	22	101
90	151	23	111
90	151	24	129
90	152	20	84
90	152	21	78
90	152	22	80
90	152	23	90
90	152	24	109
90	153	20	72
90	153	21	66
90	153	22	68
90	153	23	78
90	153	24	96
90	154	20	68
90	154	21	62
90	154	22	64
90	154	23	74
90	154	24	92
91	150	20	105
91	150	21	99
91	150	22	101
91	150	23	112
91	150	24	130
91	151	20	77
91	151	21	71
91	151	22	73
91	151	23	83
91	151	24	101
91	152	20	57
91	152	21	51
91	152	22	53
91	152	23	63
91	152	24	81
91	153	20	44
91	153	21	38
91	153	22	41
91	153	23	51
91	153	24	69
91	154	20	40
91	154	21	34
91	154	22	36
91	154	23	46
91	154	24	65
92	150	20	86
92	150	21	80
92	150	22	82
92	150	23	92
92	150	24	110
92	151	20	57
92	151	21	51
92	151	22	54
92	151	23	64
92	151	24	82
92	152	20	37
92	152	21	31
92	152	22	33
92	152	23	43
92	152	24	62
92	153	20	25
92	153	21	19
92	153	22	21
92	153	23	31
92	153	24	49
92	154	20	21
92	154	21	15
92	154	22	17
92	154	23	27
92	154	24	45
93	150	20	74
93	150	21	68
93	150	22	70
93	150	23	81
93	150	24	99
93	151	20	46
93	151	21	40
93	151	22	42
93	151	23	52
93	151	24	70
93	152	20	26
93	152	21	20
93	152	22	22
93	152	23	32
93	152	24	50
93	153	20	13
93	153	21	7
93	153	22	10
93	153	23	20
93	153	24	38
93	154	20	9
93	154	21	0
93	154	22	5
93	154	23	15
93	154	24	34
94	150	20	71
94	150	21	65
94	150	22	67
94	150	23	77
94	150	24	95
94	151	20	42
94	151	21	37
94	151	22	39
94	151	23	49
94	151	24	67
94	152	20	22
94	152	21	16
94	152	22	18
94	152	23	29
94	152	24	47
94	153	20	10
94	153	21	4
94	153	22	6
94	153	23	16
94	153	24	34
94	154	20	6
94	154	21	0
94	154	22	2
94	154	23	12
94	154	24	30
95	150	20	66
95	150	21	63
95	150	22	68
95	150	23	80
95	150	24	100
95	151	20	38
95	151	21	35
95	151	22	40
95	151	23	53
95	151	24	71
95	152	20	19
95	152	21	15
95	152	22	20
95	152	23	33
95	152	24	51
95	153	20	0
95	153	21	4
95	153	22	8
95	153	23	21
95	153	24	39
95	154	20	3
95	154	21	0
95	154	22	5
95	154	23	17
95	154	24	35
95	155	20	7
95	155	21	4
95	155	22	9
95	155	23	20
95	155	24	38
95	155	25	65
95	155	26	85
95	155	27	100
95	155	28	124
95	155	29	155
95	156	20	20
95	156	21	16
95	156	22	21
95	156	23	32
95	156	24	50
95	156	25	53
95	156	26	61
95	156	27	77
95	156	28	101
95	156	29	130
95	157	20	40
95	157	21	36
95	157	22	41
95	157	23	46
95	157	24	38
95	157	25	38
95	157	26	45
95	157	27	61
95	157	28	85
95	157	29	113
95	158	20	68
95	158	21	65
95	158	22	54
95	158	23	38
95	158	24	30
95	158	25	30
95	158	26	38
95	158	27	53
95	158	28	77
95	158	29	104
95	159	20	104
95	159	21	79
95	159	22	55
95	159	23	39
95	159	24	30
95	159	25	30
95	159	26	38
95	159	27	54
95	159	28	78
95	159	29	104
95	160	25	39
95	160	26	46
95	160	27	62
95	160	28	86
95	160	29	106
95	161	25	55
95	161	26	63
95	161	27	78
95	161	28	73
95	161	29	74
95	162	25	79
95	162	26	70
95	162	27	56
95	162	28	49
95	162	29	50
95	163	25	77
95	163	26	55
95	163	27	40
95	163	28	33
95	163	29	35
95	164	25	70
95	164	26	47
95	164	27	32
95	164	28	26
95	164	29	27
96	150	20	68
96	150	21	65
96	150	22	70
96	150	23	82
96	150	24	103
96	151	20	40
96	151	21	37
96	151	22	42
96	151	23	54
96	151	24	75
96	152	20	21
96	152	21	17
96	152	22	22
96	152	23	35
96	152	24	55
96	153	20	9
96	153	21	5
96	153	22	10
96	153	23	23
96	153	24	44
96	154	20	5
96	154	21	2
96	154	22	6
96	154	23	19
96	154	24	40
96	155	20	9
96	155	21	6
96	155	22	11
96	155	23	23
96	155	24	44
96	155	25	59
96	155	26	67
96	155	27	83
96	155	28	107
96	155	29	123
96	156	20	21
96	156	21	18
96	156	22	23
96	156	23	35
96	156	24	36
96	156	25	36
96	156	26	44
96	156	27	59
96	156	28	83
96	156	29	98
96	157	20	42
96	157	21	38
96	157	22	43
96	157	23	28
96	157	24	20
96	157	25	20
96	157	26	28
96	157	27	44
96	157	28	67
96	157	29	81
96	158	20	70
96	158	21	61
96	158	22	37
96	158	23	21
96	158	24	13
96	158	25	12
96	158	26	20
96	158	27	36
96	158	28	58
96	158	29	72
96	159	20	94
96	159	21	61
96	159	22	37
96	159	23	21
96	159	24	13
96	159	25	13
96	159	26	21
96	159	27	36
96	159	28	57
96	159	29	71
96	160	25	21
96	160	26	29
96	160	27	45
96	160	28	64
96	160	29	78
96	161	25	37
96	161	26	45
96	161	27	61
96	161	28	57
96	161	29	58
96	162	25	62
96	162	26	54
96	162	27	40
96	162	28	33
96	162	29	34
96	163	25	61
96	163	26	39
96	163	27	24
96	163	28	17
96	163	29	19
96	164	25	54
96	164	26	31
96	164	27	16
96	164	28	10
96	164	29	11
97	150	20	78
97	150	21	75
97	150	22	79
97	150	23	92
97	150	24	113
97	151	20	50
97	151	21	47
97	151	22	52
97	151	23	64
97	151	24	85
97	152	20	30
97	152	21	27
97	152	22	32
97	152	23	44
97	152	24	65
97	153	20	19
97	153	21	15
97	153	22	20
97	153	23	33
97	153	24	53
97	154	20	15
97	154	21	11
97	154	22	16
97	154	23	29
97	154	24	50
97	155	20	19
97	155	21	16
97	155	22	20
97	155	23	33
97	155	24	50
97	155	25	50
97	155	26	58
97	155	27	74
97	155	28	84
97	155	29	98
97	156	20	31
97	156	21	28
97	156	22	33
97	156	23	35
97	156	24	27
97	156	25	26
97	156	26	34
97	156	27	50
97	156	28	59
97	156	29	73
97	157	20	51
97	157	21	48
97	157	22	35
97	157	23	19
97	157	24	11
97	157	25	11
97	157	26	19
97	157	27	34
97	157	28	42
97	157	29	56
97	158	20	80
97	158	21	52
97	158	22	28
97	158	23	11
97	158	24	0
97	158	25	3
97	158	26	11
97	158	27	26
97	158	28	33
97	158	29	47
97	159	20	84
97	159	21	52
97	159	22	28
97	159	23	12
97	159	24	4
97	159	25	3
97	159	26	11
97	159	27	27
97	159	28	33
97	159	29	47
97	160	25	12
97	160	26	20
97	160	27	34
97	160	28	40
97	160	29	54
97	161	25	28
97	161	26	36
97	161	27	49
97	161	28	49
97	161	29	50
97	162	25	52
97	162	26	47
97	162	27	32
97	162	28	25
97	162	29	26
97	163	25	54
97	163	26	31
97	163	27	16
97	163	28	9
97	163	29	11
97	164	25	46
97	164	26	23
97	164	27	8
97	164	28	0
97	164	29	3
98	150	20	96
98	150	21	92
98	150	22	97
98	150	23	110
98	150	24	131
98	151	20	68
98	151	21	65
98	151	22	69
98	151	23	82
98	151	24	103
98	152	20	48
98	152	21	45
98	152	22	50
98	152	23	62
98	152	24	83
98	153	20	36
98	153	21	33
98	153	22	38
98	153	23	50
98	153	24	71
98	154	20	33
98	154	21	29
98	154	22	34
98	154	23	47
98	154	24	67
98	155	20	37
98	155	21	34
98	155	22	38
98	155	23	51
98	155	24	49
98	155	25	49
98	155	26	53
98	155	27	62
98	155	28	68
98	155	29	82
98	156	20	49
98	156	21	46
98	156	22	50
98	156	23	33
98	156	24	25
98	156	25	25
98	156	26	29
98	156	27	37
98	156	28	43
98	156	29	57
98	157	20	69
98	157	21	58
98	157	22	34
98	157	23	18
98	157	24	10
98	157	25	9
98	157	26	13
98	157	27	20
98	157	28	26
98	157	29	40
98	158	20	83
98	158	21	50
98	158	22	26
98	158	23	10
98	158	24	2
98	158	25	0
98	158	26	6
98	158	27	11
98	158	28	17
98	158	29	31
98	159	20	83
98	159	21	51
98	159	22	27
98	159	23	10
98	159	24	2
98	159	25	2
98	159	26	6
98	159	27	10
98	159	28	16
98	159	29	30
98	160	25	10
98	160	26	14
98	160	27	17
98	160	28	23
98	160	29	37
98	161	25	27
98	161	26	30
98	161	27	32
98	161	28	38
98	161	29	50
98	162	25	51
98	162	26	47
98	162	27	32
98	162	28	25
98	162	29	27
98	163	25	54
98	163	26	31
98	163	27	16
98	163	28	10
98	163	29	11
98	164	25	46
98	164	26	23
98	164	27	9
98	164	28	2
98	164	29	3
99	150	20	122
99	150	21	118
99	150	22	123
99	150	23	136
99	150	24	156
99	151	20	94
99	151	21	90
99	151	22	95
99	151	23	108
99	151	24	129
99	152	20	74
99	152	21	71
99	152	22	75
99	152	23	88
99	152	24	109
99	153	20	62
99	153	21	59
99	153	22	64
99	153	23	76
99	153	24	97
99	154	20	58
99	154	21	55
99	154	22	60
99	154	23	73
99	154	24	85
99	155	20	63
99	155	21	59
99	155	22	64
99	155	23	64
99	155	24	53
99	155	25	48
99	155	26	52
99	155	27	53
99	155	28	59
99	155	29	73
99	156	20	75
99	156	21	72
99	156	22	56
99	156	23	40
99	156	24	29
99	156	25	25
99	156	26	28
99	156	27	28
99	156	28	34
99	156	29	48
99	157	20	95
99	157	21	65
99	157	22	40
99	157	23	24
99	157	24	13
99	157	25	9
99	157	26	12
99	157	27	11
99	157	28	17
99	157	29	31
99	158	20	89
99	158	21	57
99	158	22	33
99	158	23	17
99	158	24	5
99	158	25	1
99	158	26	0
99	158	27	3
99	158	28	9
99	158	29	23
99	159	20	89
99	159	21	57
99	159	22	33
99	159	23	17
99	159	24	6
99	159	25	1
99	159	26	4
99	159	27	2
99	159	28	8
99	159	29	22
99	160	25	9
99	160	26	11
99	160	27	9
99	160	28	15
99	160	29	29
99	161	25	25
99	161	26	26
99	161	27	24
99	161	28	30
99	161	29	44
99	162	25	50
99	162	26	49
99	162	27	40
99	162	28	33
99	162	29	35
99	163	25	62
99	163	26	39
99	163	27	24
99	163	28	18
99	163	29	19
99	164	25	54
99	164	26	31
99	164	27	17
99	164	28	10
99	164	29	11
215	160	10	63
215	160	11	63
215	160	12	72
215	160	13	88
215	160	14	113
215	161	10	57
215	161	11	57
215	161	12	66
215	161	13	82
215	161	14	107
215	162	10	58
215	162	11	59
215	162	12	67
215	162	13	84
215	162	14	108
215	163	10	68
215	163	11	69
215	163	12	77
215	163	13	94
215	163	14	118
215	164	10	86
215	164	11	87
215	164	12	95
215	164	13	112
215	164	14	136
216	160	10	37
216	160	11	37
216	160	12	46
216	160	13	62
216	160	14	87
216	161	10	31
216	161	11	31
216	161	12	40
216	161	13	56
216	161	14	81
216	162	10	32
216	162	11	33
216	162	12	41
216	162	13	58
216	162	14	83
216	163	10	42
216	163	11	43
216	163	12	51
216	163	13	68
216	163	14	92
216	164	10	60
216	164	11	61
216	164	12	69
216	164	13	86
216	164	14	110
217	160	10	19
217	160	11	19
217	160	12	28
217	160	13	44
217	160	14	69
217	161	10	13
217	161	11	13
217	161	12	22
217	161	13	38
217	161	14	63
217	162	10	14
217	162	11	15
217	162	12	24
217	162	13	40
217	162	14	65
217	163	10	24
217	163	11	25
217	163	12	33
217	163	13	50
217	163	14	74
217	164	10	42
217	164	11	43
217	164	12	51
217	164	13	68
217	164	14	92
218	160	10	9
218	160	11	9
218	160	12	18
218	160	13	35
218	160	14	59
218	161	10	0
218	161	11	3
218	161	12	12
218	161	13	28
218	161	14	53
218	162	10	5
218	162	11	5
218	162	12	14
218	162	13	30
218	162	14	55
218	163	10	14
218	163	11	15
218	163	12	23
218	163	13	40
218	163	14	65
218	164	10	32
218	164	11	33
218	164	12	41
218	164	13	58
218	164	14	82
219	160	10	7
219	160	11	8
219	160	12	16
219	160	13	33
219	160	14	57
219	161	10	1
219	161	11	1
219	161	12	10
219	161	13	26
219	161	14	51
219	162	10	3
219	162	11	3
219	162	12	12
219	162	13	28
219	162	14	53
219	163	10	12
219	163	11	13
219	163	12	22
219	163	13	38
219	163	14	63
219	164	10	30
219	164	11	31
219	164	12	39
219	164	13	56
219	164	14	80
220	150	0	211
220	150	1	178
220	150	2	154
220	150	3	137
220	150	4	128
220	151	0	185
220	151	1	152
220	151	2	127
220	151	3	111
220	151	4	102
220	152	0	167
220	152	1	134
220	152	2	109
220	152	3	92
220	152	4	84
220	153	0	157
220	153	1	124
220	153	2	99
220	153	3	82
220	153	4	73
220	154	0	155
220	154	1	122
220	154	2	97
220	154	3	80
220	154	4	71
221	150	0	182
221	150	1	149
221	150	2	124
221	150	3	107
221	150	4	98
221	151	0	156
221	151	1	123
221	151	2	98
221	151	3	81
221	151	4	72
221	152	0	138
221	152	1	105
221	152	2	80
221	152	3	63
221	152	4	54
221	153	0	127
221	153	1	95
221	153	2	70
221	153	3	53
221	153	4	44
221	154	0	125
221	154	1	92
221	154	2	68
221	154	3	51
221	154	4	42
222	150	0	160
222	150	1	127
222	150	2	103
222	150	3	86
222	150	4	77
222	151	0	134
222	151	1	101
222	151	2	76
222	151	3	60
222	151	4	51
222	152	0	116
222	152	1	83
222	152	2	58
222	152	3	41
222	152	4	33
222	153	0	106
222	153	1	73
222	153	2	48
222	153	3	31
222	153	4	22
222	154	0	104
222	154	1	71
222	154	2	46
222	154	3	29
222	154	4	20
223	150	0	147
223	150	1	114
223	150	2	89
223	150	3	72
223	150	4	63
223	151	0	121
223	151	1	88
223	151	2	63
223	151	3	46
223	151	4	37
223	152	0	103
223	152	1	70
223	152	2	45
223	152	3	28
223	152	4	19
223	153	0	92
223	153	1	60
223	153	2	35
223	153	3	18
223	153	4	9
223	154	0	90
223	154	1	57
223	154	2	33
223	154	3	16
223	154	4	7
224	150	0	141
224	150	1	108
224	150	2	84
224	150	3	67
224	150	4	58
224	151	0	115
224	151	1	82
224	151	2	57
224	151	3	41
224	151	4	32
224	152	0	97
224	152	1	64
224	152	2	39
224	152	3	22
224	152	4	14
224	153	0	87
224	153	1	54
224	153	2	29
224	153	3	12
224	153	4	0
224	154	0	85
224	154	1	52
224	154	2	27
224	154	3	10
224	154	4	1
