1	[GPS]	0	31.592893765456388	120.774286756694440	245.908734034475540	0	0	0	0	
1	[GPS]	0	31.592892929967725	120.774284782085720	245.887992963446120	0	0	0	0	
1	[GPS]	0	31.592892300876166	120.774283290032590	245.883638484445440	0	0	0	0	
1	[GPS]	0	31.592891670183320	120.774281791839980	245.872064737627970	0	0	0	0	
1	[GPS]	0	31.592891037813512	120.774280287827810	245.864616286705850	0	0	0	0	
1	[GPS]	0	31.592890403119039	120.774278778406340	245.856881356902140	0	0	0	0	
1	[GPS]	0	31.592889763275164	120.774277263494260	245.844791948097650	0	0	0	0	
1	[GPS]	0	31.592889118493453	120.774275742510670	245.832014989977270	0	0	0	0	
1	[GPS]	0	31.592888470359004	120.774274217570660	245.810299890750490	0	0	0	0	
1	[GPS]	0	31.592887599149247	120.774272171437690	245.779933129298600	0	0	0	0	
1	[GPS]	0	31.592886942602391	120.774270634115230	245.755238649702730	0	0	0	0	
1	[GPS]	0	31.592886283021844	120.774269090487710	245.743149240898300	0	0	0	0	
1	[GPS]	0	31.592885621956025	120.774267541804080	245.735586198423500	0	0	0	0	
1	[GPS]	0	31.592884958292288	120.774265986878150	245.719314197947510	0	0	0	0	
1	[GPS]	0	31.592884293612244	120.774264427540370	245.704016225668850	0	0	0	0	
1	[GPS]	0	31.592883626273323	120.774262861624610	245.680410365823320	0	0	0	0	
1	[GPS]	0	31.592882957431812	120.774261290032090	245.658065013056760	0	0	0	0	
1	[GPS]	0	31.592882061844762	120.774259184341560	245.627354476946920	0	0	0	0	
1	[GPS]	0	31.592881387959672	120.774257597195690	245.604378870640860	0	0	0	0	
1	[GPS]	0	31.592880705684518	120.774255993755920	245.585643151782930	0	0	0	0	
1	[GPS]	0	31.592880019605126	120.774254385307660	245.571433799254440	0	0	0	0	
1	[GPS]	0	31.592879329432780	120.774252772454470	245.561177855292390	0	0	0	0	
1	[GPS]	0	31.592878634354481	120.774251154804600	245.544275601276720	0	0	0	0	
1	[GPS]	0	31.592877935553712	120.774249532178170	245.526342023287190	0	0	0	0	
1	[GPS]	0	31.592877233564234	120.774247903312340	245.499699487296370	0	0	0	0	
1	[GPS]	0	31.592876300704944	120.774245741414430	245.465837683488840	0	0	0	0	
1	[GPS]	0	31.592875599614938	120.774244111374260	245.447331147736040	0	0	0	0	
1	[GPS]	0	31.592874897048208	120.774242474656650	245.435012555826400	0	0	0	0	
1	[GPS]	0	31.592874191926843	120.774240831177040	245.423381513232470	0	0	0	0	
1	[GPS]	0	31.592873482872729	120.774239181729750	245.420688611745310	0	0	0	0	
1	[GPS]	0	31.592872771657831	120.774237531086840	245.406250076111520	0	0	0	0	
1	[GPS]	0	31.592872055315070	120.774235876390450	245.380466976765600	0	0	0	0	
1	[GPS]	0	31.592871336339858	120.774234214951060	245.362705286105100	0	0	0	0	
1	[GPS]	0	31.592870374193538	120.774231993474290	245.321108552493650	0	0	0	0	
1	[GPS]	0	31.592869647368943	120.774230319511080	245.304607368912290	0	0	0	0	
1	[GPS]	0	31.592868918262987	120.774228639010230	245.283121452790680	0	0	0	0	
1	[GPS]	0	31.592868187816261	120.774226951352770	245.260718804247920	0	0	0	0	
1	[GPS]	0	31.592867455897835	120.774225259228090	245.249889902522600	0	0	0	0	
1	[GPS]	0	31.592866722287244	120.774223560289530	245.230466634348770	0	0	0	0	
1	[GPS]	0	31.592865985974861	120.774221854367410	245.216314577596560	0	0	0	0	
1	[GPS]	0	31.592865245969360	120.774220139398680	245.208293168911180	0	0	0	0	
1	[GPS]	0	31.592864251761259	120.774217846275050	245.176264829945950	0	0	0	0	
1	[GPS]	0	31.592863501230351	120.774216121687840	245.165493223996890	0	0	0	0	
1	[GPS]	0	31.592862746376632	120.774214393481730	245.150195251718370	0	0	0	0	
1	[GPS]	0	31.592861986769176	120.774212659986760	245.125729955227910	0	0	0	0	
1	[GPS]	0	31.592861223990042	120.774210920724040	245.107166123698790	0	0	0	0	
1	[GPS]	0	31.592860457952089	120.774209175536030	245.080580883484430	0	0	0	0	
1	[GPS]	0	31.592859693324648	120.774207427002350	245.049984938927140	0	0	0	0	
1	[GPS]	0	31.592858925696412	120.774205671457210	245.032395135595610	0	0	0	0	
1	[GPS]	0	31.592857898963452	120.774203321371570	245.005752599604850	0	0	0	0	
1	[GPS]	0	31.592857127540491	120.774201552612350	244.992517275273830	0	0	0	0	
1	[GPS]	0	31.592856357950755	120.774199781598300	244.977792260758520	0	0	0	0	
1	[GPS]	0	31.592855584334327	120.774198005668420	244.957738739045110	0	0	0	0	
1	[GPS]	0	31.592854806738927	120.774196224977350	244.943013724529690	0	0	0	0	
1	[GPS]	0	31.592854024915177	120.774194440074680	244.925252033869210	0	0	0	0	
1	[GPS]	0	31.592853237628695	120.774192649811620	244.902963976879160	0	0	0	0	
1	[GPS]	0	31.592852450120802	120.774190852016900	244.880790511441570	0	0	0	0	
1	[GPS]	0	31.592851409400300	120.774188448006900	244.843147186396520	0	0	0	0	
1	[GPS]	0	31.592850622965098	120.774186636475380	244.812608537615690	0	0	0	0	
1	[GPS]	0	31.592849834670137	120.774184819422490	244.790893438388760	0	0	0	0	
1	[GPS]	0	31.592849044343485	120.774182998021810	244.766714620779940	0	0	0	0	
1	[GPS]	0	31.592848253186581	120.774181176197150	244.747749718816580	0	0	0	0	
1	[GPS]	0	31.592847457927363	120.774179348911930	244.733483070511820	0	0	0	0	
1	[GPS]	0	31.592846658858800	120.774177517431060	244.715950562956660	0	0	0	0	
1	[GPS]	0	31.592845861494300	120.774175683003800	244.694636534163980	0	0	0	0	
1	[GPS]	0	31.592844785161628	120.774173226934540	244.668337772831080	0	0	0	0	
1	[GPS]	0	31.592843979583854	120.774171381020350	244.635335405668430	0	0	0	0	
1	[GPS]	0	31.592843169946992	120.774169528923890	244.619808250284480	0	0	0	0	
1	[GPS]	0	31.592842356552971	120.774167673255320	244.605713489308700	0	0	0	0	
1	[GPS]	0	31.592841540669287	120.774165815552460	244.577008305370210	0	0	0	0	
1	[GPS]	0	31.592840720562680	120.774163953070030	244.565205375447390	0	0	0	0	
1	[GPS]	0	31.592839898411498	120.774162087333650	244.545610219944540	0	0	0	0	
1	[GPS]	0	31.592839072806598	120.774160215636900	244.520973036125040	0	0	0	0	
1	[GPS]	0	31.592837962726144	120.774157711049200	244.496966105845220	0	0	0	0	
1	[GPS]	0	31.592837129172839	120.774155827344640	244.482699457540520	0	0	0	0	
1	[GPS]	0	31.592836291696660	120.774153937357140	244.470667344512350	0	0	0	0	
1	[GPS]	0	31.592835450563058	120.774152042449440	244.442477822560820	0	0	0	0	
1	[GPS]	0	31.592834606679812	120.774150142028380	244.425403681216120	0	0	0	0	
1	[GPS]	0	31.592833760207384	120.774148235615830	244.407527399003020	0	0	0	0	
1	[GPS]	0	31.592832915200411	120.774146328417740	244.376988750222130	0	0	0	0	
1	[GPS]	0	31.592832067993928	120.774144415728130	244.371431059918710	0	0	0	0	
1	[GPS]	0	31.592830942973698	120.774141862965440	244.348741932494360	0	0	0	0	
1	[GPS]	0	31.592830089451777	120.774139941773380	244.333214777110470	0	0	0	0	
1	[GPS]	0	31.592829231327826	120.774138020462250	244.324677706438050	0	0	0	0	
1	[GPS]	0	31.592828369928082	120.774136095148150	244.295113085854690	0	0	0	0	
1	[GPS]	0	31.592827506499436	120.774134166943240	244.272022887996060	0	0	0	0	
1	[GPS]	0	31.592826640975154	120.774132236386420	244.248417028150440	0	0	0	0	
1	[GPS]	0	31.592825774732880	120.774130303778890	244.218336745580160	0	0	0	0	
1	[GPS]	0	31.592824901935664	120.774128374368640	244.193355787102800	0	0	0	0	
1	[GPS]	0	31.592823736617959	120.774125795513480	244.157775110005390	0	0	0	0	
1	[GPS]	0	31.592822862594947	120.774123862976820	244.142649025055870	0	0	0	0	
1	[GPS]	0	31.592821988107755	120.774121930126940	244.121793362473850	0	0	0	0	
1	[GPS]	0	31.592821112841200	120.774119996347780	244.100536629457510	0	0	0	0	
1	[GPS]	0	31.592820235882957	120.774118062008470	244.084722995191980	0	0	0	0	
1	[GPS]	0	31.592819359505320	120.774116132470240	244.069596910242410	0	0	0	0	
1	[GPS]	0	31.592818481351898	120.774114203456080	244.049772571634210	0	0	0	0	
1	[GPS]	0	31.592817597960018	120.774112281792570	244.033958937368710	0	0	0	0	
1	[GPS]	0	31.592816419096707	120.774109714821240	243.999008513810820	0	0	0	0	
1	[GPS]	0	31.592815536248885	120.774107795095290	243.983137583769120	0	0	0	0	
1	[GPS]	0	31.592814654920076	120.774105874994730	243.966922879069300	0	0	0	0	
1	[GPS]	0	31.592813776422833	120.774103955660490	243.947671498224390	0	0	0	0	
1	[GPS]	0	31.592812901366422	120.774102035516920	243.938847948670340	0	0	0	0	
1	[GPS]	0	31.592812027235585	120.774100115735910	243.928534708931890	0	0	0	0	
1	[GPS]	0	31.592811152641278	120.774098198051530	243.914726426837860	0	0	0	0	
1	[GPS]	0	31.592810278047875	120.774096283505290	243.895475045992900	0	0	0	0	
1	[GPS]	0	31.592809113355639	120.774093745629540	243.844940171274890	0	0	0	0	
1	[GPS]	0	31.592808242796263	120.774091844778550	243.808041691322070	0	0	0	0	
1	[GPS]	0	31.592807374571674	120.774089951997850	243.762835323802140	0	0	0	0	
1	[GPS]	0	31.592806508206461	120.774088071569850	243.728457858007660	0	0	0	0	
1	[GPS]	0	31.592805645440691	120.774086198529370	243.708404336294140	0	0	0	0	
1	[GPS]	0	31.592804788259023	120.774084334085020	243.704393631951380	0	0	0	0	
1	[GPS]	0	31.592803935059937	120.774082476588570	243.706628167228130	0	0	0	0	
1	[GPS]	0	31.592803085114983	120.774080626144780	243.698091096555740	0	0	0	0	
1	[GPS]	0	31.592801959618615	120.774078168331170	243.657869461576130	0	0	0	0	
1	[GPS]	0	31.592801120341477	120.774076336683090	243.635982475020200	0	0	0	0	
1	[GPS]	0	31.592800284615862	120.774074511281330	243.610543150332230	0	0	0	0	
1	[GPS]	0	31.592799453317244	120.774072694958780	243.587911318684120	0	0	0	0	
1	[GPS]	0	31.592798626569664	120.774070888245840	243.580348276209320	0	0	0	0	
1	[GPS]	0	31.592797803799936	120.774069091511110	243.573071712616130	0	0	0	0	
1	[GPS]	0	31.592796985543465	120.774067304896860	243.567743205418030	0	0	0	0	
1	[GPS]	0	31.592796170364849	120.774065528913990	243.574790585905870	0	0	0	0	
1	[GPS]	0	31.592795086753316	120.774063172906480	243.582582811486020	0	0	0	0	
1	[GPS]	0	31.592794279233825	120.774061425062770	243.553476557113270	0	0	0	0	
1	[GPS]	0	31.592793478562232	120.774059690822200	243.506322133198350	0	0	0	0	
1	[GPS]	0	31.592792683887456	120.774057966908430	243.470053906785040	0	0	0	0	
1	[GPS]	0	31.592791894948796	120.774056255574140	243.445072948307680	0	0	0	0	
1	[GPS]	0	31.592791115593119	120.774054558861470	243.430061454910660	0	0	0	0	
1	[GPS]	0	31.592790343986636	120.774052875630330	243.424102694172940	0	0	0	0	
1	[GPS]	0	31.592789579397312	120.774051204903660	243.408117172578530	0	0	0	0	
1	[GPS]	0	31.592788571895671	120.774049001152750	243.398205003274460	0	0	0	0	
1	[GPS]	0	31.592787822366958	120.774047357223270	243.389610636825780	0	0	0	0	
1	[GPS]	0	31.592787079160249	120.774045721776790	243.383537284535380	0	0	0	0	
1	[GPS]	0	31.592786340640899	120.774044098427210	243.387949059312400	0	0	0	0	
1	[GPS]	0	31.592785606404572	120.774042488225480	243.370531143309820	0	0	0	0	
1	[GPS]	0	31.592784876456172	120.774040891355770	243.352540269543970	0	0	0	0	
1	[GPS]	0	31.592784150960323	120.774039308427210	243.326356099763790	0	0	0	0	
1	[GPS]	0	31.592783430998526	120.774037739191020	243.313808324748720	0	0	0	0	
1	[GPS]	0	31.592782481722768	120.774035668908910	243.304411817431600	0	0	0	0	
1	[GPS]	0	31.592781776938807	120.774034130224390	243.300515704641500	0	0	0	0	
1	[GPS]	0	31.592781078938284	120.774032604040880	243.291692155087590	0	0	0	0	
1	[GPS]	0	31.592780393426853	120.774031097194580	243.286191760560510	0	0	0	0	
1	[GPS]	0	31.592779714538725	120.774029602678740	243.277941168769790	0	0	0	0	
1	[GPS]	0	31.592779040848516	120.774028120779650	243.263388041583400	0	0	0	0	
1	[GPS]	0	31.592778375787461	120.774026653223700	243.253876942713590	0	0	0	0	
1	[GPS]	0	31.592777716522502	120.774025199211950	243.241730238132930	0	0	0	0	
1	[GPS]	0	31.592776843371354	120.774023274337780	243.214056378168290	0	0	0	0	
1	[GPS]	0	31.592776199985579	120.774021849917050	243.203112884890290	0	0	0	0	
1	[GPS]	0	31.592775561543640	120.774020437936160	243.192226687388710	0	0	0	0	
1	[GPS]	0	31.592774929375338	120.774019040117960	243.176126574241550	0	0	0	0	
1	[GPS]	0	31.592774304333229	120.774017655336910	243.168850010648380	0	0	0	0	
1	[GPS]	0	31.592773686138383	120.774016285107270	243.160427531528680	0	0	0	0	
1	[GPS]	0	31.592773073862535	120.774014928972990	243.140259418262500	0	0	0	0	
1	[GPS]	0	31.592772466891745	120.774013586387670	243.131665051813940	0	0	0	0	
1	[GPS]	0	31.592771665629922	120.774011831075000	243.131894234919060	0	0	0	0	
1	[GPS]	0	31.592771069057129	120.774010525287860	243.122555023378340	0	0	0	0	
1	[GPS]	0	31.592770478564571	120.774009233679750	243.108918628613170	0	0	0	0	
1	[GPS]	0	31.592769894764764	120.774007955701980	243.098548093098460	0	0	0	0	
1	[GPS]	0	31.592769317280446	120.774006691439170	243.093964430992430	0	0	0	0	
1	[GPS]	0	31.592768748238733	120.774005443252690	243.079468599582470	0	0	0	0	
1	[GPS]	0	31.592768185739448	120.774004209060380	243.070243979594270	0	0	0	0	
1	[GPS]	0	31.592767629955208	120.774002989873650	243.066691641462140	0	0	0	0	
1	[GPS]	0	31.592766900548121	120.774001385154480	243.056722176381730	0	0	0	0	
1	[GPS]	0	31.592766362672762	120.774000198327500	243.055117894644640	0	0	0	0	
1	[GPS]	0	31.592765832789713	120.773999024714880	243.047898626827840	0	0	0	0	
1	[GPS]	0	31.592765310609668	120.773997864824200	243.042512823853340	0	0	0	0	
1	[GPS]	0	31.592764795846307	120.773996717340960	243.034204936286330	0	0	0	0	
1	[GPS]	0	31.592764288735975	120.773995583909780	243.030881781259500	0	0	0	0	
1	[GPS]	0	31.592763788910815	120.773994464969490	243.024407358534830	0	0	0	0	
1	[GPS]	0	31.592763296847711	120.773993360585040	243.011057442651260	0	0	0	0	
1	[GPS]	0	31.592762648545602	120.773991906832800	242.980003131883510	0	0	0	0	
1	[GPS]	0	31.592762171705253	120.773990839349650	242.966996990657890	0	0	0	0	
1	[GPS]	0	31.592761701153165	120.773989788282190	242.960522567933310	0	0	0	0	
1	[GPS]	0	31.592761237145240	120.773988753826160	242.966080258236730	0	0	0	0	
1	[GPS]	0	31.592760777869913	120.773987737487020	242.960923638367550	0	0	0	0	
1	[GPS]	0	31.592760326933735	120.773986739491160	242.955365948064180	0	0	0	0	
1	[GPS]	0	31.592759883528007	120.773985757927560	242.948433159128850	0	0	0	0	
1	[GPS]	0	31.592759447763093	120.773984792672540	242.949750961984250	0	0	0	0	
1	[GPS]	0	31.592758881093108	120.773983536194930	242.948776933786770	0	0	0	0	
1	[GPS]	0	31.592758463828766	120.773982608203210	242.942417102614800	0	0	0	0	
1	[GPS]	0	31.592758050174901	120.773981698482060	242.935083243245230	0	0	0	0	
1	[GPS]	0	31.592757645136892	120.773980804670290	242.935427017903210	0	0	0	0	
1	[GPS]	0	31.592757248452923	120.773979927444940	242.937203186969240	0	0	0	0	
1	[GPS]	0	31.592756860122009	120.773979067044790	242.926316989467640	0	0	0	0	
1	[GPS]	0	31.592756480019137	120.773978223523300	242.919326904756080	0	0	0	0	
1	[GPS]	0	31.592756108046775	120.773977396336520	242.916347524387280	0	0	0	0	
1	[GPS]	0	31.592755626639235	120.773976320582580	242.910732538307430	0	0	0	0	
1	[GPS]	0	31.592755273786960	120.773975532563820	242.908841777688740	0	0	0	0	
1	[GPS]	0	31.592754929586192	120.773974760091970	242.901622509871880	0	0	0	0	
1	[GPS]	0	31.592754593158219	120.773974002653200	242.889590396843860	0	0	0	0	
1	[GPS]	0	31.592754264402693	120.773973261093670	242.871886001959610	0	0	0	0	
1	[GPS]	0	31.592753941969637	120.773972532395590	242.849483353416840	0	0	0	0	
1	[GPS]	0	31.592753624367802	120.773971818001570	242.843811071560620	0	0	0	0	
1	[GPS]	0	31.592753311726842	120.773971114509750	242.860312255142130	0	0	0	0	
1	[GPS]	0	31.592752901961653	120.773970187091170	242.876526959841900	0	0	0	0	
1	[GPS]	0	31.592752601541093	120.773969510686230	242.865869945445580	0	0	0	0	
1	[GPS]	0	31.592752306848173	120.773968845388720	242.856588029681060	0	0	0	0	
1	[GPS]	0	31.592752018312595	120.773968189429880	242.858650677628620	0	0	0	0	
1	[GPS]	0	31.592751736106322	120.773967543979690	242.869995241340940	0	0	0	0	
1	[GPS]	0	31.592751460313995	120.773966910215460	242.875782114749710	0	0	0	0	
1	[GPS]	0	31.592751189931143	120.773966291411450	242.871943297735980	0	0	0	0	
1	[GPS]	0	31.592750925148614	120.773965685498820	242.856129663470340	0	0	0	0	
1	[GPS]	0	31.592750575092793	120.773964904154670	242.851202226706560	0	0	0	0	
1	[GPS]	0	31.592750316950998	120.773964324895770	242.858192311418070	0	0	0	0	
1	[GPS]	0	31.592750062833328	120.773963757435910	242.867015860972060	0	0	0	0	
1	[GPS]	0	31.592749813594335	120.773963201713060	242.857905832536430	0	0	0	0	
1	[GPS]	0	31.592749569471096	120.773962656771730	242.849483353416840	0	0	0	0	
1	[GPS]	0	31.592749331903406	120.773962124530780	242.847879071679700	0	0	0	0	
1	[GPS]	0	31.592749100885811	120.773961602509200	242.848681212548290	0	0	0	0	
1	[GPS]	0	31.592748877003505	120.773961090270080	242.858994452286650	0	0	0	0	
1	[GPS]	0	31.592748591831707	120.773960422923070	242.862145719984450	0	0	0	0	
1	[GPS]	0	31.592748383738019	120.773959936415810	242.850113606956310	0	0	0	0	
1	[GPS]	0	31.592748180420077	120.773959464953110	242.846905043482110	0	0	0	0	
1	[GPS]	0	31.592747981723427	120.773959004065550	242.847191522363890	0	0	0	0	
1	[GPS]	0	31.592747785074305	120.773958555389730	242.863005156629360	0	0	0	0	
1	[GPS]	0	31.592747592595568	120.773958118071700	242.867474227182640	0	0	0	0	
1	[GPS]	0	31.592747404263886	120.773957691860230	242.862374903089770	0	0	0	0	
1	[GPS]	0	31.592747220774744	120.773957276339530	242.850973043601240	0	0	0	0	
1	[GPS]	0	31.592746984633568	120.773956733255200	242.852806508443650	0	0	0	0	
1	[GPS]	0	31.592746806140195	120.773956347883330	242.852921099996280	0	0	0	0	
1	[GPS]	0	31.592746633581857	120.773955973326890	242.854238902851650	0	0	0	0	
1	[GPS]	0	31.592746466866057	120.773955609520440	242.854983747943860	0	0	0	0	
1	[GPS]	0	31.592746306247154	120.773955256259880	242.854582677509680	0	0	0	0	
1	[GPS]	0	31.592746151583665	120.773954912828640	242.861515466444930	0	0	0	0	
1	[GPS]	0	31.592746002208894	120.773954580878780	242.871313044196310	0	0	0	0	
1	[GPS]	0	31.592745856240441	120.773954257346420	242.884090002316670	0	0	0	0	
1	[GPS]	0	31.592745661806486	120.773953849555670	242.897382622423920	0	0	0	0	
1	[GPS]	0	31.592745528368898	120.773953547464960	242.899502566147930	0	0	0	0	
1	[GPS]	0	31.592745400488113	120.773953255926240	242.894976199818220	0	0	0	0	
1	[GPS]	0	31.592745277821606	120.773952975013830	242.889017439080500	0	0	0	0	
1	[GPS]	0	31.592745154985796	120.773952708580180	242.883459748777080	0	0	0	0	
1	[GPS]	0	31.592745037423327	120.773952452970190	242.891423861686180	0	0	0	0	
1	[GPS]	0	31.592744924753486	120.773952207433670	242.900763073227040	0	0	0	0	
1	[GPS]	0	31.592744816584876	120.773951971915950	242.909987693215300	0	0	0	0	
1	[GPS]	0	31.592744685196092	120.773951669679250	242.918868538545470	0	0	0	0	
1	[GPS]	0	31.592744587344914	120.773951455836810	242.920644707611640	0	0	0	0	
1	[GPS]	0	31.592744490484773	120.773951254318600	242.924999186612150	0	0	0	0	
1	[GPS]	0	31.592744395149950	120.773951061415970	242.924712707730580	0	0	0	0	
1	[GPS]	0	31.592744306147164	120.773950878178600	242.929239074060230	0	0	0	0	
1	[GPS]	0	31.592744223031499	120.773950705137280	242.928608820520680	0	0	0	0	
1	[GPS]	0	31.592744145240466	120.773950543357370	242.934051919271500	0	0	0	0	
1	[GPS]	0	31.592744055707602	120.773950336068570	242.941500370193670	0	0	0	0	
1	[GPS]	0	31.592743990521896	120.773950196274160	242.950323919747580	0	0	0	0	
1	[GPS]	0	31.592743929905076	120.773950065204330	242.958288032656720	0	0	0	0	
1	[GPS]	0	31.592743866131432	120.773949945250310	242.959835018617380	0	0	0	0	
1	[GPS]	0	31.592743806600122	120.773949834371140	242.964246793394380	0	0	0	0	
1	[GPS]	0	31.592743751733959	120.773949732484970	242.959949610170100	0	0	0	0	
1	[GPS]	0	31.592743701864823	120.773949640029440	242.967569948421240	0	0	0	0	
1	[GPS]	0	31.592743657223174	120.773949556877840	242.969403413263560	0	0	0	0	
1	[GPS]	0	31.592743590055282	120.773949471284880	242.981034455857330	0	0	0	0	
1	[GPS]	0	31.592743555979240	120.773949411021620	242.982810624923450	0	0	0	0	
1	[GPS]	0	31.592743526158387	120.773949359449360	242.992321723793340	0	0	0	0	
1	[GPS]	0	31.592743501193514	120.773949316381400	242.993524935096130	0	0	0	0	
1	[GPS]	0	31.592743480437367	120.773949281486980	242.997822118320390	0	0	0	0	
1	[GPS]	0	31.592743464504938	120.773949254774170	242.997421047886090	0	0	0	0	
1	[GPS]	0	31.592743451864781	120.773949238860580	243.002978738189570	0	0	0	0	
1	[GPS]	0	31.592743444151971	120.773949231101350	243.000629611360240	0	0	0	0	
1	[GPS]	0	31.592743439507895	120.773949231790310	243.008880203150940	0	0	0	0	
1	[GPS]	0	31.592743447441897	120.773949242244600	243.010770963769690	0	0	0	0	
1	[GPS]	0	31.592743447455298	120.773949264318520	243.010713667993310	0	0	0	0	
1	[GPS]	0	31.592743451730080	120.773949293466690	243.001489048005170	0	0	0	0	
1	[GPS]	0	31.592743457182497	120.773949328388600	242.995014625280500	0	0	0	0	
1	[GPS]	0	31.592743463173264	120.773949359223200	243.061477725816560	0	0	0	0	
1	[GPS]	0	31.592743468363974	120.773949388781500	243.198185448126420	0	0	0	0	
1	[GPS]	0	31.592743474197430	120.773949415206080	243.317933620644200	0	0	0	0	
1	[GPS]	0	31.592743484519474	120.773949443014190	243.360733565558490	0	0	0	0	
1	[GPS]	0	31.592743480576271	120.773949452559660	243.333518071804350	0	0	0	0	
1	[GPS]	0	31.592743475526593	120.773949454191590	243.300802183523160	0	0	0	0	
1	[GPS]	0	31.592743472238418	120.773949458281380	243.270435422071360	0	0	0	0	
1	[GPS]	0	31.592743465629301	120.773949460995000	243.268601957228870	0	0	0	0	
1	[GPS]	0	31.592743460707055	120.773949463093300	243.300515704641500	0	0	0	0	
1	[GPS]	0	31.592743455593570	120.773949466889210	243.315126127604320	0	0	0	0	
1	[GPS]	0	31.592743449023022	120.773949473497420	243.295359084772260	0	0	0	0	
1	[GPS]	0	31.592743429530032	120.773949492648240	243.296218521417270	0	0	0	0	
1	[GPS]	0	31.592743425501155	120.773949501874510	243.285160436586640	0	0	0	0	
1	[GPS]	0	31.592743422412621	120.773949511695660	243.287051197205390	0	0	0	0	
1	[GPS]	0	31.592743418363870	120.773949518668200	243.310886240156240	0	0	0	0	
1	[GPS]	0	31.592743414650236	120.773949525003050	243.331455423856600	0	0	0	0	
1	[GPS]	0	31.592743410677922	120.773949530382370	243.339706015647380	0	0	0	0	
1	[GPS]	0	31.592743406095408	120.773949534308470	243.343888607319000	0	0	0	0	
1	[GPS]	0	31.592743401065380	120.773949537993790	243.335294240870440	0	0	0	0	
1	[GPS]	0	31.592743397527542	120.773949541617810	243.315985564249100	0	0	0	0	
1	[GPS]	0	31.592743390723101	120.773949547137730	243.319423310828600	0	0	0	0	
1	[GPS]	0	31.592743385425329	120.773949552939070	243.317532550209900	0	0	0	0	
1	[GPS]	0	31.592743379876069	120.773949557195120	243.329793846343220	0	0	0	0	
1	[GPS]	0	31.592743374676242	120.773949559332080	243.359358466926610	0	0	0	0	
1	[GPS]	0	31.592743367647223	120.773949560106790	243.382505960561640	0	0	0	0	
1	[GPS]	0	31.592743358895291	120.773949555635990	243.373109453244440	0	0	0	0	
1	[GPS]	0	31.592743346454853	120.773949548872420	243.371848946165300	0	0	0	0	
1	[GPS]	0	31.592743331750061	120.773949539616400	243.366921509401440	0	0	0	0	
1	[GPS]	0	31.592743317850449	120.773949521077810	243.369958185546610	0	0	0	0	
1	[GPS]	0	31.592743301407161	120.773949505166070	243.387318805772880	0	0	0	0	
1	[GPS]	0	31.592743282583772	120.773949485954970	243.386631256456950	0	0	0	0	
1	[GPS]	0	31.592743262470417	120.773949463010550	243.382391369008870	0	0	0	0	
1	[GPS]	0	31.592743241415011	120.773949436188600	243.387834467759770	0	0	0	0	
1	[GPS]	0	31.592743218856882	120.773949406793970	243.384339425404080	0	0	0	0	
1	[GPS]	0	31.592743185105363	120.773949366448790	243.386287481799000	0	0	0	0	
1	[GPS]	0	31.592743123837383	120.773949306426720	243.393220270734190	0	0	0	0	
1	[GPS]	0	31.592743089450238	120.773949257359940	243.386688552233300	0	0	0	0	
1	[GPS]	0	31.592743054174548	120.773949204993940	243.397059087748030	0	0	0	0	
1	[GPS]	0	31.592743018029356	120.773949149689940	243.396658017313680	0	0	0	0	
1	[GPS]	0	31.592742983119575	120.773949091476200	243.395855876445130	0	0	0	0	
1	[GPS]	0	31.592742947237564	120.773949030289760	243.399981172340550	0	0	0	0	
1	[GPS]	0	31.592742908959909	120.773948968218020	243.404851313328040	0	0	0	0	
1	[GPS]	0	31.592742869775268	120.773948902928340	243.403648102025220	0	0	0	0	
1	[GPS]	0	31.592742821068864	120.773948809367980	243.409492271210270	0	0	0	0	
1	[GPS]	0	31.592742779691438	120.773948736176920	243.408976609223460	0	0	0	0	
1	[GPS]	0	31.592742737209889	120.773948660124690	243.415164553066490	0	0	0	0	
1	[GPS]	0	31.592742694664256	120.773948583464150	243.417055313685180	0	0	0	0	
1	[GPS]	0	31.592742650640552	120.773948503898030	243.416195877040250	0	0	0	0	
1	[GPS]	0	31.592742605654209	120.773948421880850	243.420836834922540	0	0	0	0	
1	[GPS]	0	31.592742559213423	120.773948336507100	243.417857454553600	0	0	0	0	
1	[GPS]	0	31.592742511598953	120.773948247870420	243.422040046225310	0	0	0	0	
1	[GPS]	0	31.592742449935646	120.773948124035810	243.421753567343730	0	0	0	0	
1	[GPS]	0	31.592742396988939	120.773948027305450	243.427368553423550	0	0	0	0	
1	[GPS]	0	31.592742343032793	120.773947927218840	243.432467877516390	0	0	0	0	
1	[GPS]	0	31.592742287688324	120.773947823685670	243.435046187450920	0	0	0	0	
1	[GPS]	0	31.592742231023511	120.773947716409860	243.440718469307090	0	0	0	0	
1	[GPS]	0	31.592742172971754	120.773947605208180	243.443755145452200	0	0	0	0	
1	[GPS]	0	31.592742111904951	120.773947491581420	243.447479370913270	0	0	0	0	
1	[GPS]	0	31.592742048162297	120.773947373536830	243.453266244322070	0	0	0	0	
1	[GPS]	0	31.592741982855035	120.773947250771760	243.459396892388810	0	0	0	0	
1	[GPS]	0	31.592741884487783	120.773947081225460	243.467074526416270	0	0	0	0	
1	[GPS]	0	31.592741814525155	120.773946946422290	243.474064611127830	0	0	0	0	
1	[GPS]	0	31.592741741843309	120.773946806108230	243.480481738076150	0	0	0	0	
1	[GPS]	0	31.592741666292767	120.773946660072810	243.494977569486220	0	0	0	0	
1	[GPS]	0	31.592741587883303	120.773946507827090	243.501967654197700	0	0	0	0	
1	[GPS]	0	31.592741504842930	120.773946349056590	243.508957738909260	0	0	0	0	
1	[GPS]	0	31.592741418925286	120.773946183035600	243.512739260146700	0	0	0	0	
1	[GPS]	0	31.592741303034128	120.773945947704480	243.522536837898120	0	0	0	0	
1	[GPS]	0	31.592741210362451	120.773945763427690	243.533251148070800	0	0	0	0	
1	[GPS]	0	31.592741114519082	120.773945570893450	243.541043373650890	0	0	0	0	
1	[GPS]	0	31.592741015065400	120.773945369897720	243.549408556994220	0	0	0	0	
1	[GPS]	0	31.592740911477414	120.773945158982840	243.562758472877820	0	0	0	0	
1	[GPS]	0	31.592740803578948	120.773944939187940	243.573243599945070	0	0	0	0	
1	[GPS]	0	31.592740691295969	120.773944710397330	243.584015205894100	0	0	0	0	
1	[GPS]	0	31.592740572964118	120.773944473987880	243.597422417553960	0	0	0	0	
1	[GPS]	0	31.592740412686833	120.773944145704790	243.615585178648730	0	0	0	0	
1	[GPS]	0	31.592740284185322	120.773943887448670	243.632487432664450	0	0	0	0	
1	[GPS]	0	31.592740151322545	120.773943619350750	243.646009235876930	0	0	0	0	
1	[GPS]	0	31.592740014781992	120.773943340972370	243.662968785668910	0	0	0	0	
1	[GPS]	0	31.592739874016480	120.773943052605130	243.675860335341980	0	0	0	0	
1	[GPS]	0	31.592739729139200	120.773942754293030	243.689095659672740	0	0	0	0	
1	[GPS]	0	31.592739580473523	120.773942446188130	243.703305012201270	0	0	0	0	
1	[GPS]	0	31.592739427947741	120.773942128657340	243.719175942243060	0	0	0	0	
1	[GPS]	0	31.592739213989130	120.773941693860710	243.740661858364690	0	0	0	0	
1	[GPS]	0	31.592739052511387	120.773941358188100	243.762376957591610	0	0	0	0	
1	[GPS]	0	31.592738887325648	120.773941014331810	243.777445746764780	0	0	0	0	
1	[GPS]	0	31.592738718351761	120.773940661913490	243.799390029097170	0	0	0	0	
1	[GPS]	0	31.592738545538925	120.773940300279450	243.815891212678450	0	0	0	0	
1	[GPS]	0	31.592738367600738	120.773939930249450	243.840012734511050	0	0	0	0	
1	[GPS]	0	31.592738185927146	120.773939550032640	243.865337467646330	0	0	0	0	
1	[GPS]	0	31.592738000201258	120.773939159610280	243.887339045754830	0	0	0	0	
1	[GPS]	0	31.592737807849044	120.773938760099480	243.918622539627850	0	0	0	0	
1	[GPS]	0	31.592737545897112	120.773938209121340	243.951338427909180	0	0	0	0	
1	[GPS]	0	31.592737342547732	120.773937786888100	243.977293414583980	0	0	0	0	
1	[GPS]	0	31.592737134313822	120.773937355211000	244.002961922377240	0	0	0	0	
1	[GPS]	0	31.592736921804946	120.773936913845450	244.027541810420390	0	0	0	0	
1	[GPS]	0	31.592736705059323	120.773936461069620	244.056533473240420	0	0	0	0	
1	[GPS]	0	31.592736484558362	120.773935998313920	244.085410544507850	0	0	0	0	
1	[GPS]	0	31.592736260554702	120.773935525456540	244.113829249564790	0	0	0	0	
1	[GPS]	0	31.592735959728145	120.773934880771900	244.153191447899450	0	0	0	0	
1	[GPS]	0	31.592735726802843	120.773934382059290	244.185907336180660	0	0	0	0	
1	[GPS]	0	31.592735490122365	120.773933873553100	244.220342097751480	0	0	0	0	
1	[GPS]	0	31.592735249193311	120.773933355820020	244.257469760809730	0	0	0	0	
1	[GPS]	0	31.592735003447149	120.773932828789140	244.291961818156950	0	0	0	0	
1	[GPS]	0	31.592734752723434	120.773932292357470	244.321870213398140	0	0	0	0	
1	[GPS]	0	31.592734495685779	120.773931747760200	244.359112468008930	0	0	0	0	
1	[GPS]	0	31.592734233890745	120.773931194083740	244.387015511078890	0	0	0	0	
1	[GPS]	0	31.592733873977100	120.773930440516120	244.428211174256010	0	0	0	0	
1	[GPS]	0	31.592733603629309	120.773929864284810	244.461213541418770	0	0	0	0	
1	[GPS]	0	31.592733330297786	120.773929277913400	244.495075345226550	0	0	0	0	
1	[GPS]	0	31.592733052944496	120.773928681389990	244.531916529403130	0	0	0	0	
1	[GPS]	0	31.592732772430161	120.773928074775260	244.565663741658060	0	0	0	0	
1	[GPS]	0	31.592732488318330	120.773927458251800	244.604911348440110	0	0	0	0	
1	[GPS]	0	31.592732200448911	120.773926832051900	244.641122279077140	0	0	0	0	
1	[GPS]	0	31.592731908258685	120.773926196195210	244.678822899898560	0	0	0	0	
1	[GPS]	0	31.592731514819477	120.773925335567850	244.725862732260650	0	0	0	0	
1	[GPS]	0	31.592731214475485	120.773924681458610	244.765454113700880	0	0	0	0	
1	[GPS]	0	31.592730910571614	120.773924018648690	244.803899579614320	0	0	0	0	
1	[GPS]	0	31.592730603283076	120.773923346742270	244.843605552607100	0	0	0	0	
1	[GPS]	0	31.592730292344598	120.773922665965560	244.884400145350010	0	0	0	0	
1	[GPS]	0	31.592729978232423	120.773921976222000	244.924736371882230	0	0	0	0	
1	[GPS]	0	31.592729658809034	120.773921277752290	244.965015302638310	0	0	0	0	
1	[GPS]	0	31.592729336466061	120.773920570566990	245.003403472775430	0	0	0	0	
1	[GPS]	0	31.592729009594304	120.773919848480530	245.045286685268590	0	0	0	0	
1	[GPS]	0	31.592728571755316	120.773918874827460	245.106363982830320	0	0	0	0	
1	[GPS]	0	31.592728237634468	120.773918131409290	245.149106631968240	0	0	0	0	
1	[GPS]	0	31.592727900371457	120.773917378847740	245.197063196751630	0	0	0	0	
1	[GPS]	0	31.592727559611809	120.773916616987250	245.243644662903250	0	0	0	0	
1	[GPS]	0	31.592727215589363	120.773915845382420	245.283465227448630	0	0	0	0	
1	[GPS]	0	31.592726868787338	120.773915063773200	245.335718975456390	0	0	0	0	
1	[GPS]	0	31.592726519568000	120.773914270197840	245.376513568199240	0	0	0	0	
1	[GPS]	0	31.592726047613212	120.773913193288590	245.441372386998380	0	0	0	0	
1	[GPS]	0	31.592725691618675	120.773912377902430	245.492480219479630	0	0	0	0	
1	[GPS]	0	31.592725331596434	120.773911554309610	245.542499432210690	0	0	0	0	
1	[GPS]	0	31.592724967533766	120.773910721949180	245.589539264572980	0	0	0	0	
1	[GPS]	0	31.592724599841457	120.773909879864660	245.629302533342040	0	0	0	0	
1	[GPS]	0	31.592724228937982	120.773909028090610	245.674107830427630	0	0	0	0	
1	[GPS]	0	31.592723853440955	120.773908167307570	245.716392113354910	0	0	0	0	
1	[GPS]	0	31.592723474572018	120.773907295938220	245.769390706454860	0	0	0	0	
1	[GPS]	0	31.592722963766711	120.773906118679730	245.838374821149240	0	0	0	0	
1	[GPS]	0	31.592722575721186	120.773905224218150	245.885815723945830	0	0	0	0	
1	[GPS]	0	31.592722183795800	120.773904320085590	245.934689021150490	0	0	0	0	
1	[GPS]	0	31.592721793244365	120.773903404551250	245.973993923708860	0	0	0	0	
1	[GPS]	0	31.592721399202254	120.773902478328050	246.020002432097240	0	0	0	0	
1	[GPS]	0	31.592721002395031	120.773901542435540	246.074376123828980	0	0	0	0	
1	[GPS]	0	31.592720602174182	120.773900594984840	246.131901083258610	0	0	0	0	
1	[GPS]	0	31.592720198155146	120.773899636922350	246.192462718833410	0	0	0	0	
1	[GPS]	0	31.592719653773671	120.773898346408470	246.269239059107860	0	0	0	0	
1	[GPS]	0	31.592719240276722	120.773897358665760	246.323727342392230	0	0	0	0	
1	[GPS]	0	31.592718822853264	120.773896361020870	246.370366104320250	0	0	0	0	
1	[GPS]	0	31.592718403148762	120.773895355138680	246.417234049353480	0	0	0	0	
1	[GPS]	0	31.592717981012889	120.773894340050350	246.470461825558770	0	0	0	0	
1	[GPS]	0	31.592717556250918	120.773893316480610	246.519105939658060	0	0	0	0	
1	[GPS]	0	31.592717127483084	120.773892285435370	246.574568251140020	0	0	0	0	
1	[GPS]	0	31.592716695932339	120.773891244010100	246.625561492068560	0	0	0	0	
1	[GPS]	0	31.592716261086011	120.773890193646070	246.672601324430870	0	0	0	0	
1	[GPS]	0	31.592715675660475	120.773888773294930	246.745768030796880	0	0	0	0	
1	[GPS]	0	31.592715232307523	120.773887700770520	246.790516032106210	0	0	0	0	
1	[GPS]	0	31.592714785613612	120.773886618225730	246.841566568811120	0	0	0	0	
1	[GPS]	0	31.592714335716963	120.773885525749550	246.887002119436290	0	0	0	0	
1	[GPS]	0	31.592713883591095	120.773884423565290	246.942349839365590	0	0	0	0	
1	[GPS]	0	31.592713428332711	120.773883309016750	246.991051249241250	0	0	0	0	
1	[GPS]	0	31.592712971781289	120.773882186033970	247.044909278986040	0	0	0	0	
1	[GPS]	0	31.592712361701210	120.773880676789910	247.115898745851840	0	0	0	0	
1	[GPS]	0	31.592711903127046	120.773879535887200	247.168267085412250	0	0	0	0	
1	[GPS]	0	31.592711447044945	120.773878386529390	247.217656044603700	0	0	0	0	
1	[GPS]	0	31.592710989871367	120.773877232767330	247.264523989637010	0	0	0	0	
1	[GPS]	0	31.592710531104434	120.773876074831890	247.306521793682750	0	0	0	0	
1	[GPS]	0	31.592710071068243	120.773874913002060	247.351097907662960	0	0	0	0	
1	[GPS]	0	31.592709609220101	120.773873746934510	247.390861176431970	0	0	0	0	
1	[GPS]	0	31.592709144260837	120.773872575935510	247.422316557634050	0	0	0	0	
1	[GPS]	0	31.592708521341692	120.773871009092020	247.475487038062990	0	0	0	0	
1	[GPS]	0	31.592708052091538	120.773869822956830	247.506885123488730	0	0	0	0	
1	[GPS]	0	31.592707581505504	120.773868631470650	247.546762983810420	0	0	0	0	
1	[GPS]	0	31.592707106645065	120.773867434388810	247.585895999039880	0	0	0	0	
1	[GPS]	0	31.592706629467564	120.773866234490430	247.612423943478120	0	0	0	0	
1	[GPS]	0	31.592706150683295	120.773865031585420	247.641243718969210	0	0	0	0	
1	[GPS]	0	31.592705670167803	120.773863825840110	247.671324001539350	0	0	0	0	
1	[GPS]	0	31.592705188265786	120.773862617611870	247.698768678398750	0	0	0	0	
1	[GPS]	0	31.592704544752849	120.773860994464880	247.737500623193970	0	0	0	0	
1	[GPS]	0	31.592704063865462	120.773859771574660	247.760820004157950	0	0	0	0	
1	[GPS]	0	31.592703583633160	120.773858543528950	247.784712342885170	0	0	0	0	
1	[GPS]	0	31.592703103555422	120.773857310642030	247.816167724087220	0	0	0	0	
1	[GPS]	0	31.592702622619619	120.773856073270790	247.844185358709840	0	0	0	0	
1	[GPS]	0	31.592702138779092	120.773854832563640	247.871801922898070	0	0	0	0	
1	[GPS]	0	31.592701653383987	120.773853588500640	247.899074712428420	0	0	0	0	
1	[GPS]	0	31.592701166326574	120.773852341370600	247.922508684945000	0	0	0	0	
1	[GPS]	0	31.592700678476309	120.773851089702760	247.937634769894690	0	0	0	0	
1	[GPS]	0	31.592700026940445	120.773849418179890	247.964220010109100	0	0	0	0	
1	[GPS]	0	31.592699538501151	120.773848158905150	247.980893081019530	0	0	0	0	
1	[GPS]	0	31.592699048646704	120.773846894401330	248.001175785838310	0	0	0	0	
1	[GPS]	0	31.592698558830463	120.773845625780380	248.027474547171150	0	0	0	0	
1	[GPS]	0	31.592698068723568	120.773844352643270	248.049189646398080	0	0	0	0	
1	[GPS]	0	31.592697577215329	120.773843076335040	248.076290548599390	0	0	0	0	
1	[GPS]	0	31.592697084729505	120.773841796634710	248.084770323495350	0	0	0	0	
1	[GPS]	0	31.592696426317758	120.773840088522530	248.100469366208240	0	0	0	0	
1	[GPS]	0	31.592695929981481	120.773838801762880	248.101787169063780	0	0	0	0	
1	[GPS]	0	31.592695432024541	120.773837512598390	248.098578605589580	0	0	0	0	
1	[GPS]	0	31.592694933134979	120.773836218683030	248.101901760616440	0	0	0	0	
1	[GPS]	0	31.592694429126542	120.773834919568640	248.092046887088600	0	0	0	0	
1	[GPS]	0	31.592693924080745	120.773833616375940	248.084541140390140	0	0	0	0	
1	[GPS]	0	31.592693418044359	120.773832308797010	248.083910886850420	0	0	0	0	
1	[GPS]	0	31.592692908622780	120.773830999167840	248.068842097677330	0	0	0	0	
1	[GPS]	0	31.592692222824244	120.773829244654320	248.055033815583100	0	0	0	0	
1	[GPS]	0	31.592691707568388	120.773827929005610	248.051653364779980	0	0	0	0	
1	[GPS]	0	31.592691189699988	120.773826610618980	248.035266772751190	0	0	0	0	
1	[GPS]	0	31.592690672935458	120.773825288204660	248.029651786671370	0	0	0	0	
1	[GPS]	0	31.592690154458545	120.773823960851930	248.004441645088830	0	0	0	0	
1	[GPS]	0	31.592689635700019	120.773822627682260	247.985362151572840	0	0	0	0	
1	[GPS]	0	31.592689116476102	120.773821289204520	247.973387334321050	0	0	0	0	
1	[GPS]	0	31.592688596603491	120.773819946323850	247.954021361923400	0	0	0	0	
1	[GPS]	0	31.592687897101207	120.773818145927490	247.940155784052960	0	0	0	0	
1	[GPS]	0	31.592687373802971	120.773816786991760	247.922050318734510	0	0	0	0	
1	[GPS]	0	31.592686847713360	120.773815423618600	247.896324515164790	0	0	0	0	
1	[GPS]	0	31.592686318575961	120.773814056815870	247.873005134200890	0	0	0	0	
1	[GPS]	0	31.592685786359961	120.773812684533240	247.838283893748300	0	0	0	0	
1	[GPS]	0	31.592685251910687	120.773811307856020	247.803276174414240	0	0	0	0	
1	[GPS]	0	31.592684713253561	120.773809926361990	247.778180624384190	0	0	0	0	
1	[GPS]	0	31.592684172596080	120.773808539531430	247.749761919327400	0	0	0	0	
1	[GPS]	0	31.592683628841968	120.773807148287590	247.726098763705440	0	0	0	0	
1	[GPS]	0	31.592682901600966	120.773805288686840	247.698367607964340	0	0	0	0	
1	[GPS]	0	31.592682351841464	120.773803885415300	247.666625747880830	0	0	0	0	
1	[GPS]	0	31.592681798521259	120.773802478125330	247.634712000468200	0	0	0	0	
1	[GPS]	0	31.592681241457321	120.773801067328660	247.603772281253070	0	0	0	0	
1	[GPS]	0	31.592680680424447	120.773799652842800	247.575525463525140	0	0	0	0	
1	[GPS]	0	31.592680117933995	120.773798232102450	247.534960053887600	0	0	0	0	
1	[GPS]	0	31.592679552708017	120.773796805085750	247.499436672566590	0	0	0	0	
1	[GPS]	0	31.592678795961607	120.773794889453040	247.449474755611790	0	0	0	0	
1	[GPS]	0	31.592678225346489	120.773793449984420	247.419623656146800	0	0	0	0	
1	[GPS]	0	31.592677651737446	120.773792006335060	247.390059035563550	0	0	0	0	
1	[GPS]	0	31.592677075084659	120.773790557597310	247.361697626282960	0	0	0	0	
1	[GPS]	0	31.592676495123506	120.773789105122460	247.333450808555030	0	0	0	0	
1	[GPS]	0	31.592675912805884	120.773787648541320	247.292140553825280	0	0	0	0	
1	[GPS]	0	31.592675328336380	120.773786187192900	247.247449848292260	0	0	0	0	
1	[GPS]	0	31.592674746293369	120.773784719360380	247.207571987970620	0	0	0	0	
1	[GPS]	0	31.592673968279744	120.773782758987650	247.152166972265090	0	0	0	0	
1	[GPS]	0	31.592673383547361	120.773781284669040	247.115726858522830	0	0	0	0	
1	[GPS]	0	31.592672796809676	120.773779810131570	247.078713787017340	0	0	0	0	
1	[GPS]	0	31.592672205545689	120.773778336404580	247.030413447576050	0	0	0	0	
1	[GPS]	0	31.592671610461544	120.773776863030830	246.984175756082320	0	0	0	0	
1	[GPS]	0	31.592671013549083	120.773775390961450	246.935703529311920	0	0	0	0	
1	[GPS]	0	31.592670413530527	120.773773919314140	246.893820316818870	0	0	0	0	
1	[GPS]	0	31.592669811184077	120.773772447047560	246.849358794391240	0	0	0	0	
1	[GPS]	0	31.592669005216298	120.773770483257510	246.791719243409030	0	0	0	0	
1	[GPS]	0	31.592668396392693	120.773769005429510	246.747429608310400	0	0	0	0	
1	[GPS]	0	31.592667787505402	120.773767526182600	246.696722846263360	0	0	0	0	
1	[GPS]	0	31.592667178788670	120.773766046949750	246.656501211283630	0	0	0	0	
1	[GPS]	0	31.592666570156119	120.773764567767800	246.620232984870460	0	0	0	0	
1	[GPS]	0	31.592665960631770	120.773763089480710	246.572906673626590	0	0	0	0	
1	[GPS]	0	31.592665350859356	120.773761611923720	246.525408475053750	0	0	0	0	
1	[GPS]	0	31.592664739295145	120.773760133945960	246.479113487783710	0	0	0	0	
1	[GPS]	0	31.592663921565677	120.773758160963670	246.416431908485040	0	0	0	0	
1	[GPS]	0	31.592663309583411	120.773756683443550	246.376897822821230	0	0	0	0	
1	[GPS]	0	31.592662696481653	120.773755207392130	246.338566948460250	0	0	0	0	
1	[GPS]	0	31.592662081446452	120.773753734238330	246.293704355598290	0	0	0	0	
1	[GPS]	0	31.592661463981681	120.773752263914990	246.250560636026190	0	0	0	0	
1	[GPS]	0	31.592660844670622	120.773750796792970	246.205812634716890	0	0	0	0	
1	[GPS]	0	31.592660219704914	120.773749331037760	246.157569591051870	0	0	0	0	
1	[GPS]	0	31.592659598535061	120.773747865518860	246.110243279807970	0	0	0	0	
1	[GPS]	0	31.592658771387079	120.773745916344690	246.062859672787820	0	0	0	0	
1	[GPS]	0	31.592658150977279	120.773744451962870	246.035128517046930	0	0	0	0	
1	[GPS]	0	31.592657530741302	120.773742987465910	245.992271276356260	0	0	0	0	
1	[GPS]	0	31.592656911217912	120.773741521529360	245.948783782126240	0	0	0	0	
1	[GPS]	0	31.592656290377338	120.773740056360110	245.901514766658720	0	0	0	0	
1	[GPS]	0	31.592655665720020	120.773738592291250	245.846453525610970	0	0	0	0	
1	[GPS]	0	31.592655039024599	120.773737129203130	245.806403777960300	0	0	0	0	
1	[GPS]	0	31.592654411424927	120.773735669560650	245.777985072903530	0	0	0	0	
1	[GPS]	0	31.592653574639211	120.773733726161300	245.742862762016670	0	0	0	0	
1	[GPS]	0	31.592652944414599	120.773732266325550	245.723324902290070	0	0	0	0	
1	[GPS]	0	31.592652314486724	120.773730804372390	245.693072732390930	0	0	0	0	
1	[GPS]	0	31.592651688134371	120.773729342205850	245.656747210201360	0	0	0	0	
1	[GPS]	0	31.592651060330027	120.773727877133300	245.617442307642900	0	0	0	0	
1	[GPS]	0	31.592650432971130	120.773726411970370	245.581116785453280	0	0	0	0	
1	[GPS]	0	31.592649804158803	120.773724945710410	245.557396334054970	0	0	0	0	
1	[GPS]	0	31.592649173338678	120.773723478232060	245.532243488248610	0	0	0	0	
1	[GPS]	0	31.592648327215475	120.773721518026380	245.491563487058390	0	0	0	0	
1	[GPS]	0	31.592647689198401	120.773720047771560	245.457243317040200	0	0	0	0	
1	[GPS]	0	31.592647048807148	120.773718577035230	245.426876555588190	0	0	0	0	
1	[GPS]	0	31.592646406228972	120.773717105489980	245.402755033755850	0	0	0	0	
1	[GPS]	0	31.592645765659778	120.773715630672950	245.392155315135770	0	0	0	0	
1	[GPS]	0	31.592645123048392	120.773714154167410	245.368664046842870	0	0	0	0	
1	[GPS]	0	31.592644479952753	120.773712675042290	245.358293511328100	0	0	0	0	
1	[GPS]	0	31.592643834483894	120.773711191661630	245.346146806747330	0	0	0	0	
1	[GPS]	0	31.592642970969862	120.773709211848100	245.312055819834340	0	0	0	0	
1	[GPS]	0	31.592642322188293	120.773707720886890	245.298419425069230	0	0	0	0	
1	[GPS]	0	31.592641673066950	120.773706226987670	245.288507255765180	0	0	0	0	
1	[GPS]	0	31.592641022213709	120.773704727933800	245.265187874801170	0	0	0	0	
1	[GPS]	0	31.592640369409626	120.773703226111210	245.265073283248510	0	0	0	0	
1	[GPS]	0	31.592639717000395	120.773701718966590	245.249546127864700	0	0	0	0	
1	[GPS]	0	31.592639062365546	120.773700209365240	245.239404775455110	0	0	0	0	
1	[GPS]	0	31.592638404891925	120.773698697339500	245.240722578310600	0	0	0	0	
1	[GPS]	0	31.592637523405312	120.773696680236090	245.223247366531810	0	0	0	0	
1	[GPS]	0	31.592636857585024	120.773695158089370	245.214366521201500	0	0	0	0	
1	[GPS]	0	31.592636189953097	120.773693632014910	245.211157957727410	0	0	0	0	
1	[GPS]	0	31.592635520129409	120.773692103282850	245.191390914895380	0	0	0	0	
1	[GPS]	0	31.592634849600412	120.773690571394970	245.184400830183960	0	0	0	0	
1	[GPS]	0	31.592634177274917	120.773689035275960	245.178900435656860	0	0	0	0	
1	[GPS]	0	31.592633503454675	120.773687496710830	245.161196040772640	0	0	0	0	
1	[GPS]	0	31.592632828509405	120.773685954273940	245.156096716679830	0	0	0	0	
1	[GPS]	0	31.592631925739340	120.773683887639080	245.138678800677240	0	0	0	0	
1	[GPS]	0	31.592631246524231	120.773682338500630	245.129511476465320	0	0	0	0	
1	[GPS]	0	31.592630565643400	120.773680786381220	245.127391532741200	0	0	0	0	
1	[GPS]	0	31.592629886582362	120.773679226110690	245.118224208529430	0	0	0	0	
1	[GPS]	0	31.592629206988637	120.773677663110770	245.112437335120600	0	0	0	0	
1	[GPS]	0	31.592628525663024	120.773676097812880	245.111119532265230	0	0	0	0	
1	[GPS]	0	31.592627841997452	120.773674530587580	245.107338011027710	0	0	0	0	
1	[GPS]	0	31.592627156050821	120.773672961896180	245.106879644817180	0	0	0	0	
1	[GPS]	0	31.592626237297047	120.773670872714720	245.093988095144250	0	0	0	0	
1	[GPS]	0	31.592625546516402	120.773669301439230	245.079492263734150	0	0	0	0	
1	[GPS]	0	31.592624854009831	120.773667730038810	245.068777953561640	0	0	0	0	
1	[GPS]	0	31.592624161527816	120.773666157148380	245.061501389968300	0	0	0	0	
1	[GPS]	0	31.592623468520063	120.773664582390480	245.056975023638780	0	0	0	0	
1	[GPS]	0	31.592622776413535	120.773663005529490	245.059897108231270	0	0	0	0	
1	[GPS]	0	31.592622085037714	120.773661426970700	245.053365389730350	0	0	0	0	
1	[GPS]	0	31.592621393821791	120.773659848056770	245.044656431729010	0	0	0	0	
1	[GPS]	0	31.592620462114169	120.773657743820270	245.030618966529570	0	0	0	0	
1	[GPS]	0	31.592619762024384	120.773656163597740	245.021508938094000	0	0	0	0	
1	[GPS]	0	31.592619062872142	120.773654583417770	245.017440937974920	0	0	0	0	
1	[GPS]	0	31.592618364726938	120.773653002995080	245.013602120961250	0	0	0	0	
1	[GPS]	0	31.592617666703283	120.773651422531860	245.011424881460930	0	0	0	0	
1	[GPS]	0	31.592616968175808	120.773649842528640	245.010221670158160	0	0	0	0	
1	[GPS]	0	31.592616266222223	120.773648263639360	244.998819810669520	0	0	0	0	
1	[GPS]	0	31.592615563583337	120.773646687377050	244.990626514655280	0	0	0	0	
1	[GPS]	0	31.592614620562831	120.773644585444790	244.980599753798510	0	0	0	0	
1	[GPS]	0	31.592613922405651	120.773643015492480	244.976359866350440	0	0	0	0	
1	[GPS]	0	31.592613228410332	120.773641445422140	244.982834289075040	0	0	0	0	
1	[GPS]	0	31.592612534535906	120.773639876959630	244.993204824589810	0	0	0	0	
1	[GPS]	0	31.592611841102144	120.773638308906540	244.999793838867130	0	0	0	0	
1	[GPS]	0	31.592611148167826	120.773636740618030	244.995840430300770	0	0	0	0	
1	[GPS]	0	31.592610458034120	120.773635172078200	244.986272035654620	0	0	0	0	
1	[GPS]	0	31.592609769874979	120.773633603980330	244.971031359152310	0	0	0	0	
1	[GPS]	0	31.592608854777733	120.773631517991010	244.958139809479380	0	0	0	0	
1	[GPS]	0	31.592608171010951	120.773629953196050	244.954988541781490	0	0	0	0	
1	[GPS]	0	31.592607487951287	120.773628390173290	244.964041274440770	0	0	0	0	
1	[GPS]	0	31.592606804229280	120.773626827922360	244.976016091692490	0	0	0	0	
1	[GPS]	0	31.592606119478496	120.773625268237580	244.981631077772330	0	0	0	0	
1	[GPS]	0	31.592605433693421	120.773623709158910	244.984667753917450	0	0	0	0	
1	[GPS]	0	31.592604746996628	120.773622152448250	244.986730401865170	0	0	0	0	
1	[GPS]	0	31.592604059906865	120.773620597529600	244.973323190205320	0	0	0	0	
1	[GPS]	0	31.592603143884077	120.773618528136010	244.957681443268740	0	0	0	0	
1	[GPS]	0	31.592602467763488	120.773616972688880	244.955790682650020	0	0	0	0	
1	[GPS]	0	31.592601793108116	120.773615418651670	244.957051189729130	0	0	0	0	
1	[GPS]	0	31.592601118408698	120.773613865636920	244.955217724886860	0	0	0	0	
1	[GPS]	0	31.592600444315654	120.773612314325770	244.958254401032010	0	0	0	0	
1	[GPS]	0	31.592599770522114	120.773610764980450	244.953613443149750	0	0	0	0	
1	[GPS]	0	31.592599097672043	120.773609218310950	244.934877724291790	0	0	0	0	
1	[GPS]	0	31.592598430198564	120.773607676194360	244.927085498711560	0	0	0	0	
1	[GPS]	0	31.592597554218081	120.773605618636750	244.922960202816260	0	0	0	0	
1	[GPS]	0	31.592596891736530	120.773604082967690	244.927773048027430	0	0	0	0	
1	[GPS]	0	31.592596230330070	120.773602549980280	244.941581330121640	0	0	0	0	
1	[GPS]	0	31.592595568602558	120.773601018199190	244.960259753203360	0	0	0	0	
1	[GPS]	0	31.592594906486742	120.773599487428040	244.973552373310670	0	0	0	0	
1	[GPS]	0	31.592594243799962	120.773597957451430	244.968911415428350	0	0	0	0	
1	[GPS]	0	31.592593577143937	120.773596425638860	244.956420936189630	0	0	0	0	
1	[GPS]	0	31.592592911101264	120.773594896010480	244.937799808884220	0	0	0	0	
1	[GPS]	0	31.592592022901904	120.773592864751810	244.917860878723360	0	0	0	0	
1	[GPS]	0	31.592591364335533	120.773591346922000	244.910125948919640	0	0	0	0	
1	[GPS]	0	31.592590706971556	120.773589833032930	244.917001442078490	0	0	0	0	
1	[GPS]	0	31.592590050731488	120.773588322185470	244.938544653976350	0	0	0	0	
1	[GPS]	0	31.592589395175132	120.773586814399860	244.959629499663780	0	0	0	0	
1	[GPS]	0	31.592588741275247	120.773585307851020	244.974755584613400	0	0	0	0	
1	[GPS]	0	31.592588087239058	120.773583801128650	244.992116204839730	0	0	0	0	
1	[GPS]	0	31.592587435332526	120.773582294577340	244.988277387825860	0	0	0	0	
1	[GPS]	0	31.592586565198616	120.773580286079980	244.987188768075780	0	0	0	0	
1	[GPS]	0	31.592585916873102	120.773578779848520	244.983521838391030	0	0	0	0	
1	[GPS]	0	31.592585268953645	120.773577277512600	244.977219302995370	0	0	0	0	
1	[GPS]	0	31.592584614703750	120.773575777462310	244.970974063376100	0	0	0	0	
1	[GPS]	0	31.592583960003058	120.773574280861240	244.966848767480680	0	0	0	0	
1	[GPS]	0	31.592583306046212	120.773572788502020	244.975271246600240	0	0	0	0	
1	[GPS]	0	31.592582655222859	120.773571298275540	244.989996261115640	0	0	0	0	
1	[GPS]	0	31.592582005686584	120.773569810874900	245.005809895381220	0	0	0	0	
1	[GPS]	0	31.592581145088829	120.773567829088730	245.010851923697660	0	0	0	0	
1	[GPS]	0	31.592580500352486	120.773566347291610	245.021795416975640	0	0	0	0	
1	[GPS]	0	31.592579857501246	120.773564866803400	245.030790853858580	0	0	0	0	
1	[GPS]	0	31.592579216359180	120.773563387276240	245.045057502163270	0	0	0	0	
1	[GPS]	0	31.592578575109201	120.773561907664300	245.055542629230620	0	0	0	0	
1	[GPS]	0	31.592577935047434	120.773560429171030	245.058235530717890	0	0	0	0	
1	[GPS]	0	31.592577295687843	120.773558953060420	245.056287474322740	0	0	0	0	
1	[GPS]	0	31.592576656493275	120.773557479138700	245.048151474084790	0	0	0	0	
1	[GPS]	0	31.592575805802127	120.773555515472370	245.038926854096620	0	0	0	0	
1	[GPS]	0	31.592575169711399	120.773554043415870	245.045458572597570	0	0	0	0	
1	[GPS]	0	31.592574536005319	120.773552575763260	245.062991080152810	0	0	0	0	
1	[GPS]	0	31.592573900649970	120.773551107884130	245.096738292407760	0	0	0	0	
1	[GPS]	0	31.592573264905305	120.773549640674500	245.119255532503300	0	0	0	0	
1	[GPS]	0	31.592572625939241	120.773548173765110	245.122635983306310	0	0	0	0	
1	[GPS]	0	31.592571986457060	120.773546705061790	245.118567983187290	0	0	0	0	
1	[GPS]	0	31.592571349690022	120.773545238013310	245.110546574501910	0	0	0	0	
1	[GPS]	0	31.592570501826277	120.773543284095040	245.093644320486220	0	0	0	0	
1	[GPS]	0	31.592569868182647	120.773541817318150	245.094847531789070	0	0	0	0	
1	[GPS]	0	31.592569235731133	120.773540346222660	245.114442687292040	0	0	0	0	
1	[GPS]	0	31.592568603094485	120.773538875767230	245.136788040058520	0	0	0	0	
1	[GPS]	0	31.592567968812443	120.773537404066690	245.158732322390650	0	0	0	0	
1	[GPS]	0	31.592567334157270	120.773535929287490	245.174202181998200	0	0	0	0	
1	[GPS]	0	31.592566697712989	120.773534453888320	245.191104436013800	0	0	0	0	
1	[GPS]	0	31.592566058493698	120.773532974747300	245.197349675633210	0	0	0	0	
1	[GPS]	0	31.592565203628808	120.773530990270190	245.187265619000190	0	0	0	0	
1	[GPS]	0	31.592564561416498	120.773529501961430	245.184859196394600	0	0	0	0	
1	[GPS]	0	31.592563919500318	120.773528010220260	245.190416886698070	0	0	0	0	
1	[GPS]	0	31.592563274619131	120.773526513928120	245.202334408173440	0	0	0	0	
1	[GPS]	0	31.592562627668627	120.773525012785270	245.215741619833270	0	0	0	0	
1	[GPS]	0	31.592561978925509	120.773523509542900	245.218033450886340	0	0	0	0	
1	[GPS]	0	31.592561327766138	120.773522004385880	245.222445225663250	0	0	0	0	
1	[GPS]	0	31.592560673775289	120.773520496004980	245.232185507638430	0	0	0	0	
1	[GPS]	0	31.592559798169596	120.773518475940450	245.230466634348770	0	0	0	0	
1	[GPS]	0	31.592559141975183	120.773516953458310	245.217460493123010	0	0	0	0	
1	[GPS]	0	31.592558484364243	120.773515426137480	245.222846296097490	0	0	0	0	
1	[GPS]	0	31.592557825769401	120.773513893450880	245.229549901927440	0	0	0	0	
1	[GPS]	0	31.592557166434499	120.773512355750230	245.227716437085120	0	0	0	0	
1	[GPS]	0	31.592556507220220	120.773510813090740	245.236310803533680	0	0	0	0	
1	[GPS]	0	31.592555845126476	120.773509266425070	245.241066352968630	0	0	0	0	
1	[GPS]	0	31.592555181800719	120.773507715285400	245.239290183902630	0	0	0	0	
1	[GPS]	0	31.592554289900594	120.773505637500880	245.253155761773090	0	0	0	0	
1	[GPS]	0	31.592553617684235	120.773504070896780	245.251895254693920	0	0	0	0	
1	[GPS]	0	31.592552943663517	120.773502502934190	245.250348268733120	0	0	0	0	
1	[GPS]	0	31.592552267998336	120.773500930471160	245.271032043986220	0	0	0	0	
1	[GPS]	0	31.592551593150347	120.773499352905200	245.268912100262270	0	0	0	0	
1	[GPS]	0	31.592550915464795	120.773497770984970	245.268740212933320	0	0	0	0	
1	[GPS]	0	31.592550234774606	120.773496183395720	245.279855593540080	0	0	0	0	
1	[GPS]	0	31.592549549414095	120.773494599515370	245.273782241249820	0	0	0	0	
1	[GPS]	0	31.592548632825533	120.773492476916470	245.271261227091600	0	0	0	0	
1	[GPS]	0	31.592547942007663	120.773490881992660	245.267823480512050	0	0	0	0	
1	[GPS]	0	31.592547249127527	120.773489282947440	245.259687480274040	0	0	0	0	
1	[GPS]	0	31.592546553466057	120.773487674022480	245.252811987115220	0	0	0	0	
1	[GPS]	0	31.592545857774084	120.773486060246770	245.251837958917660	0	0	0	0	
1	[GPS]	0	31.592545162084839	120.773484441764350	245.255848663260280	0	0	0	0	
1	[GPS]	0	31.592544465765688	120.773482819782870	245.258713452076590	0	0	0	0	
1	[GPS]	0	31.592543769207545	120.773481192806320	245.267365114301440	0	0	0	0	
1	[GPS]	0	31.592542836807411	120.773479016607210	245.278537790684680	0	0	0	0	
1	[GPS]	0	31.592542137282113	120.773477377708020	245.275844889197490	0	0	0	0	
1	[GPS]	0	31.592541435095683	120.773475734281150	245.280600438632380	0	0	0	0	
1	[GPS]	0	31.592540725177134	120.773474077430080	245.287705114896650	0	0	0	0	
1	[GPS]	0	31.592540012002434	120.773472417595030	245.291372044581440	0	0	0	0	
1	[GPS]	0	31.592539296668580	120.773470756538430	245.307472157728480	0	0	0	0	
1	[GPS]	0	31.592538577593487	120.773469094660140	245.316123819953480	0	0	0	0	
1	[GPS]	0	31.592537855056836	120.773467430424900	245.319160496098680	0	0	0	0	
1	[GPS]	0	31.592536889281693	120.773465214226040	245.325634918823310	0	0	0	0	
1	[GPS]	0	31.592536159756047	120.773463545472100	245.310394242321000	0	0	0	0	
1	[GPS]	0	31.592535433205612	120.773461874712850	245.295096270042480	0	0	0	0	
1	[GPS]	0	31.592534707015098	120.773460199392620	245.289710467067950	0	0	0	0	
1	[GPS]	0	31.592533981197569	120.773458520610290	245.276761621618650	0	0	0	0	
1	[GPS]	0	31.592533257710844	120.773456837146160	245.269141283367590	0	0	0	0	
1	[GPS]	0	31.592532536235844	120.773455150753350	245.273209283486610	0	0	0	0	
1	[GPS]	0	31.592531808759475	120.773453464183770	245.275100044105300	0	0	0	0	
1	[GPS]	0	31.592530834293488	120.773451207835860	245.281345283724590	0	0	0	0	
1	[GPS]	0	31.592530105440304	120.773449517235790	245.290741791041820	0	0	0	0	
1	[GPS]	0	31.592529374389240	120.773447825668980	245.297789171529640	0	0	0	0	
1	[GPS]	0	31.592528640206329	120.773446133061710	245.298992382832470	0	0	0	0	
1	[GPS]	0	31.592527902684992	120.773444439078470	245.296929734884770	0	0	0	0	
1	[GPS]	0	31.592527163731525	120.773442743668100	245.290226129054870	0	0	0	0	
1	[GPS]	0	31.592526422885495	120.773441046766560	245.285928945830590	0	0	0	0	
1	[GPS]	0	31.592525681953305	120.773439347560480	245.274985452552560	0	0	0	0	
1	[GPS]	0	31.592524697569882	120.773437078461870	245.256307029470800	0	0	0	0	
1	[GPS]	0	31.592523960531860	120.773435371986920	245.257911311207920	0	0	0	0	
1	[GPS]	0	31.592523226038164	120.773433663627120	245.261922015550650	0	0	0	0	
1	[GPS]	0	31.592522491833243	120.773431953244700	245.261979311326970	0	0	0	0	
1	[GPS]	0	31.592521757870170	120.773430241984090	245.287475931791310	0	0	0	0	
1	[GPS]	0	31.592521022235029	120.773428533020140	245.300768551898560	0	0	0	0	
1	[GPS]	0	31.592520284442156	120.773426823152230	245.303404157609440	0	0	0	0	
1	[GPS]	0	31.592519545023499	120.773425112595020	245.308503481702300	0	0	0	0	
1	[GPS]	0	31.592518554226800	120.773422832084590	245.291887706568300	0	0	0	0	
1	[GPS]	0	31.592517807491497	120.773421120965120	245.267135931196240	0	0	0	0	
1	[GPS]	0	31.592517061040290	120.773419407932830	245.261463649340100	0	0	0	0	
1	[GPS]	0	31.592516315605351	120.773417689489750	245.252525508233420	0	0	0	0	
1	[GPS]	0	31.592515573215394	120.773415969722180	245.236654578191630	0	0	0	0	
1	[GPS]	0	31.592514833460996	120.773414247109570	245.238488043034070	0	0	0	0	
1	[GPS]	0	31.592514095841835	120.773412523482150	245.241180944521350	0	0	0	0	
1	[GPS]	0	31.592513359359501	120.773410799406040	245.249030465877690	0	0	0	0	
1	[GPS]	0	31.592512379663784	120.773408499540620	245.257796719655400	0	0	0	0	
1	[GPS]	0	31.592511643380533	120.773406776621940	245.259859367602990	0	0	0	0	
1	[GPS]	0	31.592510903440626	120.773405051679730	245.255791367483990	0	0	0	0	
1	[GPS]	0	31.592510162093649	120.773403326347010	245.231612549875140	0	0	0	0	
1	[GPS]	0	31.592509420721328	120.773401600687000	245.213678971885680	0	0	0	0	
1	[GPS]	0	31.592508679023364	120.773399874369010	245.212876831017100	0	0	0	0	
1	[GPS]	0	31.592507937511606	120.773398150111720	245.209209901332310	0	0	0	0	
1	[GPS]	0	31.592507196083126	120.773396426448780	245.211616323937960	0	0	0	0	
1	[GPS]	0	31.592506201428254	120.773394129232430	245.224794352492520	0	0	0	0	
1	[GPS]	0	31.592505451680839	120.773392404943960	245.241811198060900	0	0	0	0	
1	[GPS]	0	31.592504701032418	120.773390680208050	245.227831028637780	0	0	0	0	
1	[GPS]	0	31.592503953633635	120.773388949258050	245.209840154871980	0	0	0	0	
1	[GPS]	0	31.592503205259884	120.773387216617350	245.202277112397210	0	0	0	0	
1	[GPS]	0	31.592502457935037	120.773385484788660	245.167842350826250	0	0	0	0	
1	[GPS]	0	31.592501711061004	120.773383749899780	245.163086801391300	0	0	0	0	
1	[GPS]	0	31.592500964834798	120.773382013724710	245.175978351064230	0	0	0	0	
1	[GPS]	0	31.592499967976572	120.773379698240660	245.163487871825590	0	0	0	0	
1	[GPS]	0	31.592499221280818	120.773377959457950	245.156268604008770	0	0	0	0	
1	[GPS]	0	31.592498472431441	120.773376217310360	245.153002744758250	0	0	0	0	
1	[GPS]	0	31.592497724316015	120.773374475584550	245.134267025900210	0	0	0	0	
1	[GPS]	0	31.592496970631505	120.773372729219470	245.130370913110170	0	0	0	0	
1	[GPS]	0	31.592496215988280	120.773370980413470	245.130313617333880	0	0	0	0	
1	[GPS]	0	31.592495459769708	120.773369230584730	245.126646687649070	0	0	0	0	
1	[GPS]	0	31.592494702489446	120.773367480291990	245.129282293360030	0	0	0	0	
1	[GPS]	0	31.592493690598321	120.773365144811180	245.107223419475020	0	0	0	0	
1	[GPS]	0	31.592492931326529	120.773363395472830	245.092670292288830	0	0	0	0	
1	[GPS]	0	31.592492172427480	120.773361647291890	245.089576320367230	0	0	0	0	
1	[GPS]	0	31.592491407441301	120.773359896997160	245.081898686339850	0	0	0	0	
1	[GPS]	0	31.592490642764350	120.773358145516400	245.085794799129790	0	0	0	0	
1	[GPS]	0	31.592489878266623	120.773356392050470	245.091237897880660	0	0	0	0	
1	[GPS]	0	31.592489112774029	120.773354636667620	245.082872714537300	0	0	0	0	
1	[GPS]	0	31.592488346066808	120.773352880675770	245.067001784495490	0	0	0	0	
1	[GPS]	0	31.592487320168981	120.773350542234450	245.056459361651800	0	0	0	0	
1	[GPS]	0	31.592486549663487	120.773348788298850	245.044656431729010	0	0	0	0	
1	[GPS]	0	31.592485780533938	120.773347034114240	245.033082684911480	0	0	0	0	
1	[GPS]	0	31.592485013008776	120.773345277530860	245.036864206149000	0	0	0	0	
1	[GPS]	0	31.592484249160993	120.773343518356460	245.033082684911480	0	0	0	0	
1	[GPS]	0	31.592483486051332	120.773341759659030	245.026608262186840	0	0	0	0	
1	[GPS]	0	31.592482720482813	120.773339999663900	245.042651079557690	0	0	0	0	
1	[GPS]	0	31.592481951535724	120.773338245905310	245.037780938570080	0	0	0	0	
1	[GPS]	0	31.592480926552749	120.773335910411720	245.002544036130700	0	0	0	0	
1	[GPS]	0	31.592480155739349	120.773334163365930	244.971489725362940	0	0	0	0	
1	[GPS]	0	31.592479385961131	120.773332417051420	244.941122963911030	0	0	0	0	
1	[GPS]	0	31.592478619399692	120.773330671956780	244.935393386278580	0	0	0	0	
1	[GPS]	0	31.592477855078968	120.773328926021070	244.941008372358370	0	0	0	0	
1	[GPS]	0	31.592477093582719	120.773327178164620	244.959285725005740	0	0	0	0	
1	[GPS]	0	31.592476335727998	120.773325421304450	244.967765499901790	0	0	0	0	
1	[GPS]	0	31.592475577281522	120.773323662367010	244.947769273964580	0	0	0	0	
1	[GPS]	0	31.592474565626461	120.773321317909970	244.911672934880360	0	0	0	0	
1	[GPS]	0	31.592473807744831	120.773319565689760	244.884743920007940	0	0	0	0	
1	[GPS]	0	31.592473048664964	120.773317817554570	244.868872989966120	0	0	0	0	
1	[GPS]	0	31.592472297029055	120.773316076567840	244.859820257306860	0	0	0	0	
1	[GPS]	0	31.592471545159693	120.773314339554080	244.862112088359940	0	0	0	0	
1	[GPS]	0	31.592470794289738	120.773312606482350	244.875920370453940	0	0	0	0	
1	[GPS]	0	31.592470043939933	120.773310876229520	244.892192370930020	0	0	0	0	
1	[GPS]	0	31.592469293536702	120.773309145751180	244.905083920603090	0	0	0	0	
1	[GPS]	0	31.592468293783028	120.773306835963010	244.875691187348740	0	0	0	0	
1	[GPS]	0	31.592467545838588	120.773305102695360	244.855694961411610	0	0	0	0	
1	[GPS]	0	31.592466799747918	120.773303371250140	244.830083749394480	0	0	0	0	
1	[GPS]	0	31.592466054635516	120.773301639509090	244.802982847193220	0	0	0	0	
1	[GPS]	0	31.592465309863304	120.773299911045020	244.794216593415600	0	0	0	0	
1	[GPS]	0	31.592464564273158	120.773298186746980	244.790377776401870	0	0	0	0	
1	[GPS]	0	31.592463817599924	120.773296466082470	244.798857551297830	0	0	0	0	
1	[GPS]	0	31.592463069789876	120.773294747837430	244.807566509299110	0	0	0	0	
1	[GPS]	0	31.592462069081694	120.773292457431860	244.802639072535190	0	0	0	0	
1	[GPS]	0	31.592461313636189	120.773290735688480	244.783731466348260	0	0	0	0	
1	[GPS]	0	31.592460559846050	120.773289012512000	244.756974338804780	0	0	0	0	
1	[GPS]	0	31.592459808008662	120.773287290252370	244.730962056353580	0	0	0	0	
1	[GPS]	0	31.592459058386673	120.773285569728870	244.714747351653780	0	0	0	0	
1	[GPS]	0	31.592458309904266	120.773283851591120	244.699277492046290	0	0	0	0	
1	[GPS]	0	31.592457562930001	120.773282139118520	244.688906956531670	0	0	0	0	
1	[GPS]	0	31.592456813564265	120.773280435591060	244.674353829345080	0	0	0	0	
1	[GPS]	0	31.592455812902376	120.773278172293460	244.664269772712000	0	0	0	0	
1	[GPS]	0	31.592455064275761	120.773276476774070	244.662436307869710	0	0	0	0	
1	[GPS]	0	31.592454322700902	120.773274778872590	244.666275124883580	0	0	0	0	
1	[GPS]	0	31.592453581309478	120.773273081320060	244.666447012212420	0	0	0	0	
1	[GPS]	0	31.592452840257934	120.773271383801880	244.650576082170660	0	0	0	0	
1	[GPS]	0	31.592452100132583	120.773269686350940	244.628288025180470	0	0	0	0	
1	[GPS]	0	31.592451361114890	120.773267990811700	244.598322334162840	0	0	0	0	
1	[GPS]	0	31.592450623672576	120.773266298775850	244.575919685619970	0	0	0	0	
1	[GPS]	0	31.592449640573939	120.773264050316260	244.552543008879720	0	0	0	0	
1	[GPS]	0	31.592448905691860	120.773262368585460	244.554605656827360	0	0	0	0	
1	[GPS]	0	31.592448172334958	120.773260689449610	244.564002164144630	0	0	0	0	
1	[GPS]	0	31.592447440351190	120.773259013284060	244.581649263252500	0	0	0	0	
1	[GPS]	0	31.592446711661740	120.773257343495810	244.601301714531700	0	0	0	0	
1	[GPS]	0	31.592445982472594	120.773255674447030	244.598608813044540	0	0	0	0	
1	[GPS]	0	31.592445253958957	120.773254008083680	244.580446051949680	0	0	0	0	
1	[GPS]	0	31.592444524073752	120.773252344422200	244.554777544156390	0	0	0	0	
1	[GPS]	0	31.592443550585578	120.773250129246260	244.516389374019240	0	0	0	0	
1	[GPS]	0	31.592442824240667	120.773248472980500	244.511118162597280	0	0	0	0	
1	[GPS]	0	31.592442099416967	120.773246820522910	244.513467289426500	0	0	0	0	
1	[GPS]	0	31.592441375497145	120.773245172857510	244.522863796743820	0	0	0	0	
1	[GPS]	0	31.592440651846665	120.773243524594150	244.537817994364450	0	0	0	0	
1	[GPS]	0	31.592439929284634	120.773241876008740	244.543547571996900	0	0	0	0	
1	[GPS]	0	31.592439208966095	120.773240226663750	244.528650670152590	0	0	0	0	
1	[GPS]	0	31.592438490089950	120.773238574983910	244.509972247070780	0	0	0	0	
1	[GPS]	0	31.592437538246784	120.773236375389620	244.475594781276190	0	0	0	0	
1	[GPS]	0	31.592436823751868	120.773234726665990	244.458406048378980	0	0	0	0	
1	[GPS]	0	31.592436108922040	120.773233081557110	244.460411400550440	0	0	0	0	
1	[GPS]	0	31.592435392795352	120.773231440919020	244.472157034696810	0	0	0	0	
1	[GPS]	0	31.592434674454815	120.773229806153320	244.480751401145400	0	0	0	0	
1	[GPS]	0	31.592433952657661	120.773228177907160	244.475537485500010	0	0	0	0	
1	[GPS]	0	31.592433229831492	120.773226553720040	244.465911795077400	0	0	0	0	
1	[GPS]	0	31.592432504383396	120.773224929142690	244.457546611734050	0	0	0	0	
1	[GPS]	0	31.592431540088636	120.773222764121580	244.462531344274340	0	0	0	0	
1	[GPS]	0	31.592430817879485	120.773221138742260	244.472214330473120	0	0	0	0	
1	[GPS]	0	31.592430098918829	120.773219510867750	244.464364809116690	0	0	0	0	
1	[GPS]	0	31.592429381717615	120.773217881711890	244.453134836957160	0	0	0	0	
1	[GPS]	0	31.592428667212168	120.773216252684040	244.439613033744620	0	0	0	0	
1	[GPS]	0	31.592427954513877	120.773214625322440	244.421335681097190	0	0	0	0	
1	[GPS]	0	31.592427239383433	120.773212997881520	244.419559512031190	0	0	0	0	
1	[GPS]	0	31.592426524134872	120.773211373790360	244.435545033625570	0	0	0	0	
1	[GPS]	0	31.592425571196262	120.773209213287840	244.460640583655650	0	0	0	0	
1	[GPS]	0	31.592424855245049	120.773207595298350	244.484303739277490	0	0	0	0	
1	[GPS]	0	31.592424138240371	120.773205978362800	244.506820979373000	0	0	0	0	
1	[GPS]	0	31.592423420420797	120.773204362134830	244.510487909057790	0	0	0	0	
1	[GPS]	0	31.592422704179519	120.773202744615120	244.512206782347450	0	0	0	0	
1	[GPS]	0	31.592421988312978	120.773201125093690	244.510144134399780	0	0	0	0	
1	[GPS]	0	31.592421273268645	120.773199504844570	244.509399289307540	0	0	0	0	
1	[GPS]	0	31.592420558518114	120.773197885754570	244.511576528807950	0	0	0	0	
1	[GPS]	0	31.592419606096193	120.773195727345000	244.503383232793540	0	0	0	0	
1	[GPS]	0	31.592418893732287	120.773194111204010	244.493642950818360	0	0	0	0	
1	[GPS]	0	31.592418183423078	120.773192496597280	244.496507739634640	0	0	0	0	
1	[GPS]	0	31.592417473667194	120.773190879476990	244.501205993293150	0	0	0	0	
1	[GPS]	0	31.592416765884490	120.773189262140590	244.514842388058360	0	0	0	0	
1	[GPS]	0	31.592416061797135	120.773187643022580	244.532317599837230	0	0	0	0	
1	[GPS]	0	31.592415358473335	120.773186023562740	244.540510895851640	0	0	0	0	
1	[GPS]	0	31.592414653741805	120.773184403926020	244.543261093115230	0	0	0	0	
1	[GPS]	0	31.592413715041918	120.773182254682890	244.554834839932770	0	0	0	0	
1	[GPS]	0	31.592413010354456	120.773180645203580	244.559876868249260	0	0	0	0	
1	[GPS]	0	31.592412304762195	120.773179036636490	244.551339797576930	0	0	0	0	
1	[GPS]	0	31.592411598390740	120.773177428847230	244.549620924287180	0	0	0	0	
1	[GPS]	0	31.592410892008317	120.773175822828050	244.550938727142690	0	0	0	0	
1	[GPS]	0	31.592410185628847	120.773174219243510	244.550365769379450	0	0	0	0	
1	[GPS]	0	31.592409478847916	120.773172615838310	244.553402445524650	0	0	0	0	
1	[GPS]	0	31.592408775217240	120.773171012194400	244.563085431723410	0	0	0	0	
1	[GPS]	0	31.592407836928249	120.773168871342320	244.567898276934610	0	0	0	0	
1	[GPS]	0	31.592407135383237	120.773167264201220	244.568242051592650	0	0	0	0	
1	[GPS]	0	31.592406434039532	120.773165656022310	244.563601093710360	0	0	0	0	
1	[GPS]	0	31.592405732438731	120.773164046777110	244.557355854091010	0	0	0	0	
1	[GPS]	0	31.592405031378895	120.773162439917390	244.555579685024920	0	0	0	0	
1	[GPS]	0	31.592404329791290	120.773160835300270	244.561595741538950	0	0	0	0	
1	[GPS]	0	31.592403627772146	120.773159232117480	244.573971629225010	0	0	0	0	
1	[GPS]	0	31.592402924828864	120.773157629772300	244.588582052187660	0	0	0	0	
1	[GPS]	0	31.592401988902790	120.773155493278840	244.596775348202040	0	0	0	0	
1	[GPS]	0	31.592401286676527	120.773153888278660	244.603650841360970	0	0	0	0	
1	[GPS]	0	31.592400584882238	120.773152281196540	244.600442277886770	0	0	0	0	
1	[GPS]	0	31.592399885070147	120.773150674133190	244.590587404359100	0	0	0	0	
1	[GPS]	0	31.592399189255062	120.773149070628040	244.591332249451340	0	0	0	0	
1	[GPS]	0	31.592398493356420	120.773147470129460	244.604854052663770	0	0	0	0	
1	[GPS]	0	31.592397797318416	120.773145871489500	244.616141320599700	0	0	0	0	
1	[GPS]	0	31.592397100847680	120.773144275065220	244.626339968785350	0	0	0	0	
1	[GPS]	0	31.592396171174340	120.773142149892380	244.657336983776840	0	0	0	0	
1	[GPS]	0	31.592395473720156	120.773140559417300	244.681000139398860	0	0	0	0	
1	[GPS]	0	31.592394777653325	120.773138970659570	244.692000928453040	0	0	0	0	
1	[GPS]	0	31.592394080388495	120.773137384191020	244.704720590796970	0	0	0	0	
1	[GPS]	0	31.592393386803487	120.773135797147160	244.737608366407190	0	0	0	0	
1	[GPS]	0	31.592392696477795	120.773134209378200	244.757891071225970	0	0	0	0	
1	[GPS]	0	31.592392009336251	120.773132620788590	244.775480874557620	0	0	0	0	
1	[GPS]	0	31.592391323162055	120.773131032145830	244.808540537496610	0	0	0	0	
1	[GPS]	0	31.592390408298666	120.773128915311370	244.827963805670580	0	0	0	0	
1	[GPS]	0	31.592389721677364	120.773127332132670	244.840798059567190	0	0	0	0	
1	[GPS]	0	31.592389031134871	120.773125753729400	244.858044088240830	0	0	0	0	
1	[GPS]	0	31.592388339747085	120.773124179268920	244.865664426491970	0	0	0	0	
1	[GPS]	0	31.592387649287311	120.773122608079090	244.874889046480120	0	0	0	0	
1	[GPS]	0	31.592386961147415	120.773121037770280	244.892421554035390	0	0	0	0	
1	[GPS]	0	31.592386277216860	120.773119468461800	244.915855526552010	0	0	0	0	
1	[GPS]	0	31.592385595352766	120.773117897998860	244.933216146778340	0	0	0	0	
1	[GPS]	0	31.592384691872141	120.773115802118340	244.974870176166150	0	0	0	0	
1	[GPS]	0	31.592384018018688	120.773114225362620	245.009935191276470	0	0	0	0	
1	[GPS]	0	31.592383344677810	120.773112649302660	245.025061276226100	0	0	0	0	
1	[GPS]	0	31.592382670360294	120.773111075526470	245.039270628754540	0	0	0	0	
1	[GPS]	0	31.592381994476920	120.773109504819470	245.040301952728410	0	0	0	0	
1	[GPS]	0	31.592381317127195	120.773107938119580	245.044599135952720	0	0	0	0	
1	[GPS]	0	31.592380635548619	120.773106376659310	245.056975023638780	0	0	0	0	
1	[GPS]	0	31.592379955265795	120.773104819435160	245.080122517273760	0	0	0	0	
1	[GPS]	0	31.592379052757693	120.773102744942730	245.115645898594720	0	0	0	0	
1	[GPS]	0	31.592378377179251	120.773101189912920	245.159935533693440	0	0	0	0	
1	[GPS]	0	31.592377703919890	120.773099633580430	245.205084605436950	0	0	0	0	
1	[GPS]	0	31.592377032142196	120.773098075705350	245.213621676109340	0	0	0	0	
1	[GPS]	0	31.592376364519563	120.773096518993820	245.225825676466400	0	0	0	0	
1	[GPS]	0	31.592375698603238	120.773094963290870	245.233675197822890	0	0	0	0	
1	[GPS]	0	31.592375034984684	120.773093408665030	245.226341338453320	0	0	0	0	
1	[GPS]	0	31.592374372980039	120.773091856833840	245.226627817334990	0	0	0	0	
1	[GPS]	0	31.592373491994415	120.773089789765990	245.252869282891400	0	0	0	0	
1	[GPS]	0	31.592372830142494	120.773088247575740	245.263984663498410	0	0	0	0	
1	[GPS]	0	31.592372170913901	120.773086713160270	245.295382748924110	0	0	0	0	
1	[GPS]	0	31.592371514481254	120.773085183905070	245.321395031375370	0	0	0	0	
1	[GPS]	0	31.592370858019777	120.773083654289120	245.356803821143590	0	0	0	0	
1	[GPS]	0	31.592370204394921	120.773082124424690	245.414787146783910	0	0	0	0	
1	[GPS]	0	31.592369552136198	120.773080593236020	245.421261569508540	0	0	0	0	
1	[GPS]	0	31.592368902012211	120.773079060158240	245.423782583666740	0	0	0	0	
1	[GPS]	0	31.592368038604324	120.773077018521870	245.412896386165130	0	0	0	0	
1	[GPS]	0	31.592367388369414	120.773075491110750	245.406479259216890	0	0	0	0	
1	[GPS]	0	31.592366742926313	120.773073967304460	245.417938414481680	0	0	0	0	
1	[GPS]	0	31.592366098421024	120.773072446372250	245.450367823881210	0	0	0	0	
1	[GPS]	0	31.592365453130814	120.773070929259760	245.484401515017880	0	0	0	0	
1	[GPS]	0	31.592364808322220	120.773069416099160	245.531727826261720	0	0	0	0	
1	[GPS]	0	31.592364161749614	120.773067904058380	245.569428447083170	0	0	0	0	
1	[GPS]	0	31.592363515977379	120.773066392836090	245.591258137862700	0	0	0	0	
1	[GPS]	0	31.592362662106375	120.773064368445450	245.617843378077140	0	0	0	0	
1	[GPS]	0	31.592362024867931	120.773062850987730	245.622140561301390	0	0	0	0	
1	[GPS]	0	31.592361390141402	120.773061333540350	245.632052730605580	0	0	0	0	
1	[GPS]	0	31.592360749279234	120.773059821758150	245.652621914306020	0	0	0	0	
1	[GPS]	0	31.592360110873940	120.773058312220930	245.669294985216340	0	0	0	0	
1	[GPS]	0	31.592359472519433	120.773056804486970	245.694275943693810	0	0	0	0	
1	[GPS]	0	31.592358835209776	120.773055300109420	245.720918479684490	0	0	0	0	
1	[GPS]	0	31.592358197279552	120.773053798449480	245.746586987477710	0	0	0	0	
1	[GPS]	0	31.592357350948049	120.773051799283540	245.763603833046150	0	0	0	0	
1	[GPS]	0	31.592356715775331	120.773050302491470	245.776724565824340	0	0	0	0	
1	[GPS]	0	31.592356083149173	120.773048806984220	245.788985861957800	0	0	0	0	
1	[GPS]	0	31.592355454664634	120.773047312526120	245.806231890631350	0	0	0	0	
1	[GPS]	0	31.592354834486287	120.773045814897830	245.828004285634590	0	0	0	0	
1	[GPS]	0	31.592354216470888	120.773044318915790	245.853214427217210	0	0	0	0	
1	[GPS]	0	31.592353599723005	120.773042825265020	245.868168624837890	0	0	0	0	
1	[GPS]	0	31.592352981951315	120.773041333647300	245.882435273142650	0	0	0	0	
1	[GPS]	0	31.592352155913069	120.773039349026040	245.892576625552040	0	0	0	0	
1	[GPS]	0	31.592351538897727	120.773037866445900	245.895613301697240	0	0	0	0	
1	[GPS]	0	31.592350918838562	120.773036382336710	245.912859330370880	0	0	0	0	
1	[GPS]	0	31.592350300091848	120.773034899966960	245.938298655058870	0	0	0	0	
1	[GPS]	0	31.592349682932451	120.773033418556390	245.969181078497630	0	0	0	0	
1	[GPS]	0	31.592349066981601	120.773031936338570	245.997886262436110	0	0	0	0	
1	[GPS]	0	31.592348452657838	120.773030453904610	246.006423333108390	0	0	0	0	
1	[GPS]	0	31.592347840002283	120.773028970988070	246.014330150241220	0	0	0	0	
1	[GPS]	0	31.592347029583689	120.773026999880510	246.027049812585120	0	0	0	0	
1	[GPS]	0	31.592346422921398	120.773025522928280	246.027622770348330	0	0	0	0	
1	[GPS]	0	31.592345818202510	120.773024047569590	246.035357700152190	0	0	0	0	
1	[GPS]	0	31.592345214388800	120.773022574910060	246.047447108956620	0	0	0	0	
1	[GPS]	0	31.592344611285906	120.773021104357440	246.062401306577190	0	0	0	0	
1	[GPS]	0	31.592344006570702	120.773019635511770	246.088871955239090	0	0	0	0	
1	[GPS]	0	31.592343401086040	120.773018169398630	246.115113420795580	0	0	0	0	
1	[GPS]	0	31.592342793532282	120.773016699414060	246.131614604376980	0	0	0	0	
1	[GPS]	0	31.592341984482740	120.773014743140450	246.146855280879240	0	0	0	0	
1	[GPS]	0	31.592341376914128	120.773013275257260	246.143990492063010	0	0	0	0	
1	[GPS]	0	31.592340772063725	120.773011808315180	246.143417534299800	0	0	0	0	
1	[GPS]	0	31.592340169364281	120.773010341353330	246.144792632931430	0	0	0	0	
1	[GPS]	0	31.592339568987004	120.773008875988350	246.149376295037510	0	0	0	0	
1	[GPS]	0	31.592338970856488	120.773007412153530	246.165476408184650	0	0	0	0	
1	[GPS]	0	31.592338373459100	120.773005949759180	246.186733141200900	0	0	0	0	
1	[GPS]	0	31.592337775482441	120.773004487151030	246.195957761189110	0	0	0	0	
1	[GPS]	0	31.592336975571474	120.773002533725520	246.209135789743750	0	0	0	0	
1	[GPS]	0	31.592336379026513	120.773001072090760	246.218876071718850	0	0	0	0	
1	[GPS]	0	31.592335782597434	120.772999610788800	246.229590381891460	0	0	0	0	
1	[GPS]	0	31.592335186529045	120.772998150454780	246.239846325853620	0	0	0	0	
1	[GPS]	0	31.592334590867239	120.772996690530140	246.252623283973890	0	0	0	0	
1	[GPS]	0	31.592333995150195	120.772995232688260	246.250216861368240	0	0	0	0	
1	[GPS]	0	31.592333399154661	120.772993776370740	246.251305481118380	0	0	0	0	
1	[GPS]	0	31.592332804213704	120.772992320874660	246.271473594384560	0	0	0	0	
1	[GPS]	0	31.592332015221999	120.772990383028230	246.280125256609490	0	0	0	0	
1	[GPS]	0	31.592331422787801	120.772988926783380	246.290381200571490	0	0	0	0	
1	[GPS]	0	31.592330832107862	120.772987471242940	246.301381989625810	0	0	0	0	
1	[GPS]	0	31.592330240759793	120.772986013236970	246.300522552980940	0	0	0	0	
1	[GPS]	0	31.592329649659195	120.772984556793630	246.295652411993360	0	0	0	0	
1	[GPS]	0	31.592329058817576	120.772983102044240	246.290037425913620	0	0	0	0	
1	[GPS]	0	31.592328467380653	120.772981648910400	246.296168073980370	0	0	0	0	
1	[GPS]	0	31.592327877550769	120.772980197679220	246.293990834480070	0	0	0	0	
1	[GPS]	0	31.592327091980195	120.772978264566500	246.304418665770980	0	0	0	0	
1	[GPS]	0	31.592326502515842	120.772976811368820	246.306252130613420	0	0	0	0	
1	[GPS]	0	31.592325913035442	120.772975359182310	246.289922834361020	0	0	0	0	
1	[GPS]	0	31.592325324656588	120.772973906747990	246.273937312766460	0	0	0	0	
1	[GPS]	0	31.592324736774152	120.772972454333190	246.268035847805120	0	0	0	0	
1	[GPS]	0	31.592324149407649	120.772971003459300	246.262993819488540	0	0	0	0	
1	[GPS]	0	31.592323559394057	120.772969554149630	246.248154213420630	0	0	0	0	
1	[GPS]	0	31.592322962777811	120.772968107339320	246.236523170826790	0	0	0	0	
1	[GPS]	0	31.592322161025010	120.772966179120710	246.216011282902540	0	0	0	0	
1	[GPS]	0	31.592321564004806	120.772964736019590	246.192348127280700	0	0	0	0	
1	[GPS]	0	31.592320967799097	120.772963293224830	246.187420690516770	0	0	0	0	
1	[GPS]	0	31.592320372877602	120.772961850233230	246.181461929779120	0	0	0	0	
1	[GPS]	0	31.592319779186614	120.772960406987660	246.169544408303610	0	0	0	0	
1	[GPS]	0	31.592319184257775	120.772958962659130	246.163184577131570	0	0	0	0	
1	[GPS]	0	31.592318590019818	120.772957518252920	246.150579506340310	0	0	0	0	
1	[GPS]	0	31.592317996589440	120.772956074855340	246.138891167970090	0	0	0	0	
1	[GPS]	0	31.592317207352821	120.772954152369140	246.117176068743330	0	0	0	0	
1	[GPS]	0	31.592316612459662	120.772952710828020	246.100961364043510	0	0	0	0	
1	[GPS]	0	31.592316017888404	120.772951270612340	246.078902490158580	0	0	0	0	
1	[GPS]	0	31.592315421779386	120.772949832135990	246.053463165470670	0	0	0	0	
1	[GPS]	0	31.592314824915558	120.772948393242810	246.031003221151540	0	0	0	0	
1	[GPS]	0	31.592314226592165	120.772946955645550	246.006194150003130	0	0	0	0	
1	[GPS]	0	31.592313629702396	120.772945519560690	245.997198713120240	0	0	0	0	
1	[GPS]	0	31.592313032876827	120.772944085121480	245.984077980341970	0	0	0	0	
1	[GPS]	0	31.592312239216955	120.772942174278300	245.971873979984880	0	0	0	0	
1	[GPS]	0	31.592311641318513	120.772940740026090	245.953195556903150	0	0	0	0	
1	[GPS]	0	31.592311043900093	120.772939307114850	245.920479668621970	0	0	0	0	
1	[GPS]	0	31.592310451625984	120.772937874171250	245.894639273499790	0	0	0	0	
1	[GPS]	0	31.592309859413415	120.772936441759750	245.867538371298280	0	0	0	0	
1	[GPS]	0	31.592309266959230	120.772935010628160	245.837629976056970	0	0	0	0	
1	[GPS]	0	31.592308674040424	120.772933580238340	245.806575665289300	0	0	0	0	
1	[GPS]	0	31.592308081121960	120.772932151852540	245.783829242088560	0	0	0	0	
1	[GPS]	0	31.592307288550614	120.772930247100650	245.742289804253490	0	0	0	0	
1	[GPS]	0	31.592306697166713	120.772928821179960	245.720001747263350	0	0	0	0	
1	[GPS]	0	31.592306105252192	120.772927396706280	245.708886366656460	0	0	0	0	
1	[GPS]	0	31.592305512522241	120.772925973533960	245.690666309785340	0	0	0	0	
1	[GPS]	0	31.592304918661714	120.772924550462930	245.674107830427630	0	0	0	0	
1	[GPS]	0	31.592304323149598	120.772923127367120	245.654684562253640	0	0	0	0	
1	[GPS]	0	31.592303727887195	120.772921704888390	245.615265068142610	0	0	0	0	
1	[GPS]	0	31.592303134394204	120.772920284592560	245.579627095268820	0	0	0	0	
1	[GPS]	0	31.592302345620013	120.772918393049640	245.545707995684890	0	0	0	0	
1	[GPS]	0	31.592301754102952	120.772916975506620	245.522675093602520	0	0	0	0	
1	[GPS]	0	31.592301163149660	120.772915558846120	245.507262529771310	0	0	0	0	
1	[GPS]	0	31.592300569342971	120.772914140179680	245.489271656005370	0	0	0	0	
1	[GPS]	0	31.592299976066190	120.772912723686430	245.465493908830780	0	0	0	0	
1	[GPS]	0	31.592299379453955	120.772911307040540	245.432778020549730	0	0	0	0	
1	[GPS]	0	31.592298782627267	120.772909892218150	245.399890244939540	0	0	0	0	
1	[GPS]	0	31.592298185466671	120.772908478936770	245.365627370697610	0	0	0	0	
1	[GPS]	0	31.592297388705852	120.772906598598680	245.323858749757190	0	0	0	0	
1	[GPS]	0	31.592296790899471	120.772905189083190	245.293721171410620	0	0	0	0	
1	[GPS]	0	31.592296194650245	120.772903781011120	245.266677564985630	0	0	0	0	
1	[GPS]	0	31.592295599230628	120.772902374326730	245.239576662784200	0	0	0	0	
1	[GPS]	0	31.592295000914675	120.772900967847700	245.223648436966020	0	0	0	0	
1	[GPS]	0	31.592294401679414	120.772899561259320	245.206058633634460	0	0	0	0	
1	[GPS]	0	31.592293801421526	120.772898154137650	245.179129618762060	0	0	0	0	
1	[GPS]	0	31.592293199134875	120.772896747585050	245.142001955703990	0	0	0	0	
1	[GPS]	0	31.592292392801120	120.772894871781740	245.088430404840810	0	0	0	0	
1	[GPS]	0	31.592291788752512	120.772893468244850	245.051188150229990	0	0	0	0	
1	[GPS]	0	31.592291184485024	120.772892066390240	245.014232374500810	0	0	0	0	
1	[GPS]	0	31.592290582006086	120.772890662911690	244.988907641365530	0	0	0	0	
1	[GPS]	0	31.592289979142318	120.772889261193270	244.965473668848940	0	0	0	0	
1	[GPS]	0	31.592289375159673	120.772887860346810	244.944732597819440	0	0	0	0	
1	[GPS]	0	31.592288770974701	120.772886460182120	244.911844822209300	0	0	0	0	
1	[GPS]	0	31.592288166878340	120.772885060456060	244.878097609954210	0	0	0	0	
1	[GPS]	0	31.592287363930307	120.772883194097160	244.842287749751650	0	0	0	0	
1	[GPS]	0	31.592286761075020	120.772881791960770	244.813926340471140	0	0	0	0	
1	[GPS]	0	31.592286158306568	120.772880389538490	244.783273100137710	0	0	0	0	
1	[GPS]	0	31.592285553090797	120.772878987103600	244.759724536068320	0	0	0	0	
1	[GPS]	0	31.592284946052740	120.772877585943150	244.731878788774760	0	0	0	0	
1	[GPS]	0	31.592284335540427	120.772876184248770	244.700595294901660	0	0	0	0	
1	[GPS]	0	31.592283722153720	120.772874782114230	244.680140702753990	0	0	0	0	
1	[GPS]	0	31.592283107410911	120.772873379142710	244.648742617328220	0	0	0	0	
1	[GPS]	0	31.592282288567517	120.772871505881880	244.613620306441480	0	0	0	0	
1	[GPS]	0	31.592281672669294	120.772870095544700	244.581878446357710	0	0	0	0	
1	[GPS]	0	31.592281056081770	120.772868683575810	244.553287853971970	0	0	0	0	
1	[GPS]	0	31.592280438678085	120.772867268921830	244.528077712389290	0	0	0	0	
1	[GPS]	0	31.592279819455698	120.772865851809200	244.502867570806590	0	0	0	0	
1	[GPS]	0	31.592279198882878	120.772864431903190	244.478975232079360	0	0	0	0	
1	[GPS]	0	31.592278575580139	120.772863009048560	244.450556527022460	0	0	0	0	
1	[GPS]	0	31.592277951619423	120.772861583468900	244.414345596385520	0	0	0	0	
1	[GPS]	0	31.592277119709454	120.772859674100540	244.378879510840820	0	0	0	0	
1	[GPS]	0	31.592276492921723	120.772858242359860	244.351148355099890	0	0	0	0	
1	[GPS]	0	31.592275864603661	120.772856808823620	244.331094833386400	0	0	0	0	
1	[GPS]	0	31.592275234510453	120.772855374439290	244.315338494897220	0	0	0	0	
1	[GPS]	0	31.592274600413131	120.772853935274850	244.290987789959500	0	0	0	0	
1	[GPS]	0	31.592273962880626	120.772852496559720	244.264517141297570	0	0	0	0	
1	[GPS]	0	31.592273324356981	120.772851057156290	244.243890661820840	0	0	0	0	
1	[GPS]	0	31.592272685016944	120.772849616731250	244.212377984842500	0	0	0	0	
1	[GPS]	0	31.592271833099176	120.772847696041820	244.175307617560660	0	0	0	0	
1	[GPS]	0	31.592271193028850	120.772846252046260	244.155712462057780	0	0	0	0	
1	[GPS]	0	31.592270552322702	120.772844808770030	244.129986658488180	0	0	0	0	
1	[GPS]	0	31.592269912031295	120.772843367531990	244.109130995906180	0	0	0	0	
1	[GPS]	0	31.592269269334270	120.772841927798780	244.084665699415610	0	0	0	0	
1	[GPS]	0	31.592268625773947	120.772840489780340	244.052522768897750	0	0	0	0	
1	[GPS]	0	31.592267982608288	120.772839051271600	244.023817584959200	0	0	0	0	
1	[GPS]	0	31.592267339931610	120.772837613547080	244.001644119521900	0	0	0	0	
1	[GPS]	0	31.592266483068986	120.772835697246730	243.971162766517300	0	0	0	0	
1	[GPS]	0	31.592265842140520	120.772834256802670	243.960849526778900	0	0	0	0	
1	[GPS]	0	31.592265199897898	120.772832816556910	243.953859442067370	0	0	0	0	
1	[GPS]	0	31.592264557772967	120.772831377663110	243.936097751406810	0	0	0	0	
1	[GPS]	0	31.592263914828028	120.772829939678500	243.922862427075930	0	0	0	0	
1	[GPS]	0	31.592263271289582	120.772828503678110	243.901491102507010	0	0	0	0	
1	[GPS]	0	31.592262626762036	120.772827070221710	243.879088453964240	0	0	0	0	
1	[GPS]	0	31.592261979074273	120.772825638244400	243.854164791263140	0	0	0	0	
1	[GPS]	0	31.592261108568849	120.772823720382750	243.823626142482280	0	0	0	0	
1	[GPS]	0	31.592260458348495	120.772822287906810	243.800421353070900	0	0	0	0	
1	[GPS]	0	31.592259810546256	120.772820859212770	243.785008789239610	0	0	0	0	
1	[GPS]	0	31.592259163303130	120.772819431229560	243.769195154974170	0	0	0	0	
1	[GPS]	0	31.592258516195418	120.772818004200030	243.753209633379730	0	0	0	0	
1	[GPS]	0	31.592257654511922	120.772816105380260	243.734359322968970	0	0	0	0	
1	[GPS]	0	31.592257008795361	120.772814681098720	243.713904730821210	0	0	0	0	
1	[GPS]	0	31.592256364702397	120.772813257274440	243.703075829096040	0	0	0	0	
1	[GPS]	0	31.592255721320857	120.772811834130240	243.690585349857260	0	0	0	0	
1	[GPS]	0	31.592255079325430	120.772810411648850	243.671735039446590	0	0	0	0	
1	[GPS]	0	31.592254436361916	120.772808990038840	243.662338532129410	0	0	0	0	
1	[GPS]	0	31.592253792532226	120.772807571438040	243.647155151403440	0	0	0	0	
1	[GPS]	0	31.592253147600736	120.772806155893860	243.630367488940440	0	0	0	0	
1	[GPS]	0	31.592252285831417	120.772804273462900	243.632544728440730	0	0	0	0	
1	[GPS]	0	31.592251636516590	120.772802864261680	243.633690643967210	0	0	0	0	
1	[GPS]	0	31.592250986435534	120.772801456868620	243.638102418744180	0	0	0	0	
1	[GPS]	0	31.592250336883620	120.772800049083740	243.653916053009850	0	0	0	0	
1	[GPS]	0	31.592249689134668	120.772798642425600	243.652369067049050	0	0	0	0	
1	[GPS]	0	31.592249043988051	120.772797235036510	243.648587545811610	0	0	0	0	
1	[GPS]	0	31.592248400183003	120.772795826571410	243.638904559612680	0	0	0	0	
1	[GPS]	0	31.592247760252022	120.772794420034760	243.638618080731190	0	0	0	0	
1	[GPS]	0	31.592246910169258	120.772792545063600	243.656379771391670	0	0	0	0	
1	[GPS]	0	31.592246274516995	120.772791142520860	243.668641067525040	0	0	0	0	
1	[GPS]	0	31.592245638806368	120.772789742010330	243.667323264669560	0	0	0	0	
1	[GPS]	0	31.592245003614693	120.772788344103990	243.664229292748130	0	0	0	0	
1	[GPS]	0	31.592244370188812	120.772786943884780	243.665489799827180	0	0	0	0	
1	[GPS]	0	31.592243736644679	120.772785546405660	243.664057405419040	0	0	0	0	
1	[GPS]	0	31.592243103052844	120.772784151523870	243.680959659434730	0	0	0	0	
1	[GPS]	0	31.592242469113540	120.772782759373840	243.694538758423730	0	0	0	0	
1	[GPS]	0	31.592241624692917	120.772780910035950	243.694939828857940	0	0	0	0	
1	[GPS]	0	31.592240991861541	120.772779522810080	243.695054420410490	0	0	0	0	
1	[GPS]	0	31.592240361543247	120.772778137572120	243.697690026121530	0	0	0	0	
1	[GPS]	0	31.592239733277328	120.772776750567020	243.699867265621780	0	0	0	0	
1	[GPS]	0	31.592239106920925	120.772775364512100	243.705654139030510	0	0	0	0	
1	[GPS]	0	31.592238481752304	120.772773980312420	243.712701519518450	0	0	0	0	
1	[GPS]	0	31.592237858702429	120.772772596985650	243.711039942004960	0	0	0	0	
1	[GPS]	0	31.592237235632890	120.772771216514470	243.708003265859840	0	0	0	0	
1	[GPS]	0	31.592236402345627	120.772769380655750	243.707659491201890	0	0	0	0	
1	[GPS]	0	31.592235777768664	120.772768005682780	243.715852787216280	0	0	0	0	
1	[GPS]	0	31.592235153002267	120.772766632824910	243.725421181862490	0	0	0	0	
1	[GPS]	0	31.592234529528962	120.772765262340300	243.744042309167840	0	0	0	0	
1	[GPS]	0	31.592233907160434	120.772763893745180	243.762434253367990	0	0	0	0	
1	[GPS]	0	31.592233284727918	120.772762526584640	243.765871999947450	0	0	0	0	
1	[GPS]	0	31.592232663796707	120.772761161164810	243.768049239447720	0	0	0	0	
1	[GPS]	0	31.592232041380488	120.772759799520610	243.770742140934940	0	0	0	0	
1	[GPS]	0	31.592231211607054	120.772757983419500	243.769367042303120	0	0	0	0	
1	[GPS]	0	31.592230593752610	120.772756624471260	243.770226478948020	0	0	0	0	
1	[GPS]	0	31.592229976527292	120.772755266608810	243.774695549501330	0	0	0	0	
1	[GPS]	0	31.592229359684779	120.772753910981420	243.773091267764160	0	0	0	0	
1	[GPS]	0	31.592228742310326	120.772752558190970	243.770054591619100	0	0	0	0	
1	[GPS]	0	31.592228121964062	120.772751205960520	243.770341070500680	0	0	0	0	
1	[GPS]	0	31.592227502213753	120.772749857170720	243.769997295842700	0	0	0	0	
1	[GPS]	0	31.592226883721754	120.772748511004390	243.781857521541840	0	0	0	0	
1	[GPS]	0	31.592226064362105	120.772746719806660	243.803744508097680	0	0	0	0	
1	[GPS]	0	31.592225449847344	120.772745373953240	243.818011156402460	0	0	0	0	
1	[GPS]	0	31.592224837682455	120.772744027825790	243.819730029692180	0	0	0	0	
1	[GPS]	0	31.592224225769012	120.772742681488950	243.818526818389470	0	0	0	0	
1	[GPS]	0	31.592223616343730	120.772741336185310	243.817094423981270	0	0	0	0	
1	[GPS]	0	31.592223009735644	120.772739993412270	243.811823212559460	0	0	0	0	
1	[GPS]	0	31.592222401994292	120.772738653405430	243.811479437901480	0	0	0	0	
1	[GPS]	0	31.592221795684694	120.772737318410990	243.808385465979910	0	0	0	0	
1	[GPS]	0	31.592220988562133	120.772735545265280	243.814458818270340	0	0	0	0	
1	[GPS]	0	31.592220381191421	120.772734218715310	243.818412226836780	0	0	0	0	
1	[GPS]	0	31.592219774052367	120.772732894076340	243.828496283469780	0	0	0	0	
1	[GPS]	0	31.592219164811272	120.772731567894980	243.843679664195750	0	0	0	0	
1	[GPS]	0	31.592218556635103	120.772730241975760	243.851185410894260	0	0	0	0	
1	[GPS]	0	31.592217948875252	120.772728916279230	243.854336678592090	0	0	0	0	
1	[GPS]	0	31.592217342538959	120.772727591015030	243.850555157354650	0	0	0	0	
1	[GPS]	0	31.592216737419456	120.772726267623920	243.846601748788340	0	0	0	0	
1	[GPS]	0	31.592215929989930	120.772724502788550	243.842820227550820	0	0	0	0	
1	[GPS]	0	31.592215331767267	120.772723181478710	243.845914199472390	0	0	0	0	
1	[GPS]	0	31.592214735267760	120.772721861191770	243.853190763065580	0	0	0	0	
1	[GPS]	0	31.592214140572224	120.772720541023180	243.863962369014560	0	0	0	0	
1	[GPS]	0	31.592213546552731	120.772719220099730	243.882297017438330	0	0	0	0	
1	[GPS]	0	31.592212951825463	120.772717897043620	243.915242088824780	0	0	0	0	
1	[GPS]	0	31.592212354338251	120.772716571574750	243.922977018628500	0	0	0	0	
1	[GPS]	0	31.592211753758601	120.772715245522250	243.925612624339520	0	0	0	0	
1	[GPS]	0	31.592210950005512	120.772713479421270	243.945093188289750	0	0	0	0	
1	[GPS]	0	31.592210342944387	120.772712151537120	243.952942709646150	0	0	0	0	
1	[GPS]	0	31.592209735641191	120.772710821300660	243.950478991264250	0	0	0	0	
1	[GPS]	0	31.592209128047035	120.772709487655130	243.953229188527870	0	0	0	0	
1	[GPS]	0	31.592208522569607	120.772708150883900	243.937759328920210	0	0	0	0	
1	[GPS]	0	31.592207918366583	120.772706809582290	243.938160399354440	0	0	0	0	
1	[GPS]	0	31.592207314853368	120.772705465511210	243.952656230764520	0	0	0	0	
1	[GPS]	0	31.592206711613390	120.772704118501120	243.976720456820660	0	0	0	0	
1	[GPS]	0	31.592205906297806	120.772702321643450	244.009780119759880	0	0	0	0	
1	[GPS]	0	31.592205296302566	120.772700972356660	244.028057472407280	0	0	0	0	
1	[GPS]	0	31.592204682890561	120.772699623522740	244.043756515120180	0	0	0	0	
1	[GPS]	0	31.592204066220216	120.772698274654840	244.039287444566870	0	0	0	0	
1	[GPS]	0	31.592203452393012	120.772696923530890	244.025708345577950	0	0	0	0	
1	[GPS]	0	31.592202838751458	120.772695568394040	244.017515049563570	0	0	0	0	
1	[GPS]	0	31.592202227007643	120.772694209237200	244.014077302984160	0	0	0	0	
1	[GPS]	0	31.592201618046143	120.772692846604660	244.028343951288920	0	0	0	0	
1	[GPS]	0	31.592200809639785	120.772691022973430	244.071315783532040	0	0	0	0	
1	[GPS]	0	31.592200207667926	120.772689652051450	244.093202770087970	0	0	0	0	
1	[GPS]	0	31.592199603769899	120.772688280525660	244.114230319999050	0	0	0	0	
1	[GPS]	0	31.592198998454943	120.772686909844210	244.115720010183370	0	0	0	0	
1	[GPS]	0	31.592198392065864	120.772685541005050	244.108443446590290	0	0	0	0	
1	[GPS]	0	31.592197784668652	120.772684172669490	244.101969023865680	0	0	0	0	
1	[GPS]	0	31.592197177302712	120.772682804086910	244.107182939511150	0	0	0	0	
1	[GPS]	0	31.592196570311753	120.772681434666380	244.125918658369160	0	0	0	0	
1	[GPS]	0	31.592195761734708	120.772679607263030	244.147461870267080	0	0	0	0	
1	[GPS]	0	31.592195157210242	120.772678232760880	244.165108969374870	0	0	0	0	
1	[GPS]	0	31.592194551095936	120.772676858964970	244.182068519166930	0	0	0	0	
1	[GPS]	0	31.592193943923785	120.772675485964900	244.191636913813110	0	0	0	0	
1	[GPS]	0	31.592193335424319	120.772674111912790	244.194387111076620	0	0	0	0	
1	[GPS]	0	31.592192727936169	120.772672738018900	244.191866096918430	0	0	0	0	
1	[GPS]	0	31.592192122790379	120.772671361937370	244.190261815181290	0	0	0	0	
1	[GPS]	0	31.592191519609891	120.772669982911350	244.187339730588830	0	0	0	0	
1	[GPS]	0	31.592190720073589	120.772668145373020	244.211690435526580	0	0	0	0	
1	[GPS]	0	31.592190124280140	120.772666765951360	244.232832576990260	0	0	0	0	
1	[GPS]	0	31.592189527442564	120.772665386747420	244.249906718334960	0	0	0	0	
1	[GPS]	0	31.592188927494874	120.772664008284140	244.269902944272080	0	0	0	0	
1	[GPS]	0	31.592188324119519	120.772662631317420	244.276090888115050	0	0	0	0	
1	[GPS]	0	31.592187718647065	120.772661256813450	244.275231451470230	0	0	0	0	
1	[GPS]	0	31.592187113551116	120.772659880331150	244.282737198168750	0	0	0	0	
1	[GPS]	0	31.592186311722656	120.772658041148530	244.287435451827290	0	0	0	0	
1	[GPS]	0	31.592185706210472	120.772656665334470	244.296144409828570	0	0	0	0	
1	[GPS]	0	31.592185102595955	120.772655288400930	244.310181875028040	0	0	0	0	
1	[GPS]	0	31.592184500803828	120.772653910299310	244.324162044451210	0	0	0	0	
1	[GPS]	0	31.592183902759544	120.772652526838740	244.333157481334180	0	0	0	0	
1	[GPS]	0	31.592183304361100	120.772651142646690	244.337798439216360	0	0	0	0	
1	[GPS]	0	31.592182705160962	120.772649758889570	244.341751847782630	0	0	0	0	
1	[GPS]	0	31.592182105994628	120.772648376066930	244.340376749150980	0	0	0	0	
1	[GPS]	0	31.592181304399126	120.772646535941620	244.336136861703010	0	0	0	0	
1	[GPS]	0	31.592180706658596	120.772645154112420	244.343241537967150	0	0	0	0	
1	[GPS]	0	31.592180108396295	120.772643773009380	244.355159059442680	0	0	0	0	
1	[GPS]	0	31.592179504852428	120.772642387799340	244.377848186867030	0	0	0	0	
1	[GPS]	0	31.592178899315538	120.772641003344390	244.400709201620370	0	0	0	0	
9	[GPS]	0	31.592178293762540	120.772639618282570	244.416580131662270	0	0	0	0	
